second	tx	tx_get	tx_put	tx_del	rx	rx_getSucc	rx_putSucc	rx_delSucc
2	49999040.00	0.00	0.00	0.00	35066436.00	35066280.00	0.00	0.00	
3	49999552.00	0.00	0.00	0.00	37557108.00	37557092.00	0.00	0.00	
4	50001720.00	0.00	0.00	0.00	38857240.00	38857164.00	0.00	0.00	
5	49997436.00	0.00	0.00	0.00	39799512.00	39799464.00	0.00	0.00	
6	49998660.00	0.00	0.00	0.00	40544688.00	40544740.00	0.00	0.00	
7	50000364.00	0.00	0.00	0.00	41147516.00	41147476.00	0.00	0.00	
8	49999812.00	0.00	0.00	0.00	41663548.00	41663528.00	0.00	0.00	
9	49998972.00	0.00	0.00	0.00	42109080.00	42109128.00	0.00	0.00	
10	49999588.00	0.00	0.00	0.00	42497928.00	42497892.00	0.00	0.00	
11	49999816.00	0.00	0.00	0.00	42818164.00	42818160.00	0.00	0.00	
12	50000616.00	0.00	0.00	0.00	43083764.00	43083744.00	0.00	0.00	
13	49999384.00	0.00	0.00	0.00	43298824.00	43298824.00	0.00	0.00	
14	50000168.00	0.00	0.00	0.00	43479352.00	43479336.00	0.00	0.00	
15	49999980.00	0.00	0.00	0.00	43625840.00	43625852.00	0.00	0.00	
16	49996048.00	0.00	0.00	0.00	43757644.00	43757636.00	0.00	0.00	
17	50001328.00	0.00	0.00	0.00	43890188.00	43890220.00	0.00	0.00	
18	50000720.00	0.00	0.00	0.00	44004068.00	44004008.00	0.00	0.00	
19	50000344.00	0.00	0.00	0.00	44093408.00	44093420.00	0.00	0.00	
20	49998504.00	0.00	0.00	0.00	44169568.00	44169608.00	0.00	0.00	
21	50000296.00	0.00	0.00	0.00	44233196.00	44233176.00	0.00	0.00	
22	49999988.00	0.00	0.00	0.00	44285380.00	44285344.00	0.00	0.00	
23	49999168.00	0.00	0.00	0.00	44328552.00	44328576.00	0.00	0.00	
24	50000832.00	0.00	0.00	0.00	44367968.00	44367992.00	0.00	0.00	
25	49999800.00	0.00	0.00	0.00	44406240.00	44406208.00	0.00	0.00	
26	50000248.00	0.00	0.00	0.00	44433152.00	44433184.00	0.00	0.00	
27	50000096.00	0.00	0.00	0.00	44459584.00	44459584.00	0.00	0.00	
28	49999752.00	0.00	0.00	0.00	44478220.00	44478192.00	0.00	0.00	
29	50000268.00	0.00	0.00	0.00	44501064.00	44501120.00	0.00	0.00	
30	49999760.00	0.00	0.00	0.00	44512268.00	44512264.00	0.00	0.00	
31	49999228.00	0.00	0.00	0.00	44535392.00	44535368.00	0.00	0.00	
32	49997708.00	0.00	0.00	0.00	44560188.00	44560212.00	0.00	0.00	
33	50000436.00	0.00	0.00	0.00	44594328.00	44594328.00	0.00	0.00	
34	49998908.00	0.00	0.00	0.00	44617472.00	44617448.00	0.00	0.00	
35	50001344.00	0.00	0.00	0.00	44644348.00	44644348.00	0.00	0.00	
36	49999856.00	0.00	0.00	0.00	44666088.00	44666072.00	0.00	0.00	
37	49998872.00	0.00	0.00	0.00	44683528.00	44683544.00	0.00	0.00	
38	50001040.00	0.00	0.00	0.00	44701880.00	44701860.00	0.00	0.00	
39	49998896.00	0.00	0.00	0.00	44719364.00	44719380.00	0.00	0.00	
40	50001696.00	0.00	0.00	0.00	44734384.00	44734352.00	0.00	0.00	
41	50002120.00	0.00	0.00	0.00	27619620.00	27619676.00	0.00	0.00	
42	49999140.00	0.00	0.00	0.00	36794976.00	36794968.00	0.00	0.00	
43	49999996.00	0.00	0.00	0.00	38836248.00	38836248.00	0.00	0.00	
44	50000044.00	0.00	0.00	0.00	40019516.00	40019520.00	0.00	0.00	
45	50000084.00	0.00	0.00	0.00	40865408.00	40865376.00	0.00	0.00	
46	49999436.00	0.00	0.00	0.00	41524860.00	41524840.00	0.00	0.00	
47	49999092.00	0.00	0.00	0.00	42064816.00	42064832.00	0.00	0.00	
48	49999952.00	0.00	0.00	0.00	42516696.00	42516712.00	0.00	0.00	
49	50000856.00	0.00	0.00	0.00	42888968.00	42888960.00	0.00	0.00	
50	50000172.00	0.00	0.00	0.00	43204932.00	43204944.00	0.00	0.00	
51	49999916.00	0.00	0.00	0.00	43479096.00	43479072.00	0.00	0.00	
52	49999000.00	0.00	0.00	0.00	43717384.00	43717372.00	0.00	0.00	
53	50000904.00	0.00	0.00	0.00	43917324.00	43917356.00	0.00	0.00	
54	50000016.00	0.00	0.00	0.00	44079884.00	44079852.00	0.00	0.00	
55	49999940.00	0.00	0.00	0.00	44214596.00	44214604.00	0.00	0.00	
56	49997180.00	0.00	0.00	0.00	44315692.00	44315708.00	0.00	0.00	
57	49999068.00	0.00	0.00	0.00	44395500.00	44395496.00	0.00	0.00	
58	50000332.00	0.00	0.00	0.00	44458056.00	44458024.00	0.00	0.00	
59	49999732.00	0.00	0.00	0.00	44512272.00	44512312.00	0.00	0.00	
60	50000524.00	0.00	0.00	0.00	44561884.00	44561848.00	0.00	0.00	
61	50001048.00	0.00	0.00	0.00	44600992.00	44600968.00	0.00	0.00	
62	49998172.00	0.00	0.00	0.00	44640760.00	44640776.00	0.00	0.00	
63	50000096.00	0.00	0.00	0.00	44679728.00	44679792.00	0.00	0.00	
64	50001568.00	0.00	0.00	0.00	44709580.00	44709580.00	0.00	0.00	
65	49998568.00	0.00	0.00	0.00	44740704.00	44740696.00	0.00	0.00	
66	50001044.00	0.00	0.00	0.00	44768168.00	44768144.00	0.00	0.00	
67	49999500.00	0.00	0.00	0.00	44783592.00	44783632.00	0.00	0.00	
68	49999452.00	0.00	0.00	0.00	44802648.00	44802624.00	0.00	0.00	
69	49999760.00	0.00	0.00	0.00	44819896.00	44819880.00	0.00	0.00	
70	50000104.00	0.00	0.00	0.00	44842736.00	44842760.00	0.00	0.00	
71	50000472.00	0.00	0.00	0.00	44862524.00	44862504.00	0.00	0.00	
72	49999684.00	0.00	0.00	0.00	44879408.00	44879376.00	0.00	0.00	
73	49999296.00	0.00	0.00	0.00	44902408.00	44902448.00	0.00	0.00	
74	49998784.00	0.00	0.00	0.00	44927112.00	44927096.00	0.00	0.00	
75	50001096.00	0.00	0.00	0.00	44940816.00	44940844.00	0.00	0.00	
76	49998560.00	0.00	0.00	0.00	44958056.00	44958080.00	0.00	0.00	
77	50001440.00	0.00	0.00	0.00	44973968.00	44973968.00	0.00	0.00	
78	49999752.00	0.00	0.00	0.00	44994200.00	44994208.00	0.00	0.00	
79	50000264.00	0.00	0.00	0.00	44999252.00	44999204.00	0.00	0.00	
80	50000060.00	0.00	0.00	0.00	45014348.00	45014372.00	0.00	0.00	
81	49999800.00	0.00	0.00	0.00	30275060.00	30275084.00	0.00	0.00	
82	50000412.00	0.00	0.00	0.00	37245916.00	37245916.00	0.00	0.00	
83	49999832.00	0.00	0.00	0.00	39040832.00	39040800.00	0.00	0.00	
84	49999648.00	0.00	0.00	0.00	40184768.00	40184780.00	0.00	0.00	
85	50000728.00	0.00	0.00	0.00	41019728.00	41019744.00	0.00	0.00	
86	49998472.00	0.00	0.00	0.00	41667828.00	41667792.00	0.00	0.00	
87	50001336.00	0.00	0.00	0.00	42200304.00	42200344.00	0.00	0.00	
88	49999848.00	0.00	0.00	0.00	42655584.00	42655536.00	0.00	0.00	
89	50000296.00	0.00	0.00	0.00	43036468.00	43036488.00	0.00	0.00	
90	49998028.00	0.00	0.00	0.00	43359008.00	43358968.00	0.00	0.00	
91	50001340.00	0.00	0.00	0.00	43638056.00	43638080.00	0.00	0.00	
92	49999956.00	0.00	0.00	0.00	43879164.00	43879192.00	0.00	0.00	
93	49999852.00	0.00	0.00	0.00	44076944.00	44076924.00	0.00	0.00	
94	50000204.00	0.00	0.00	0.00	44240368.00	44240368.00	0.00	0.00	
95	49998964.00	0.00	0.00	0.00	44372344.00	44372336.00	0.00	0.00	
96	49999776.00	0.00	0.00	0.00	44482288.00	44482264.00	0.00	0.00	
97	50001232.00	0.00	0.00	0.00	44565556.00	44565572.00	0.00	0.00	
98	49999948.00	0.00	0.00	0.00	44625556.00	44625568.00	0.00	0.00	
99	49999464.00	0.00	0.00	0.00	44677936.00	44677916.00	0.00	0.00	
100	50000744.00	0.00	0.00	0.00	44721632.00	44721656.00	0.00	0.00	
101	50000216.00	0.00	0.00	0.00	44759764.00	44759736.00	0.00	0.00	
102	49999924.00	0.00	0.00	0.00	44789632.00	44789652.00	0.00	0.00	
103	50000160.00	0.00	0.00	0.00	44813792.00	44813784.00	0.00	0.00	
104	49987696.00	0.00	0.00	0.00	44845008.00	44845028.00	0.00	0.00	
105	49999812.00	0.00	0.00	0.00	44903588.00	44903592.00	0.00	0.00	
106	49998140.00	0.00	0.00	0.00	44946472.00	44946432.00	0.00	0.00	
107	50001808.00	0.00	0.00	0.00	44979616.00	44979636.00	0.00	0.00	
108	50000008.00	0.00	0.00	0.00	45001388.00	45001408.00	0.00	0.00	
109	49999708.00	0.00	0.00	0.00	45017864.00	45017864.00	0.00	0.00	
110	50000256.00	0.00	0.00	0.00	45039140.00	45039100.00	0.00	0.00	
111	50000164.00	0.00	0.00	0.00	45058052.00	45058076.00	0.00	0.00	
112	49998088.00	0.00	0.00	0.00	45070428.00	45070400.00	0.00	0.00	
113	50001744.00	0.00	0.00	0.00	45085348.00	45085352.00	0.00	0.00	
114	49999972.00	0.00	0.00	0.00	45099348.00	45099376.00	0.00	0.00	
115	49999640.00	0.00	0.00	0.00	45112752.00	45112744.00	0.00	0.00	
116	50000372.00	0.00	0.00	0.00	45127636.00	45127584.00	0.00	0.00	
117	49999724.00	0.00	0.00	0.00	45143864.00	45143912.00	0.00	0.00	
118	50000232.00	0.00	0.00	0.00	45155812.00	45155820.00	0.00	0.00	
119	49999740.00	0.00	0.00	0.00	45164596.00	45164572.00	0.00	0.00	
120	50000128.00	0.00	0.00	0.00	45174628.00	45174612.00	0.00	0.00	
121	50000944.00	0.00	0.00	0.00	30803780.00	30803784.00	0.00	0.00	
122	49999644.00	0.00	0.00	0.00	37152824.00	37152848.00	0.00	0.00	
123	49998372.00	0.00	0.00	0.00	39004000.00	39003992.00	0.00	0.00	
124	50001504.00	0.00	0.00	0.00	40180472.00	40180500.00	0.00	0.00	
125	49999940.00	0.00	0.00	0.00	41026276.00	41026264.00	0.00	0.00	
126	49999860.00	0.00	0.00	0.00	41684300.00	41684248.00	0.00	0.00	
127	50000116.00	0.00	0.00	0.00	42228440.00	42228500.00	0.00	0.00	
128	49998616.00	0.00	0.00	0.00	42679496.00	42679468.00	0.00	0.00	
129	50001240.00	0.00	0.00	0.00	43063700.00	43063728.00	0.00	0.00	
130	49998176.00	0.00	0.00	0.00	43385432.00	43385428.00	0.00	0.00	
131	50002136.00	0.00	0.00	0.00	43665084.00	43665080.00	0.00	0.00	
132	49997948.00	0.00	0.00	0.00	43909344.00	43909364.00	0.00	0.00	
133	50001600.00	0.00	0.00	0.00	44111616.00	44111560.00	0.00	0.00	
134	49998900.00	0.00	0.00	0.00	44278584.00	44278604.00	0.00	0.00	
135	50001488.00	0.00	0.00	0.00	44410680.00	44410712.00	0.00	0.00	
136	49998224.00	0.00	0.00	0.00	44532388.00	44532340.00	0.00	0.00	
137	49999080.00	0.00	0.00	0.00	44642664.00	44642720.00	0.00	0.00	
138	49998356.00	0.00	0.00	0.00	44725820.00	44725772.00	0.00	0.00	
139	50001964.00	0.00	0.00	0.00	44796984.00	44797012.00	0.00	0.00	
140	49999600.00	0.00	0.00	0.00	44855516.00	44855504.00	0.00	0.00	
141	50000032.00	0.00	0.00	0.00	44898280.00	44898272.00	0.00	0.00	
142	49999952.00	0.00	0.00	0.00	44937424.00	44937440.00	0.00	0.00	
143	49998780.00	0.00	0.00	0.00	44973496.00	44973440.00	0.00	0.00	
144	50001552.00	0.00	0.00	0.00	44998520.00	44998544.00	0.00	0.00	
145	49999664.00	0.00	0.00	0.00	45016608.00	45016640.00	0.00	0.00	
146	50000088.00	0.00	0.00	0.00	45034336.00	45034316.00	0.00	0.00	
147	49999144.00	0.00	0.00	0.00	45055944.00	45055988.00	0.00	0.00	
148	49999280.00	0.00	0.00	0.00	45071744.00	45071720.00	0.00	0.00	
149	50001796.00	0.00	0.00	0.00	45084296.00	45084292.00	0.00	0.00	
150	49999732.00	0.00	0.00	0.00	45100640.00	45100628.00	0.00	0.00	
151	50000032.00	0.00	0.00	0.00	45113864.00	45113880.00	0.00	0.00	
152	49998820.00	0.00	0.00	0.00	45126984.00	45126960.00	0.00	0.00	
153	50000928.00	0.00	0.00	0.00	45138684.00	45138692.00	0.00	0.00	
154	50000208.00	0.00	0.00	0.00	45147444.00	45147444.00	0.00	0.00	
155	50000104.00	0.00	0.00	0.00	45157332.00	45157356.00	0.00	0.00	
156	50000028.00	0.00	0.00	0.00	45170416.00	45170432.00	0.00	0.00	
157	49998484.00	0.00	0.00	0.00	45183840.00	45183840.00	0.00	0.00	
158	50001620.00	0.00	0.00	0.00	45192400.00	45192384.00	0.00	0.00	
159	49999628.00	0.00	0.00	0.00	45202568.00	45202540.00	0.00	0.00	
160	0.00	0.00	0.00	0.00	0.00	0.00	0.00	0.00	
