second	tx	tx_get	tx_put	tx_del	rx	rx_getSucc	rx_putSucc	rx_delSucc
2	49999824.00	0.00	0.00	0.00	41122432.00	41122424.00	0.00	0.00	
3	49999352.00	0.00	0.00	0.00	43174760.00	43174704.00	0.00	0.00	
4	50001336.00	0.00	0.00	0.00	44385340.00	44385320.00	0.00	0.00	
5	49997416.00	0.00	0.00	0.00	45036800.00	45036808.00	0.00	0.00	
6	49999888.00	0.00	0.00	0.00	45558728.00	45558668.00	0.00	0.00	
7	49998636.00	0.00	0.00	0.00	45765616.00	45765640.00	0.00	0.00	
8	50000764.00	0.00	0.00	0.00	45995344.00	45995340.00	0.00	0.00	
9	49997688.00	0.00	0.00	0.00	46187208.00	46187192.00	0.00	0.00	
10	50001760.00	0.00	0.00	0.00	46618768.00	46618760.00	0.00	0.00	
11	49997936.00	0.00	0.00	0.00	46499076.00	46499084.00	0.00	0.00	
12	50000952.00	0.00	0.00	0.00	46563836.00	46563788.00	0.00	0.00	
13	50000040.00	0.00	0.00	0.00	46698352.00	46698360.00	0.00	0.00	
14	49999036.00	0.00	0.00	0.00	46463388.00	46463440.00	0.00	0.00	
15	49999744.00	0.00	0.00	0.00	46806648.00	46806672.00	0.00	0.00	
16	50000480.00	0.00	0.00	0.00	46520464.00	46520400.00	0.00	0.00	
17	50000440.00	0.00	0.00	0.00	46719036.00	46719080.00	0.00	0.00	
18	49997804.00	0.00	0.00	0.00	46649080.00	46649080.00	0.00	0.00	
19	50000132.00	0.00	0.00	0.00	46613120.00	46613096.00	0.00	0.00	
20	50000544.00	0.00	0.00	0.00	46776896.00	46776880.00	0.00	0.00	
21	49999312.00	0.00	0.00	0.00	46539272.00	46539320.00	0.00	0.00	
22	50000904.00	0.00	0.00	0.00	46902700.00	46902712.00	0.00	0.00	
23	49998932.00	0.00	0.00	0.00	46545256.00	46545240.00	0.00	0.00	
24	49992260.00	0.00	0.00	0.00	46905560.00	46905536.00	0.00	0.00	
25	49999552.00	0.00	0.00	0.00	46557272.00	46557280.00	0.00	0.00	
26	50001436.00	0.00	0.00	0.00	46856704.00	46856720.00	0.00	0.00	
27	50000304.00	0.00	0.00	0.00	46637840.00	46637832.00	0.00	0.00	
28	49999792.00	0.00	0.00	0.00	46795964.00	46795952.00	0.00	0.00	
29	49999348.00	0.00	0.00	0.00	46707480.00	46707472.00	0.00	0.00	
30	50000688.00	0.00	0.00	0.00	46781696.00	46781728.00	0.00	0.00	
31	49998568.00	0.00	0.00	0.00	46718940.00	46718940.00	0.00	0.00	
32	50001088.00	0.00	0.00	0.00	46686672.00	46686688.00	0.00	0.00	
33	49999920.00	0.00	0.00	0.00	46817428.00	46817368.00	0.00	0.00	
34	49999696.00	0.00	0.00	0.00	46616904.00	46616912.00	0.00	0.00	
35	49999904.00	0.00	0.00	0.00	46909776.00	46909824.00	0.00	0.00	
36	49999800.00	0.00	0.00	0.00	46575184.00	46575168.00	0.00	0.00	
37	50000596.00	0.00	0.00	0.00	46944744.00	46944740.00	0.00	0.00	
38	50000724.00	0.00	0.00	0.00	46582976.00	46582968.00	0.00	0.00	
39	49999636.00	0.00	0.00	0.00	46908156.00	46908172.00	0.00	0.00	
40	50001868.00	0.00	0.00	0.00	46609228.00	46609204.00	0.00	0.00	
41	50001308.00	0.00	0.00	0.00	31879036.00	31879048.00	0.00	0.00	
42	49998288.00	0.00	0.00	0.00	42264992.00	42264956.00	0.00	0.00	
43	50000440.00	0.00	0.00	0.00	44303876.00	44303904.00	0.00	0.00	
44	49999344.00	0.00	0.00	0.00	45137516.00	45137508.00	0.00	0.00	
45	50000760.00	0.00	0.00	0.00	45664392.00	45664364.00	0.00	0.00	
46	49998764.00	0.00	0.00	0.00	46057256.00	46057280.00	0.00	0.00	
47	50000964.00	0.00	0.00	0.00	46030108.00	46030072.00	0.00	0.00	
48	49999656.00	0.00	0.00	0.00	46516176.00	46516232.00	0.00	0.00	
49	50000200.00	0.00	0.00	0.00	46228944.00	46228944.00	0.00	0.00	
50	49998512.00	0.00	0.00	0.00	46636304.00	46636272.00	0.00	0.00	
51	50001392.00	0.00	0.00	0.00	46292180.00	46292204.00	0.00	0.00	
52	49999320.00	0.00	0.00	0.00	46621952.00	46621912.00	0.00	0.00	
53	49998820.00	0.00	0.00	0.00	46399112.00	46399104.00	0.00	0.00	
54	50002284.00	0.00	0.00	0.00	46569944.00	46570000.00	0.00	0.00	
55	49999756.00	0.00	0.00	0.00	46527452.00	46527440.00	0.00	0.00	
56	50000172.00	0.00	0.00	0.00	46524592.00	46524576.00	0.00	0.00	
57	49998736.00	0.00	0.00	0.00	46615004.00	46615028.00	0.00	0.00	
58	50001676.00	0.00	0.00	0.00	46444092.00	46444072.00	0.00	0.00	
59	49999004.00	0.00	0.00	0.00	46694512.00	46694536.00	0.00	0.00	
60	49999892.00	0.00	0.00	0.00	46394224.00	46394240.00	0.00	0.00	
61	50000280.00	0.00	0.00	0.00	46766300.00	46766304.00	0.00	0.00	
62	49998624.00	0.00	0.00	0.00	46406288.00	46406256.00	0.00	0.00	
63	50001280.00	0.00	0.00	0.00	46775228.00	46775240.00	0.00	0.00	
64	49999964.00	0.00	0.00	0.00	46423860.00	46423888.00	0.00	0.00	
65	50000244.00	0.00	0.00	0.00	46779308.00	46779300.00	0.00	0.00	
66	49999940.00	0.00	0.00	0.00	46450928.00	46450904.00	0.00	0.00	
67	50000364.00	0.00	0.00	0.00	46705824.00	46705824.00	0.00	0.00	
68	49999476.00	0.00	0.00	0.00	46523464.00	46523460.00	0.00	0.00	
69	49999368.00	0.00	0.00	0.00	46638532.00	46638528.00	0.00	0.00	
70	49999096.00	0.00	0.00	0.00	46597324.00	46597348.00	0.00	0.00	
71	50002120.00	0.00	0.00	0.00	46566868.00	46566876.00	0.00	0.00	
72	49998456.00	0.00	0.00	0.00	46679032.00	46679028.00	0.00	0.00	
73	50001644.00	0.00	0.00	0.00	46499496.00	46499488.00	0.00	0.00	
74	49998244.00	0.00	0.00	0.00	46743472.00	46743484.00	0.00	0.00	
75	50001444.00	0.00	0.00	0.00	46447476.00	46447444.00	0.00	0.00	
76	49998488.00	0.00	0.00	0.00	46800176.00	46800184.00	0.00	0.00	
77	50001240.00	0.00	0.00	0.00	46434592.00	46434548.00	0.00	0.00	
78	49999944.00	0.00	0.00	0.00	46809012.00	46809056.00	0.00	0.00	
79	49999776.00	0.00	0.00	0.00	46454076.00	46454056.00	0.00	0.00	
80	50000148.00	0.00	0.00	0.00	46817460.00	46817480.00	0.00	0.00	
81	50000996.00	0.00	0.00	0.00	35021032.00	35021048.00	0.00	0.00	
82	49999688.00	0.00	0.00	0.00	42814332.00	42814308.00	0.00	0.00	
83	49998732.00	0.00	0.00	0.00	44296968.00	44296968.00	0.00	0.00	
84	50000656.00	0.00	0.00	0.00	45362240.00	45362244.00	0.00	0.00	
85	49999088.00	0.00	0.00	0.00	45653044.00	45653032.00	0.00	0.00	
86	50000628.00	0.00	0.00	0.00	46015448.00	46015448.00	0.00	0.00	
87	49999568.00	0.00	0.00	0.00	46152840.00	46152856.00	0.00	0.00	
88	50000580.00	0.00	0.00	0.00	46239420.00	46239352.00	0.00	0.00	
89	49998292.00	0.00	0.00	0.00	46399572.00	46399648.00	0.00	0.00	
90	50001428.00	0.00	0.00	0.00	46309068.00	46309068.00	0.00	0.00	
91	49999568.00	0.00	0.00	0.00	46549232.00	46549184.00	0.00	0.00	
92	50000576.00	0.00	0.00	0.00	46331592.00	46331604.00	0.00	0.00	
93	49999336.00	0.00	0.00	0.00	46669428.00	46669424.00	0.00	0.00	
94	49998772.00	0.00	0.00	0.00	46367724.00	46367744.00	0.00	0.00	
95	50001336.00	0.00	0.00	0.00	46752904.00	46752900.00	0.00	0.00	
96	49999872.00	0.00	0.00	0.00	46405756.00	46405780.00	0.00	0.00	
97	49999136.00	0.00	0.00	0.00	46772068.00	46772064.00	0.00	0.00	
98	49998768.00	0.00	0.00	0.00	46410132.00	46410116.00	0.00	0.00	
99	50000480.00	0.00	0.00	0.00	46757876.00	46757860.00	0.00	0.00	
100	50000316.00	0.00	0.00	0.00	46452180.00	46452160.00	0.00	0.00	
101	49998736.00	0.00	0.00	0.00	46725856.00	46725832.00	0.00	0.00	
102	50001588.00	0.00	0.00	0.00	46495604.00	46495648.00	0.00	0.00	
103	50000000.00	0.00	0.00	0.00	46696148.00	46696180.00	0.00	0.00	
104	49998984.00	0.00	0.00	0.00	46543376.00	46543376.00	0.00	0.00	
105	50001128.00	0.00	0.00	0.00	46657344.00	46657356.00	0.00	0.00	
106	49999360.00	0.00	0.00	0.00	46584236.00	46584208.00	0.00	0.00	
107	49999120.00	0.00	0.00	0.00	46595416.00	46595436.00	0.00	0.00	
108	50001160.00	0.00	0.00	0.00	46683920.00	46683892.00	0.00	0.00	
109	50000480.00	0.00	0.00	0.00	46559848.00	46559856.00	0.00	0.00	
110	49998356.00	0.00	0.00	0.00	46723144.00	46723136.00	0.00	0.00	
111	50000668.00	0.00	0.00	0.00	46543160.00	46543208.00	0.00	0.00	
112	49999684.00	0.00	0.00	0.00	46750632.00	46750584.00	0.00	0.00	
113	50000440.00	0.00	0.00	0.00	46501248.00	46501296.00	0.00	0.00	
114	49998168.00	0.00	0.00	0.00	46791192.00	46791168.00	0.00	0.00	
115	50001288.00	0.00	0.00	0.00	46467712.00	46467740.00	0.00	0.00	
116	49999736.00	0.00	0.00	0.00	46838760.00	46838688.00	0.00	0.00	
117	49999936.00	0.00	0.00	0.00	46473196.00	46473228.00	0.00	0.00	
118	49999152.00	0.00	0.00	0.00	46840040.00	46840056.00	0.00	0.00	
119	49999920.00	0.00	0.00	0.00	46487984.00	46487948.00	0.00	0.00	
120	50000988.00	0.00	0.00	0.00	46844152.00	46844204.00	0.00	0.00	
121	50000048.00	0.00	0.00	0.00	34679860.00	34679860.00	0.00	0.00	
122	50001168.00	0.00	0.00	0.00	42825364.00	42825328.00	0.00	0.00	
123	49997680.00	0.00	0.00	0.00	44242116.00	44242108.00	0.00	0.00	
124	50001976.00	0.00	0.00	0.00	45393364.00	45393348.00	0.00	0.00	
125	49999500.00	0.00	0.00	0.00	45651092.00	45651100.00	0.00	0.00	
126	50000532.00	0.00	0.00	0.00	46079804.00	46079804.00	0.00	0.00	
127	49999468.00	0.00	0.00	0.00	46127756.00	46127752.00	0.00	0.00	
128	50000376.00	0.00	0.00	0.00	46281372.00	46281404.00	0.00	0.00	
129	49999500.00	0.00	0.00	0.00	46379768.00	46379704.00	0.00	0.00	
130	50000584.00	0.00	0.00	0.00	46286556.00	46286596.00	0.00	0.00	
131	49998416.00	0.00	0.00	0.00	46521992.00	46522016.00	0.00	0.00	
132	50001660.00	0.00	0.00	0.00	46313176.00	46313176.00	0.00	0.00	
133	49999312.00	0.00	0.00	0.00	46634888.00	46634832.00	0.00	0.00	
134	49998324.00	0.00	0.00	0.00	46334424.00	46334484.00	0.00	0.00	
135	49998832.00	0.00	0.00	0.00	46725400.00	46725368.00	0.00	0.00	
136	50001068.00	0.00	0.00	0.00	46371544.00	46371576.00	0.00	0.00	
137	50000116.00	0.00	0.00	0.00	46746008.00	46745936.00	0.00	0.00	
138	49999692.00	0.00	0.00	0.00	46392392.00	46392392.00	0.00	0.00	
139	49999476.00	0.00	0.00	0.00	46761608.00	46761584.00	0.00	0.00	
140	50000868.00	0.00	0.00	0.00	46415420.00	46415500.00	0.00	0.00	
141	49999988.00	0.00	0.00	0.00	46783292.00	46783292.00	0.00	0.00	
142	49999864.00	0.00	0.00	0.00	46419900.00	46419864.00	0.00	0.00	
143	49999948.00	0.00	0.00	0.00	46797396.00	46797436.00	0.00	0.00	
144	49992520.00	0.00	0.00	0.00	46431408.00	46431404.00	0.00	0.00	
145	49999300.00	0.00	0.00	0.00	46800444.00	46800460.00	0.00	0.00	
146	50000016.00	0.00	0.00	0.00	46479920.00	46479892.00	0.00	0.00	
147	50001300.00	0.00	0.00	0.00	46768672.00	46768680.00	0.00	0.00	
148	49998460.00	0.00	0.00	0.00	46534828.00	46534788.00	0.00	0.00	
149	50000188.00	0.00	0.00	0.00	46741360.00	46741424.00	0.00	0.00	
150	50000652.00	0.00	0.00	0.00	46583120.00	46583096.00	0.00	0.00	
151	50000724.00	0.00	0.00	0.00	46715960.00	46715940.00	0.00	0.00	
152	49999172.00	0.00	0.00	0.00	46612912.00	46612888.00	0.00	0.00	
153	50000776.00	0.00	0.00	0.00	46679424.00	46679472.00	0.00	0.00	
154	49998296.00	0.00	0.00	0.00	46685048.00	46685040.00	0.00	0.00	
155	50001620.00	0.00	0.00	0.00	46648280.00	46648288.00	0.00	0.00	
156	49998416.00	0.00	0.00	0.00	46743024.00	46742928.00	0.00	0.00	
157	50001680.00	0.00	0.00	0.00	46643960.00	46644028.00	0.00	0.00	
158	49999340.00	0.00	0.00	0.00	46769460.00	46769480.00	0.00	0.00	
159	50000464.00	0.00	0.00	0.00	46625952.00	46625980.00	0.00	0.00	
160	0.00	0.00	0.00	0.00	0.00	0.00	0.00	0.00	
