second	tx	tx_get	tx_put	tx_del	rx	rx_getSucc	rx_putSucc	rx_delSucc
2	5279641.00	0.00	0.00	0.00	4447128.00	4447065.00	0.00	0.00	
3	5251059.00	0.00	0.00	0.00	4449787.00	4449809.00	0.00	0.00	
4	5234133.00	0.00	0.00	0.00	4446554.00	4446574.00	0.00	0.00	
5	5215165.00	0.00	0.00	0.00	4448499.00	4448495.00	0.00	0.00	
6	5206979.00	0.00	0.00	0.00	4445516.00	4445486.00	0.00	0.00	
7	5214266.00	0.00	0.00	0.00	4448804.00	4448828.00	0.00	0.00	
8	5210334.00	0.00	0.00	0.00	4448259.00	4448189.00	0.00	0.00	
9	5200824.00	0.00	0.00	0.00	4453099.00	4453163.00	0.00	0.00	
10	5270511.00	0.00	0.00	0.00	4452214.00	4452216.00	0.00	0.00	
11	5268953.00	0.00	0.00	0.00	4447423.00	4447412.00	0.00	0.00	
12	5269527.00	0.00	0.00	0.00	4448983.00	4448959.00	0.00	0.00	
13	5229795.00	0.00	0.00	0.00	4444748.00	4444741.00	0.00	0.00	
14	5237649.00	0.00	0.00	0.00	4448556.00	4448571.00	0.00	0.00	
15	5233601.00	0.00	0.00	0.00	4448250.00	4448234.00	0.00	0.00	
16	5229936.00	0.00	0.00	0.00	4451604.00	4451606.00	0.00	0.00	
17	5227966.00	0.00	0.00	0.00	4450076.00	4450064.00	0.00	0.00	
18	5212541.00	0.00	0.00	0.00	4447031.00	4446970.00	0.00	0.00	
19	5213604.00	0.00	0.00	0.00	4450895.00	4450938.00	0.00	0.00	
20	5264466.00	0.00	0.00	0.00	4449699.00	4449683.00	0.00	0.00	
21	5254072.00	0.00	0.00	0.00	4451248.00	4451233.00	0.00	0.00	
22	5190387.00	0.00	0.00	0.00	4445154.00	4445184.00	0.00	0.00	
23	5191457.00	0.00	0.00	0.00	4445828.00	4445800.00	0.00	0.00	
24	5236635.00	0.00	0.00	0.00	4450555.00	4450517.00	0.00	0.00	
25	5232097.00	0.00	0.00	0.00	4449736.00	4449718.00	0.00	0.00	
26	5265824.00	0.00	0.00	0.00	4449244.00	4449275.00	0.00	0.00	
27	5297588.00	0.00	0.00	0.00	4448132.00	4448120.00	0.00	0.00	
28	5286939.00	0.00	0.00	0.00	4448185.00	4448186.00	0.00	0.00	
29	5273705.00	0.00	0.00	0.00	4446154.00	4446127.00	0.00	0.00	
30	5245833.00	0.00	0.00	0.00	4447704.00	4447700.00	0.00	0.00	
31	5237132.00	0.00	0.00	0.00	4445764.00	4445755.00	0.00	0.00	
32	5235072.00	0.00	0.00	0.00	4449570.00	4449539.00	0.00	0.00	
33	5203180.00	0.00	0.00	0.00	4450115.00	4450166.00	0.00	0.00	
34	5207420.00	0.00	0.00	0.00	4448947.00	4448915.00	0.00	0.00	
35	5193929.00	0.00	0.00	0.00	4450039.00	4450052.00	0.00	0.00	
36	5221993.00	0.00	0.00	0.00	4446510.00	4446470.00	0.00	0.00	
37	5262797.00	0.00	0.00	0.00	4449900.00	4449943.00	0.00	0.00	
38	5299584.00	0.00	0.00	0.00	4445196.00	4445197.00	0.00	0.00	
39	5293866.00	0.00	0.00	0.00	4449881.00	4449874.00	0.00	0.00	
40	5258911.00	0.00	0.00	0.00	4453791.00	4453778.00	0.00	0.00	
41	5262987.00	0.00	0.00	0.00	4452889.00	4452900.00	0.00	0.00	
42	5238564.00	0.00	0.00	0.00	4453008.00	4453000.00	0.00	0.00	
43	5246292.00	0.00	0.00	0.00	4449168.00	4449149.00	0.00	0.00	
44	5214728.00	0.00	0.00	0.00	4449297.00	4449312.00	0.00	0.00	
45	5221406.00	0.00	0.00	0.00	4447630.00	4447599.00	0.00	0.00	
46	5237986.00	0.00	0.00	0.00	4449650.00	4449658.00	0.00	0.00	
47	5220389.00	0.00	0.00	0.00	4445959.00	4445973.00	0.00	0.00	
48	5196973.00	0.00	0.00	0.00	4448328.00	4448321.00	0.00	0.00	
49	5225480.00	0.00	0.00	0.00	4448719.00	4448686.00	0.00	0.00	
50	5230283.00	0.00	0.00	0.00	4450356.00	4450373.00	0.00	0.00	
51	5258166.00	0.00	0.00	0.00	4454281.00	4454271.00	0.00	0.00	
52	5971834.00	0.00	0.00	0.00	2094227.00	2094233.00	0.00	0.00	
53	5668964.00	0.00	0.00	0.00	2617170.00	2616362.00	0.00	0.00	
54	5238350.00	0.00	0.00	0.00	3844585.00	3844372.00	0.00	0.00	
55	5190561.00	0.00	0.00	0.00	4064643.00	4064582.00	0.00	0.00	
56	5127224.00	0.00	0.00	0.00	4190339.00	4190276.00	0.00	0.00	
57	5085746.00	0.00	0.00	0.00	4224826.00	4224761.00	0.00	0.00	
58	5075300.00	0.00	0.00	0.00	4238170.00	4238168.00	0.00	0.00	
59	5042843.00	0.00	0.00	0.00	4342254.00	4342208.00	0.00	0.00	
60	5018036.00	0.00	0.00	0.00	4375986.00	4375972.00	0.00	0.00	
61	5005137.00	0.00	0.00	0.00	4387490.00	4387456.00	0.00	0.00	
62	5006683.00	0.00	0.00	0.00	4393777.00	4393761.00	0.00	0.00	
63	5013616.00	0.00	0.00	0.00	4396828.00	4396817.00	0.00	0.00	
64	5034170.00	0.00	0.00	0.00	4401249.00	4401215.00	0.00	0.00	
65	5028794.00	0.00	0.00	0.00	4399496.00	4399465.00	0.00	0.00	
66	5033111.00	0.00	0.00	0.00	4402783.00	4402746.00	0.00	0.00	
67	5022199.00	0.00	0.00	0.00	4407856.00	4407852.00	0.00	0.00	
68	5010718.00	0.00	0.00	0.00	4405844.00	4405832.00	0.00	0.00	
69	4987672.00	0.00	0.00	0.00	4412909.00	4412870.00	0.00	0.00	
70	4972119.00	0.00	0.00	0.00	4406992.00	4407027.00	0.00	0.00	
71	4903360.00	0.00	0.00	0.00	4369293.00	4369265.00	0.00	0.00	
72	4808647.00	0.00	0.00	0.00	4280424.00	4280381.00	0.00	0.00	
73	4812503.00	0.00	0.00	0.00	4281929.00	4281921.00	0.00	0.00	
74	4784831.00	0.00	0.00	0.00	4276579.00	4276569.00	0.00	0.00	
75	4803074.00	0.00	0.00	0.00	4281825.00	4281847.00	0.00	0.00	
76	4792142.00	0.00	0.00	0.00	4269206.00	4269190.00	0.00	0.00	
77	4669223.00	0.00	0.00	0.00	4155207.00	4155188.00	0.00	0.00	
78	4669977.00	0.00	0.00	0.00	4159153.00	4159134.00	0.00	0.00	
79	4671720.00	0.00	0.00	0.00	4157136.00	4157140.00	0.00	0.00	
80	4688792.00	0.00	0.00	0.00	4161279.00	4161224.00	0.00	0.00	
81	4681404.00	0.00	0.00	0.00	4161395.00	4161367.00	0.00	0.00	
82	4731787.00	0.00	0.00	0.00	4209742.00	4209758.00	0.00	0.00	
83	4849791.00	0.00	0.00	0.00	4294351.00	4294295.00	0.00	0.00	
84	4858513.00	0.00	0.00	0.00	4293788.00	4293805.00	0.00	0.00	
85	4841310.00	0.00	0.00	0.00	4299571.00	4299541.00	0.00	0.00	
86	4828639.00	0.00	0.00	0.00	4292069.00	4292026.00	0.00	0.00	
87	4829972.00	0.00	0.00	0.00	4297554.00	4297551.00	0.00	0.00	
88	4855354.00	0.00	0.00	0.00	4295782.00	4295746.00	0.00	0.00	
89	4851961.00	0.00	0.00	0.00	4296292.00	4296291.00	0.00	0.00	
90	4839800.00	0.00	0.00	0.00	4298674.00	4298688.00	0.00	0.00	
91	4835823.00	0.00	0.00	0.00	4296977.00	4296927.00	0.00	0.00	
92	4836401.00	0.00	0.00	0.00	4297703.00	4297712.00	0.00	0.00	
93	4860637.00	0.00	0.00	0.00	4299558.00	4299523.00	0.00	0.00	
94	4901539.00	0.00	0.00	0.00	4327333.00	4327313.00	0.00	0.00	
95	4990982.00	0.00	0.00	0.00	4426824.00	4426812.00	0.00	0.00	
96	4979763.00	0.00	0.00	0.00	4431178.00	4431167.00	0.00	0.00	
97	4984387.00	0.00	0.00	0.00	4432674.00	4432688.00	0.00	0.00	
98	4971988.00	0.00	0.00	0.00	4430938.00	4430919.00	0.00	0.00	
99	4954714.00	0.00	0.00	0.00	4431460.00	4431469.00	0.00	0.00	
100	4974730.00	0.00	0.00	0.00	4429406.00	4429386.00	0.00	0.00	
101	4964892.00	0.00	0.00	0.00	4430452.00	4430433.00	0.00	0.00	
102	4963663.00	0.00	0.00	0.00	4423081.00	4423078.00	0.00	0.00	
103	5015589.00	0.00	0.00	0.00	4434503.00	4434482.00	0.00	0.00	
104	5010117.00	0.00	0.00	0.00	4431753.00	4431758.00	0.00	0.00	
105	5000413.00	0.00	0.00	0.00	4430349.00	4430282.00	0.00	0.00	
106	4993532.00	0.00	0.00	0.00	4433600.00	4433652.00	0.00	0.00	
107	4993503.00	0.00	0.00	0.00	4434028.00	4434000.00	0.00	0.00	
108	4984029.00	0.00	0.00	0.00	4433874.00	4433868.00	0.00	0.00	
109	4984510.00	0.00	0.00	0.00	4430766.00	4430756.00	0.00	0.00	
110	4980290.00	0.00	0.00	0.00	4433385.00	4433374.00	0.00	0.00	
111	4971731.00	0.00	0.00	0.00	4430367.00	4430395.00	0.00	0.00	
112	4977577.00	0.00	0.00	0.00	4429209.00	4429174.00	0.00	0.00	
113	4963970.00	0.00	0.00	0.00	4429560.00	4429583.00	0.00	0.00	
114	4972048.00	0.00	0.00	0.00	4428869.00	4428866.00	0.00	0.00	
115	4983766.00	0.00	0.00	0.00	4431872.00	4431857.00	0.00	0.00	
116	5001559.00	0.00	0.00	0.00	4432816.00	4432767.00	0.00	0.00	
117	5011451.00	0.00	0.00	0.00	4435000.00	4435020.00	0.00	0.00	
118	4980605.00	0.00	0.00	0.00	4430173.00	4430199.00	0.00	0.00	
119	4948741.00	0.00	0.00	0.00	4430250.00	4430215.00	0.00	0.00	
120	4975050.00	0.00	0.00	0.00	4433135.00	4433098.00	0.00	0.00	
121	4969777.00	0.00	0.00	0.00	4431833.00	4431832.00	0.00	0.00	
122	4959447.00	0.00	0.00	0.00	4434456.00	4434505.00	0.00	0.00	
123	4957910.00	0.00	0.00	0.00	4430921.00	4430886.00	0.00	0.00	
124	4975028.00	0.00	0.00	0.00	4429863.00	4429851.00	0.00	0.00	
125	5012458.00	0.00	0.00	0.00	4434254.00	4434249.00	0.00	0.00	
126	5025166.00	0.00	0.00	0.00	4441700.00	4441718.00	0.00	0.00	
127	5033451.00	0.00	0.00	0.00	4443642.00	4443527.00	0.00	0.00	
128	5005150.00	0.00	0.00	0.00	4438333.00	4438430.00	0.00	0.00	
129	4978600.00	0.00	0.00	0.00	4438930.00	4438900.00	0.00	0.00	
130	4967658.00	0.00	0.00	0.00	4432871.00	4432860.00	0.00	0.00	
131	4962906.00	0.00	0.00	0.00	4432767.00	4432790.00	0.00	0.00	
132	4960855.00	0.00	0.00	0.00	4431183.00	4431157.00	0.00	0.00	
133	4964048.00	0.00	0.00	0.00	4430570.00	4430572.00	0.00	0.00	
134	5010166.00	0.00	0.00	0.00	4434720.00	4434690.00	0.00	0.00	
135	5004785.00	0.00	0.00	0.00	4438038.00	4438052.00	0.00	0.00	
136	4998291.00	0.00	0.00	0.00	4437721.00	4437723.00	0.00	0.00	
137	4982924.00	0.00	0.00	0.00	4432596.00	4432587.00	0.00	0.00	
138	4978637.00	0.00	0.00	0.00	4433939.00	4433919.00	0.00	0.00	
139	4985465.00	0.00	0.00	0.00	4432480.00	4432469.00	0.00	0.00	
140	4984286.00	0.00	0.00	0.00	4435033.00	4435001.00	0.00	0.00	
141	4960533.00	0.00	0.00	0.00	4427862.00	4427919.00	0.00	0.00	
142	4970975.00	0.00	0.00	0.00	4432386.00	4432346.00	0.00	0.00	
143	4958444.00	0.00	0.00	0.00	4426509.00	4426484.00	0.00	0.00	
144	4954924.00	0.00	0.00	0.00	4428400.00	4428444.00	0.00	0.00	
145	4966668.00	0.00	0.00	0.00	4428905.00	4428910.00	0.00	0.00	
146	4983188.00	0.00	0.00	0.00	4435294.00	4435247.00	0.00	0.00	
147	4992300.00	0.00	0.00	0.00	4436076.00	4436067.00	0.00	0.00	
148	4977515.00	0.00	0.00	0.00	4434785.00	4434784.00	0.00	0.00	
149	4962634.00	0.00	0.00	0.00	4436484.00	4436447.00	0.00	0.00	
150	4990088.00	0.00	0.00	0.00	4434679.00	4434719.00	0.00	0.00	
151	5004183.00	0.00	0.00	0.00	4435542.00	4435529.00	0.00	0.00	
152	5959062.00	0.00	0.00	0.00	2153192.00	2153176.00	0.00	0.00	
153	6068407.00	0.00	0.00	0.00	2017385.00	2017361.00	0.00	0.00	
154	5336461.00	0.00	0.00	0.00	3572271.00	3571477.00	0.00	0.00	
155	5199822.00	0.00	0.00	0.00	3998535.00	3998415.00	0.00	0.00	
156	5134218.00	0.00	0.00	0.00	4155658.00	4155567.00	0.00	0.00	
157	5139012.00	0.00	0.00	0.00	4225622.00	4225604.00	0.00	0.00	
158	5162667.00	0.00	0.00	0.00	4215709.00	4215701.00	0.00	0.00	
159	5114862.00	0.00	0.00	0.00	4332157.00	4332149.00	0.00	0.00	
160	5078397.00	0.00	0.00	0.00	4374365.00	4374294.00	0.00	0.00	
161	5079947.00	0.00	0.00	0.00	4393149.00	4393124.00	0.00	0.00	
162	5105828.00	0.00	0.00	0.00	4396073.00	4396079.00	0.00	0.00	
163	5098559.00	0.00	0.00	0.00	4399910.00	4399919.00	0.00	0.00	
164	5081531.00	0.00	0.00	0.00	4400170.00	4400152.00	0.00	0.00	
165	5034590.00	0.00	0.00	0.00	4400095.00	4400047.00	0.00	0.00	
166	5034034.00	0.00	0.00	0.00	4396466.00	4396437.00	0.00	0.00	
167	5018324.00	0.00	0.00	0.00	4405428.00	4405438.00	0.00	0.00	
168	5025221.00	0.00	0.00	0.00	4405092.00	4405023.00	0.00	0.00	
169	5050101.00	0.00	0.00	0.00	4412365.00	4412380.00	0.00	0.00	
170	5044457.00	0.00	0.00	0.00	4414549.00	4414530.00	0.00	0.00	
171	5036537.00	0.00	0.00	0.00	4416216.00	4416194.00	0.00	0.00	
172	5032282.00	0.00	0.00	0.00	4417449.00	4417442.00	0.00	0.00	
173	5026987.00	0.00	0.00	0.00	4414808.00	4414769.00	0.00	0.00	
174	5040681.00	0.00	0.00	0.00	4417569.00	4417531.00	0.00	0.00	
175	5065436.00	0.00	0.00	0.00	4421601.00	4421602.00	0.00	0.00	
176	5076710.00	0.00	0.00	0.00	4431564.00	4431491.00	0.00	0.00	
177	5068753.00	0.00	0.00	0.00	4440380.00	4440377.00	0.00	0.00	
178	5072758.00	0.00	0.00	0.00	4437108.00	4437155.00	0.00	0.00	
179	5070040.00	0.00	0.00	0.00	4434585.00	4434559.00	0.00	0.00	
180	5072076.00	0.00	0.00	0.00	4435396.00	4435376.00	0.00	0.00	
181	5050333.00	0.00	0.00	0.00	4437455.00	4437434.00	0.00	0.00	
182	5042725.00	0.00	0.00	0.00	4428547.00	4428516.00	0.00	0.00	
183	5032174.00	0.00	0.00	0.00	4430156.00	4430153.00	0.00	0.00	
184	5032648.00	0.00	0.00	0.00	4428890.00	4428851.00	0.00	0.00	
185	5037997.00	0.00	0.00	0.00	4437692.00	4437710.00	0.00	0.00	
186	5085182.00	0.00	0.00	0.00	4444699.00	4444691.00	0.00	0.00	
187	5098126.00	0.00	0.00	0.00	4444835.00	4444807.00	0.00	0.00	
188	5055791.00	0.00	0.00	0.00	4441451.00	4441429.00	0.00	0.00	
189	5031614.00	0.00	0.00	0.00	4432604.00	4432614.00	0.00	0.00	
190	5019921.00	0.00	0.00	0.00	4436068.00	4436055.00	0.00	0.00	
191	5007823.00	0.00	0.00	0.00	4430007.00	4429973.00	0.00	0.00	
192	4996015.00	0.00	0.00	0.00	4427592.00	4427566.00	0.00	0.00	
193	5000377.00	0.00	0.00	0.00	4430319.00	4430346.00	0.00	0.00	
194	5004531.00	0.00	0.00	0.00	4430312.00	4430290.00	0.00	0.00	
195	5010568.00	0.00	0.00	0.00	4433155.00	4433120.00	0.00	0.00	
196	5012978.00	0.00	0.00	0.00	4432564.00	4432560.00	0.00	0.00	
197	5043964.00	0.00	0.00	0.00	4435737.00	4435764.00	0.00	0.00	
198	5050535.00	0.00	0.00	0.00	4440039.00	4440002.00	0.00	0.00	
199	5066467.00	0.00	0.00	0.00	4446391.00	4446382.00	0.00	0.00	
200	5093308.00	0.00	0.00	0.00	4450337.00	4450353.00	0.00	0.00	
201	5086596.00	0.00	0.00	0.00	4448883.00	4448863.00	0.00	0.00	
202	5087592.00	0.00	0.00	0.00	4447552.00	4447546.00	0.00	0.00	
203	5079209.00	0.00	0.00	0.00	4452194.00	4452193.00	0.00	0.00	
204	5040838.00	0.00	0.00	0.00	4443920.00	4443857.00	0.00	0.00	
205	5038782.00	0.00	0.00	0.00	4439166.00	4439185.00	0.00	0.00	
206	5012456.00	0.00	0.00	0.00	4438129.00	4438148.00	0.00	0.00	
207	5018293.00	0.00	0.00	0.00	4437610.00	4437585.00	0.00	0.00	
208	5023111.00	0.00	0.00	0.00	4434528.00	4434504.00	0.00	0.00	
209	5015601.00	0.00	0.00	0.00	4428795.00	4428795.00	0.00	0.00	
210	5011149.00	0.00	0.00	0.00	4430057.00	4430078.00	0.00	0.00	
211	5006079.00	0.00	0.00	0.00	4433048.00	4433031.00	0.00	0.00	
212	5007069.00	0.00	0.00	0.00	4431272.00	4431243.00	0.00	0.00	
213	5002072.00	0.00	0.00	0.00	4435918.00	4435932.00	0.00	0.00	
214	4994663.00	0.00	0.00	0.00	4433920.00	4433905.00	0.00	0.00	
215	5033252.00	0.00	0.00	0.00	4443404.00	4443383.00	0.00	0.00	
216	5064996.00	0.00	0.00	0.00	4447013.00	4447002.00	0.00	0.00	
217	5057891.00	0.00	0.00	0.00	4445561.00	4445549.00	0.00	0.00	
218	5058522.00	0.00	0.00	0.00	4442806.00	4442821.00	0.00	0.00	
219	5060128.00	0.00	0.00	0.00	4436890.00	4436847.00	0.00	0.00	
220	5036405.00	0.00	0.00	0.00	4439677.00	4439686.00	0.00	0.00	
221	5017214.00	0.00	0.00	0.00	4438306.00	4438270.00	0.00	0.00	
222	5043171.00	0.00	0.00	0.00	4446639.00	4446659.00	0.00	0.00	
223	5048395.00	0.00	0.00	0.00	4444213.00	4444226.00	0.00	0.00	
224	5042017.00	0.00	0.00	0.00	4443194.00	4443192.00	0.00	0.00	
225	5031355.00	0.00	0.00	0.00	4439742.00	4439663.00	0.00	0.00	
226	5014883.00	0.00	0.00	0.00	4439107.00	4439149.00	0.00	0.00	
227	5036802.00	0.00	0.00	0.00	4443040.00	4442962.00	0.00	0.00	
228	5072339.00	0.00	0.00	0.00	4444878.00	4444898.00	0.00	0.00	
229	5043100.00	0.00	0.00	0.00	4438640.00	4438678.00	0.00	0.00	
230	5022815.00	0.00	0.00	0.00	4437613.00	4437621.00	0.00	0.00	
231	5011359.00	0.00	0.00	0.00	4439061.00	4438981.00	0.00	0.00	
232	5013527.00	0.00	0.00	0.00	4434081.00	4434148.00	0.00	0.00	
233	5023198.00	0.00	0.00	0.00	4430290.00	4430272.00	0.00	0.00	
234	5037280.00	0.00	0.00	0.00	4437547.00	4437511.00	0.00	0.00	
235	5069777.00	0.00	0.00	0.00	4444785.00	4444815.00	0.00	0.00	
236	5055670.00	0.00	0.00	0.00	4444658.00	4444664.00	0.00	0.00	
237	5029312.00	0.00	0.00	0.00	4439105.00	4439083.00	0.00	0.00	
238	5002484.00	0.00	0.00	0.00	4435739.00	4435736.00	0.00	0.00	
239	5014448.00	0.00	0.00	0.00	4435884.00	4435841.00	0.00	0.00	
240	4994685.00	0.00	0.00	0.00	4438579.00	4438639.00	0.00	0.00	
241	5000016.00	0.00	0.00	0.00	4434872.00	4434827.00	0.00	0.00	
242	5005324.00	0.00	0.00	0.00	4430351.00	4430380.00	0.00	0.00	
243	4985543.00	0.00	0.00	0.00	4422129.00	4422121.00	0.00	0.00	
244	4977536.00	0.00	0.00	0.00	4420187.00	4420115.00	0.00	0.00	
245	5042110.00	0.00	0.00	0.00	4435220.00	4435294.00	0.00	0.00	
246	5087726.00	0.00	0.00	0.00	4444442.00	4444421.00	0.00	0.00	
247	5060879.00	0.00	0.00	0.00	4443923.00	4443939.00	0.00	0.00	
248	5039781.00	0.00	0.00	0.00	4441430.00	4441414.00	0.00	0.00	
249	5022434.00	0.00	0.00	0.00	4438094.00	4438053.00	0.00	0.00	
250	5024362.00	0.00	0.00	0.00	4437290.00	4437280.00	0.00	0.00	
251	5003609.00	0.00	0.00	0.00	4434434.00	4434482.00	0.00	0.00	
252	6023217.00	0.00	0.00	0.00	2082992.00	2082973.00	0.00	0.00	
253	5627209.00	0.00	0.00	0.00	2860017.00	2859218.00	0.00	0.00	
254	5228505.00	0.00	0.00	0.00	3900770.00	3900583.00	0.00	0.00	
255	5145264.00	0.00	0.00	0.00	4102054.00	4102036.00	0.00	0.00	
256	5130689.00	0.00	0.00	0.00	4225848.00	4225789.00	0.00	0.00	
257	5145750.00	0.00	0.00	0.00	4212079.00	4212074.00	0.00	0.00	
258	5112342.00	0.00	0.00	0.00	4290731.00	4290700.00	0.00	0.00	
259	5095757.00	0.00	0.00	0.00	4363949.00	4363872.00	0.00	0.00	
260	5063020.00	0.00	0.00	0.00	4388701.00	4388675.00	0.00	0.00	
261	5055007.00	0.00	0.00	0.00	4398234.00	4398210.00	0.00	0.00	
262	5036379.00	0.00	0.00	0.00	4386414.00	4386444.00	0.00	0.00	
263	5027641.00	0.00	0.00	0.00	4395593.00	4395573.00	0.00	0.00	
264	5034065.00	0.00	0.00	0.00	4394293.00	4394233.00	0.00	0.00	
265	5074756.00	0.00	0.00	0.00	4404125.00	4404107.00	0.00	0.00	
266	5096800.00	0.00	0.00	0.00	4410055.00	4410041.00	0.00	0.00	
267	5107470.00	0.00	0.00	0.00	4411593.00	4411557.00	0.00	0.00	
268	5083428.00	0.00	0.00	0.00	4416649.00	4416631.00	0.00	0.00	
269	5066322.00	0.00	0.00	0.00	4417135.00	4417160.00	0.00	0.00	
270	5066206.00	0.00	0.00	0.00	4422771.00	4422698.00	0.00	0.00	
271	5065646.00	0.00	0.00	0.00	4423128.00	4423154.00	0.00	0.00	
272	5044593.00	0.00	0.00	0.00	4422258.00	4422246.00	0.00	0.00	
273	5031332.00	0.00	0.00	0.00	4417587.00	4417557.00	0.00	0.00	
274	5042269.00	0.00	0.00	0.00	4420543.00	4420544.00	0.00	0.00	
275	5119333.00	0.00	0.00	0.00	4435142.00	4435088.00	0.00	0.00	
276	5119381.00	0.00	0.00	0.00	4432583.00	4432589.00	0.00	0.00	
277	5089411.00	0.00	0.00	0.00	4435069.00	4435076.00	0.00	0.00	
278	5030523.00	0.00	0.00	0.00	4422746.00	4422737.00	0.00	0.00	
279	5025004.00	0.00	0.00	0.00	4424744.00	4424701.00	0.00	0.00	
280	5041952.00	0.00	0.00	0.00	4426318.00	4426285.00	0.00	0.00	
281	5064553.00	0.00	0.00	0.00	4433609.00	4433617.00	0.00	0.00	
282	5041166.00	0.00	0.00	0.00	4430022.00	4429995.00	0.00	0.00	
283	5041634.00	0.00	0.00	0.00	4430944.00	4430903.00	0.00	0.00	
284	5028146.00	0.00	0.00	0.00	4433384.00	4433399.00	0.00	0.00	
285	5077325.00	0.00	0.00	0.00	4433807.00	4433741.00	0.00	0.00	
286	5059946.00	0.00	0.00	0.00	4440105.00	4440138.00	0.00	0.00	
287	5081294.00	0.00	0.00	0.00	4438344.00	4438319.00	0.00	0.00	
288	5055061.00	0.00	0.00	0.00	4438591.00	4438543.00	0.00	0.00	
289	5049854.00	0.00	0.00	0.00	4435839.00	4435875.00	0.00	0.00	
290	5032431.00	0.00	0.00	0.00	4434950.00	4434931.00	0.00	0.00	
291	4929185.00	0.00	0.00	0.00	4386235.00	4386221.00	0.00	0.00	
292	4780284.00	0.00	0.00	0.00	4311247.00	4311198.00	0.00	0.00	
293	4795093.00	0.00	0.00	0.00	4316808.00	4316848.00	0.00	0.00	
294	4877975.00	0.00	0.00	0.00	4354724.00	4354708.00	0.00	0.00	
295	5026686.00	0.00	0.00	0.00	4433284.00	4433276.00	0.00	0.00	
296	5087217.00	0.00	0.00	0.00	4441656.00	4441601.00	0.00	0.00	
297	5066295.00	0.00	0.00	0.00	4441891.00	4441883.00	0.00	0.00	
298	5055282.00	0.00	0.00	0.00	4440424.00	4440439.00	0.00	0.00	
299	5049563.00	0.00	0.00	0.00	4438178.00	4438084.00	0.00	0.00	
300	5046559.00	0.00	0.00	0.00	4442467.00	4442525.00	0.00	0.00	
301	5043586.00	0.00	0.00	0.00	4439117.00	4439100.00	0.00	0.00	
302	5029885.00	0.00	0.00	0.00	4438892.00	4438900.00	0.00	0.00	
303	5024639.00	0.00	0.00	0.00	4434592.00	4434578.00	0.00	0.00	
304	5068848.00	0.00	0.00	0.00	4444172.00	4444162.00	0.00	0.00	
305	5084491.00	0.00	0.00	0.00	4441383.00	4441347.00	0.00	0.00	
306	5014813.00	0.00	0.00	0.00	4401552.00	4401581.00	0.00	0.00	
307	4871213.00	0.00	0.00	0.00	4322940.00	4322858.00	0.00	0.00	
308	4866529.00	0.00	0.00	0.00	4321409.00	4321464.00	0.00	0.00	
309	4875797.00	0.00	0.00	0.00	4326074.00	4326074.00	0.00	0.00	
310	4876605.00	0.00	0.00	0.00	4325711.00	4325705.00	0.00	0.00	
311	4838839.00	0.00	0.00	0.00	4296730.00	4296711.00	0.00	0.00	
312	4691969.00	0.00	0.00	0.00	4205303.00	4205310.00	0.00	0.00	
313	4671205.00	0.00	0.00	0.00	4200496.00	4200452.00	0.00	0.00	
314	4672884.00	0.00	0.00	0.00	4193067.00	4193032.00	0.00	0.00	
315	4669568.00	0.00	0.00	0.00	4192625.00	4192659.00	0.00	0.00	
316	4679882.00	0.00	0.00	0.00	4191027.00	4191043.00	0.00	0.00	
317	4666637.00	0.00	0.00	0.00	4185863.00	4185842.00	0.00	0.00	
318	4664155.00	0.00	0.00	0.00	4190330.00	4190362.00	0.00	0.00	
319	4673682.00	0.00	0.00	0.00	4193282.00	4193260.00	0.00	0.00	
320	4695254.00	0.00	0.00	0.00	4202578.00	4202566.00	0.00	0.00	
321	4633115.00	0.00	0.00	0.00	4154136.00	4154139.00	0.00	0.00	
322	4570093.00	0.00	0.00	0.00	4098389.00	4098375.00	0.00	0.00	
323	4673072.00	0.00	0.00	0.00	4178311.00	4178333.00	0.00	0.00	
324	4674860.00	0.00	0.00	0.00	4177862.00	4177847.00	0.00	0.00	
325	4658735.00	0.00	0.00	0.00	4174421.00	4174346.00	0.00	0.00	
326	4651996.00	0.00	0.00	0.00	4170039.00	4170098.00	0.00	0.00	
327	4661229.00	0.00	0.00	0.00	4171482.00	4171450.00	0.00	0.00	
328	4675163.00	0.00	0.00	0.00	4176215.00	4176214.00	0.00	0.00	
329	4694130.00	0.00	0.00	0.00	4180640.00	4180618.00	0.00	0.00	
330	4692991.00	0.00	0.00	0.00	4181267.00	4181238.00	0.00	0.00	
331	4669636.00	0.00	0.00	0.00	4176886.00	4176945.00	0.00	0.00	
332	4662997.00	0.00	0.00	0.00	4171947.00	4171915.00	0.00	0.00	
333	4660261.00	0.00	0.00	0.00	4175340.00	4175334.00	0.00	0.00	
334	4738530.00	0.00	0.00	0.00	4234048.00	4234059.00	0.00	0.00	
335	5088916.00	0.00	0.00	0.00	4447352.00	4447321.00	0.00	0.00	
336	5102261.00	0.00	0.00	0.00	4451999.00	4451930.00	0.00	0.00	
337	5084061.00	0.00	0.00	0.00	4448788.00	4448835.00	0.00	0.00	
338	5062176.00	0.00	0.00	0.00	4448849.00	4448844.00	0.00	0.00	
339	5047797.00	0.00	0.00	0.00	4442307.00	4442318.00	0.00	0.00	
340	5048522.00	0.00	0.00	0.00	4441498.00	4441474.00	0.00	0.00	
341	5023078.00	0.00	0.00	0.00	4440438.00	4440423.00	0.00	0.00	
342	5018365.00	0.00	0.00	0.00	4430256.00	4430281.00	0.00	0.00	
343	5038425.00	0.00	0.00	0.00	4435329.00	4435321.00	0.00	0.00	
344	5085429.00	0.00	0.00	0.00	4444403.00	4444368.00	0.00	0.00	
345	5068877.00	0.00	0.00	0.00	4448602.00	4448602.00	0.00	0.00	
346	5041915.00	0.00	0.00	0.00	4443079.00	4443091.00	0.00	0.00	
347	5040478.00	0.00	0.00	0.00	4440995.00	4440976.00	0.00	0.00	
348	5031818.00	0.00	0.00	0.00	4439875.00	4439876.00	0.00	0.00	
349	5026554.00	0.00	0.00	0.00	4440323.00	4440343.00	0.00	0.00	
350	5007052.00	0.00	0.00	0.00	4439264.00	4439222.00	0.00	0.00	
351	5094749.00	0.00	0.00	0.00	4448313.00	4448321.00	0.00	0.00	
352	6132710.00	0.00	0.00	0.00	2151178.00	2151198.00	0.00	0.00	
353	6175600.00	0.00	0.00	0.00	2046700.00	2046294.00	0.00	0.00	
354	5371174.00	0.00	0.00	0.00	3639044.00	3638562.00	0.00	0.00	
355	5196216.00	0.00	0.00	0.00	4020587.00	4020463.00	0.00	0.00	
356	5132791.00	0.00	0.00	0.00	4167067.00	4167046.00	0.00	0.00	
357	5112849.00	0.00	0.00	0.00	4233110.00	4233069.00	0.00	0.00	
358	5145814.00	0.00	0.00	0.00	4225981.00	4225923.00	0.00	0.00	
359	5090685.00	0.00	0.00	0.00	4339663.00	4339665.00	0.00	0.00	
360	5068215.00	0.00	0.00	0.00	4375655.00	4375603.00	0.00	0.00	
361	5110192.00	0.00	0.00	0.00	4392373.00	4392365.00	0.00	0.00	
362	5127823.00	0.00	0.00	0.00	4392817.00	4392809.00	0.00	0.00	
363	5137697.00	0.00	0.00	0.00	4391936.00	4391948.00	0.00	0.00	
364	5121659.00	0.00	0.00	0.00	4400127.00	4400099.00	0.00	0.00	
365	5147561.00	0.00	0.00	0.00	4402114.00	4402063.00	0.00	0.00	
366	5119383.00	0.00	0.00	0.00	4412899.00	4412929.00	0.00	0.00	
367	5097745.00	0.00	0.00	0.00	4411474.00	4411466.00	0.00	0.00	
368	5085925.00	0.00	0.00	0.00	4416478.00	4416442.00	0.00	0.00	
369	5072513.00	0.00	0.00	0.00	4417329.00	4417333.00	0.00	0.00	
370	5072419.00	0.00	0.00	0.00	4420470.00	4420391.00	0.00	0.00	
371	5072544.00	0.00	0.00	0.00	4422573.00	4422573.00	0.00	0.00	
372	5062218.00	0.00	0.00	0.00	4417551.00	4417580.00	0.00	0.00	
373	5046726.00	0.00	0.00	0.00	4418190.00	4418161.00	0.00	0.00	
374	5053810.00	0.00	0.00	0.00	4420521.00	4420498.00	0.00	0.00	
375	5083320.00	0.00	0.00	0.00	4432496.00	4432479.00	0.00	0.00	
376	5070190.00	0.00	0.00	0.00	4431605.00	4431574.00	0.00	0.00	
377	5072001.00	0.00	0.00	0.00	4429062.00	4429022.00	0.00	0.00	
378	5063655.00	0.00	0.00	0.00	4425581.00	4425604.00	0.00	0.00	
379	5064135.00	0.00	0.00	0.00	4428204.00	4428187.00	0.00	0.00	
380	5067122.00	0.00	0.00	0.00	4428331.00	4428284.00	0.00	0.00	
381	5073071.00	0.00	0.00	0.00	4430485.00	4430480.00	0.00	0.00	
382	5057985.00	0.00	0.00	0.00	4434126.00	4434148.00	0.00	0.00	
383	5037549.00	0.00	0.00	0.00	4431695.00	4431620.00	0.00	0.00	
384	5038308.00	0.00	0.00	0.00	4429393.00	4429397.00	0.00	0.00	
385	5038077.00	0.00	0.00	0.00	4433570.00	4433572.00	0.00	0.00	
386	5040384.00	0.00	0.00	0.00	4433401.00	4433391.00	0.00	0.00	
387	5031620.00	0.00	0.00	0.00	4427339.00	4427328.00	0.00	0.00	
388	5039655.00	0.00	0.00	0.00	4428084.00	4428015.00	0.00	0.00	
389	5084977.00	0.00	0.00	0.00	4437141.00	4437138.00	0.00	0.00	
390	5098237.00	0.00	0.00	0.00	4441386.00	4441355.00	0.00	0.00	
391	5068717.00	0.00	0.00	0.00	4442512.00	4442536.00	0.00	0.00	
392	5049032.00	0.00	0.00	0.00	4435579.00	4435555.00	0.00	0.00	
393	5059214.00	0.00	0.00	0.00	4437056.00	4437071.00	0.00	0.00	
394	5057075.00	0.00	0.00	0.00	4436087.00	4436039.00	0.00	0.00	
395	5036289.00	0.00	0.00	0.00	4433287.00	4433317.00	0.00	0.00	
396	5013612.00	0.00	0.00	0.00	4432215.00	4432200.00	0.00	0.00	
397	5026258.00	0.00	0.00	0.00	4429609.00	4429561.00	0.00	0.00	
398	5066795.00	0.00	0.00	0.00	4436344.00	4436381.00	0.00	0.00	
399	5101726.00	0.00	0.00	0.00	4445023.00	4444979.00	0.00	0.00	
400	5067610.00	0.00	0.00	0.00	4440423.00	4440441.00	0.00	0.00	
