second	tx	tx_get	tx_put	tx_del	rx	rx_getSucc	rx_putSucc	rx_delSucc
2	5209508.00	0.00	0.00	0.00	4435887.00	4435848.00	0.00	0.00	
3	5203302.00	0.00	0.00	0.00	4437281.00	4437300.00	0.00	0.00	
4	5220431.00	0.00	0.00	0.00	4434907.00	4434939.00	0.00	0.00	
5	5218977.00	0.00	0.00	0.00	4435084.00	4435076.00	0.00	0.00	
6	5223447.00	0.00	0.00	0.00	4434450.00	4434407.00	0.00	0.00	
7	5272072.00	0.00	0.00	0.00	4434301.00	4434327.00	0.00	0.00	
8	5291039.00	0.00	0.00	0.00	4434930.00	4434952.00	0.00	0.00	
9	5281625.00	0.00	0.00	0.00	4434106.00	4434092.00	0.00	0.00	
10	5260735.00	0.00	0.00	0.00	4435583.00	4435581.00	0.00	0.00	
11	5264657.00	0.00	0.00	0.00	4437443.00	4437447.00	0.00	0.00	
12	5251845.00	0.00	0.00	0.00	4434585.00	4434570.00	0.00	0.00	
13	5242584.00	0.00	0.00	0.00	4428904.00	4428927.00	0.00	0.00	
14	5231592.00	0.00	0.00	0.00	4432915.00	4432864.00	0.00	0.00	
15	5235099.00	0.00	0.00	0.00	4428643.00	4428671.00	0.00	0.00	
16	5241612.00	0.00	0.00	0.00	4430611.00	4430597.00	0.00	0.00	
17	5272942.00	0.00	0.00	0.00	4431784.00	4431800.00	0.00	0.00	
18	5295303.00	0.00	0.00	0.00	4438196.00	4438193.00	0.00	0.00	
19	5236822.00	0.00	0.00	0.00	4436531.00	4436539.00	0.00	0.00	
20	5231539.00	0.00	0.00	0.00	4435098.00	4435085.00	0.00	0.00	
21	5218783.00	0.00	0.00	0.00	4435501.00	4435506.00	0.00	0.00	
22	5821951.00	0.00	0.00	0.00	2141706.00	2141698.00	0.00	0.00	
23	5798997.00	0.00	0.00	0.00	2118756.00	2118680.00	0.00	0.00	
24	5772254.00	0.00	0.00	0.00	2119655.00	2119718.00	0.00	0.00	
25	5860160.00	0.00	0.00	0.00	2115930.00	2115911.00	0.00	0.00	
26	5873328.00	0.00	0.00	0.00	2117137.00	2117151.00	0.00	0.00	
27	5877487.00	0.00	0.00	0.00	2117337.00	2117354.00	0.00	0.00	
28	5858140.00	0.00	0.00	0.00	2116551.00	2116542.00	0.00	0.00	
29	5867269.00	0.00	0.00	0.00	2114400.00	2114413.00	0.00	0.00	
30	5904629.00	0.00	0.00	0.00	2115106.00	2115076.00	0.00	0.00	
31	5951468.00	0.00	0.00	0.00	2114355.00	2114375.00	0.00	0.00	
32	5930454.00	0.00	0.00	0.00	2115688.00	2115698.00	0.00	0.00	
33	5879836.00	0.00	0.00	0.00	2114928.00	2114912.00	0.00	0.00	
34	5899229.00	0.00	0.00	0.00	2115479.00	2115480.00	0.00	0.00	
35	5922719.00	0.00	0.00	0.00	2115982.00	2115997.00	0.00	0.00	
36	5908163.00	0.00	0.00	0.00	2119267.00	2119245.00	0.00	0.00	
37	5920164.00	0.00	0.00	0.00	2116807.00	2116829.00	0.00	0.00	
38	5982892.00	0.00	0.00	0.00	2117709.00	2117693.00	0.00	0.00	
39	5969930.00	0.00	0.00	0.00	2113210.00	2113201.00	0.00	0.00	
40	5993662.00	0.00	0.00	0.00	2037465.00	2037450.00	0.00	0.00	
41	5506004.00	0.00	0.00	0.00	2941133.00	2940311.00	0.00	0.00	
42	5125585.00	0.00	0.00	0.00	3890423.00	3890252.00	0.00	0.00	
43	5055615.00	0.00	0.00	0.00	4076758.00	4076694.00	0.00	0.00	
44	5036089.00	0.00	0.00	0.00	4196868.00	4196795.00	0.00	0.00	
45	5026658.00	0.00	0.00	0.00	4276046.00	4275961.00	0.00	0.00	
46	5025217.00	0.00	0.00	0.00	4337753.00	4337730.00	0.00	0.00	
47	5012921.00	0.00	0.00	0.00	4355728.00	4355669.00	0.00	0.00	
48	5081852.00	0.00	0.00	0.00	4372901.00	4372883.00	0.00	0.00	
49	5051077.00	0.00	0.00	0.00	4384741.00	4384709.00	0.00	0.00	
50	5007159.00	0.00	0.00	0.00	4392692.00	4392650.00	0.00	0.00	
51	4962053.00	0.00	0.00	0.00	4395410.00	4395359.00	0.00	0.00	
52	4983355.00	0.00	0.00	0.00	4398929.00	4398938.00	0.00	0.00	
53	4972704.00	0.00	0.00	0.00	4403065.00	4402985.00	0.00	0.00	
54	4976510.00	0.00	0.00	0.00	4404364.00	4404392.00	0.00	0.00	
55	4982354.00	0.00	0.00	0.00	4406051.00	4406015.00	0.00	0.00	
56	4975756.00	0.00	0.00	0.00	4408915.00	4408901.00	0.00	0.00	
57	4981305.00	0.00	0.00	0.00	4408905.00	4408866.00	0.00	0.00	
58	4979412.00	0.00	0.00	0.00	4410445.00	4410426.00	0.00	0.00	
59	5050831.00	0.00	0.00	0.00	4414343.00	4414270.00	0.00	0.00	
60	5012555.00	0.00	0.00	0.00	4415316.00	4415307.00	0.00	0.00	
61	5005172.00	0.00	0.00	0.00	4422781.00	4422733.00	0.00	0.00	
62	5009051.00	0.00	0.00	0.00	4421814.00	4421813.00	0.00	0.00	
63	5001661.00	0.00	0.00	0.00	4422872.00	4422867.00	0.00	0.00	
64	4987184.00	0.00	0.00	0.00	4426616.00	4426583.00	0.00	0.00	
65	4962533.00	0.00	0.00	0.00	4416953.00	4416921.00	0.00	0.00	
66	4996438.00	0.00	0.00	0.00	4422556.00	4422578.00	0.00	0.00	
67	4985052.00	0.00	0.00	0.00	4428481.00	4428488.00	0.00	0.00	
68	5000362.00	0.00	0.00	0.00	4426180.00	4426182.00	0.00	0.00	
69	4979554.00	0.00	0.00	0.00	4431659.00	4431631.00	0.00	0.00	
70	4960300.00	0.00	0.00	0.00	4424857.00	4424880.00	0.00	0.00	
71	4947598.00	0.00	0.00	0.00	4419592.00	4419553.00	0.00	0.00	
72	5910818.00	0.00	0.00	0.00	2126937.00	2126956.00	0.00	0.00	
73	5888030.00	0.00	0.00	0.00	2090357.00	2090366.00	0.00	0.00	
74	5949859.00	0.00	0.00	0.00	2008006.00	2007586.00	0.00	0.00	
75	5278359.00	0.00	0.00	0.00	3614115.00	3613608.00	0.00	0.00	
76	5235592.00	0.00	0.00	0.00	3988569.00	3988478.00	0.00	0.00	
77	5161091.00	0.00	0.00	0.00	4141756.00	4141713.00	0.00	0.00	
78	5083892.00	0.00	0.00	0.00	4234353.00	4234303.00	0.00	0.00	
79	5056030.00	0.00	0.00	0.00	4311840.00	4311801.00	0.00	0.00	
80	5019229.00	0.00	0.00	0.00	4360993.00	4360990.00	0.00	0.00	
81	4998560.00	0.00	0.00	0.00	4378511.00	4378479.00	0.00	0.00	
82	5002303.00	0.00	0.00	0.00	4379150.00	4379087.00	0.00	0.00	
83	4988915.00	0.00	0.00	0.00	4387616.00	4387562.00	0.00	0.00	
84	4975858.00	0.00	0.00	0.00	4392383.00	4392379.00	0.00	0.00	
85	4963849.00	0.00	0.00	0.00	4392652.00	4392628.00	0.00	0.00	
86	5023175.00	0.00	0.00	0.00	4401974.00	4401938.00	0.00	0.00	
87	5075962.00	0.00	0.00	0.00	4407012.00	4407008.00	0.00	0.00	
88	5067725.00	0.00	0.00	0.00	4408218.00	4408192.00	0.00	0.00	
89	5054620.00	0.00	0.00	0.00	4414300.00	4414270.00	0.00	0.00	
90	5042574.00	0.00	0.00	0.00	4412924.00	4412893.00	0.00	0.00	
91	5025639.00	0.00	0.00	0.00	4415615.00	4415603.00	0.00	0.00	
92	5007457.00	0.00	0.00	0.00	4419427.00	4419384.00	0.00	0.00	
93	5007200.00	0.00	0.00	0.00	4418070.00	4418024.00	0.00	0.00	
94	5029773.00	0.00	0.00	0.00	4420537.00	4420538.00	0.00	0.00	
95	5024928.00	0.00	0.00	0.00	4420619.00	4420608.00	0.00	0.00	
96	5022261.00	0.00	0.00	0.00	4422666.00	4422664.00	0.00	0.00	
97	4995747.00	0.00	0.00	0.00	4423088.00	4423084.00	0.00	0.00	
98	4969338.00	0.00	0.00	0.00	4411686.00	4411692.00	0.00	0.00	
99	4952847.00	0.00	0.00	0.00	4407241.00	4407205.00	0.00	0.00	
100	5054425.00	0.00	0.00	0.00	4427150.00	4427179.00	0.00	0.00	
101	5034869.00	0.00	0.00	0.00	4430204.00	4430177.00	0.00	0.00	
102	5009983.00	0.00	0.00	0.00	4430499.00	4430513.00	0.00	0.00	
103	4982238.00	0.00	0.00	0.00	4425159.00	4425126.00	0.00	0.00	
104	4962555.00	0.00	0.00	0.00	4418507.00	4418512.00	0.00	0.00	
105	4945028.00	0.00	0.00	0.00	4410161.00	4410144.00	0.00	0.00	
106	4948013.00	0.00	0.00	0.00	4411856.00	4411817.00	0.00	0.00	
107	4976482.00	0.00	0.00	0.00	4424697.00	4424724.00	0.00	0.00	
108	5010365.00	0.00	0.00	0.00	4428477.00	4428400.00	0.00	0.00	
109	5053271.00	0.00	0.00	0.00	4433036.00	4433048.00	0.00	0.00	
110	5072535.00	0.00	0.00	0.00	4435060.00	4434996.00	0.00	0.00	
111	5060872.00	0.00	0.00	0.00	4432384.00	4432401.00	0.00	0.00	
112	5010673.00	0.00	0.00	0.00	4430146.00	4430144.00	0.00	0.00	
113	4996754.00	0.00	0.00	0.00	4432201.00	4432177.00	0.00	0.00	
114	4948131.00	0.00	0.00	0.00	4419869.00	4419846.00	0.00	0.00	
115	4944670.00	0.00	0.00	0.00	4418008.00	4418015.00	0.00	0.00	
116	4992095.00	0.00	0.00	0.00	4425034.00	4425013.00	0.00	0.00	
117	4996759.00	0.00	0.00	0.00	4430096.00	4430128.00	0.00	0.00	
118	4974231.00	0.00	0.00	0.00	4427590.00	4427557.00	0.00	0.00	
119	4977306.00	0.00	0.00	0.00	4426939.00	4426920.00	0.00	0.00	
120	5006399.00	0.00	0.00	0.00	4437394.00	4437407.00	0.00	0.00	
121	5005738.00	0.00	0.00	0.00	4434157.00	4434150.00	0.00	0.00	
122	5921228.00	0.00	0.00	0.00	2138948.00	2138982.00	0.00	0.00	
123	5900518.00	0.00	0.00	0.00	2112085.00	2112067.00	0.00	0.00	
124	5955430.00	0.00	0.00	0.00	2112142.00	2112159.00	0.00	0.00	
125	6021799.00	0.00	0.00	0.00	2110760.00	2110759.00	0.00	0.00	
126	6047027.00	0.00	0.00	0.00	2113684.00	2113684.00	0.00	0.00	
127	5962544.00	0.00	0.00	0.00	2112314.00	2112313.00	0.00	0.00	
128	5903778.00	0.00	0.00	0.00	2113761.00	2113750.00	0.00	0.00	
129	5943637.00	0.00	0.00	0.00	2045196.00	2045186.00	0.00	0.00	
130	5651382.00	0.00	0.00	0.00	2719642.00	2718863.00	0.00	0.00	
131	5225857.00	0.00	0.00	0.00	3872801.00	3872659.00	0.00	0.00	
132	5135931.00	0.00	0.00	0.00	4084566.00	4084498.00	0.00	0.00	
133	5105920.00	0.00	0.00	0.00	4208733.00	4208693.00	0.00	0.00	
134	5086933.00	0.00	0.00	0.00	4296672.00	4296608.00	0.00	0.00	
135	5043629.00	0.00	0.00	0.00	4347892.00	4347864.00	0.00	0.00	
136	5073075.00	0.00	0.00	0.00	4370075.00	4370044.00	0.00	0.00	
137	5119243.00	0.00	0.00	0.00	4381977.00	4381939.00	0.00	0.00	
138	5099827.00	0.00	0.00	0.00	4385636.00	4385633.00	0.00	0.00	
139	5057371.00	0.00	0.00	0.00	4394480.00	4394440.00	0.00	0.00	
140	5030085.00	0.00	0.00	0.00	4394653.00	4394628.00	0.00	0.00	
141	4996142.00	0.00	0.00	0.00	4397265.00	4397244.00	0.00	0.00	
142	5017209.00	0.00	0.00	0.00	4401517.00	4401485.00	0.00	0.00	
143	5013978.00	0.00	0.00	0.00	4406630.00	4406584.00	0.00	0.00	
144	5001778.00	0.00	0.00	0.00	4402685.00	4402693.00	0.00	0.00	
145	5037636.00	0.00	0.00	0.00	4410476.00	4410430.00	0.00	0.00	
146	5024335.00	0.00	0.00	0.00	4409632.00	4409663.00	0.00	0.00	
147	5006969.00	0.00	0.00	0.00	4413295.00	4413279.00	0.00	0.00	
148	5011249.00	0.00	0.00	0.00	4419716.00	4419690.00	0.00	0.00	
149	5004913.00	0.00	0.00	0.00	4420122.00	4420091.00	0.00	0.00	
150	4959472.00	0.00	0.00	0.00	4403823.00	4403817.00	0.00	0.00	
151	5001159.00	0.00	0.00	0.00	4422305.00	4422261.00	0.00	0.00	
152	5038736.00	0.00	0.00	0.00	4421255.00	4421276.00	0.00	0.00	
153	5071873.00	0.00	0.00	0.00	4422407.00	4422405.00	0.00	0.00	
154	5108952.00	0.00	0.00	0.00	4428291.00	4428267.00	0.00	0.00	
155	5074059.00	0.00	0.00	0.00	4427757.00	4427748.00	0.00	0.00	
156	5014941.00	0.00	0.00	0.00	4423879.00	4423862.00	0.00	0.00	
157	4984466.00	0.00	0.00	0.00	4412752.00	4412724.00	0.00	0.00	
158	5001998.00	0.00	0.00	0.00	4420977.00	4421002.00	0.00	0.00	
159	5008399.00	0.00	0.00	0.00	4428201.00	4428222.00	0.00	0.00	
160	5029436.00	0.00	0.00	0.00	4429538.00	4429537.00	0.00	0.00	
161	5086541.00	0.00	0.00	0.00	4429151.00	4429095.00	0.00	0.00	
162	5097797.00	0.00	0.00	0.00	4433647.00	4433656.00	0.00	0.00	
163	5053548.00	0.00	0.00	0.00	4433328.00	4433261.00	0.00	0.00	
164	5052523.00	0.00	0.00	0.00	4432382.00	4432411.00	0.00	0.00	
165	5005527.00	0.00	0.00	0.00	4432696.00	4432645.00	0.00	0.00	
166	5023508.00	0.00	0.00	0.00	4430593.00	4430579.00	0.00	0.00	
167	5043742.00	0.00	0.00	0.00	4427625.00	4427606.00	0.00	0.00	
168	5029272.00	0.00	0.00	0.00	4428087.00	4428081.00	0.00	0.00	
169	5034726.00	0.00	0.00	0.00	4428473.00	4428464.00	0.00	0.00	
170	5025845.00	0.00	0.00	0.00	4435399.00	4435403.00	0.00	0.00	
