second	tx	tx_get	tx_put	tx_del	rx	rx_getSucc	rx_putSucc	rx_delSucc
2	5176147.00	0.00	0.00	0.00	4465579.00	4465538.00	0.00	0.00	
3	5246710.00	0.00	0.00	0.00	4468049.00	4468057.00	0.00	0.00	
4	5265587.00	0.00	0.00	0.00	4465209.00	4465238.00	0.00	0.00	
5	5290442.00	0.00	0.00	0.00	4462509.00	4462488.00	0.00	0.00	
6	5293745.00	0.00	0.00	0.00	4462387.00	4462342.00	0.00	0.00	
7	5284334.00	0.00	0.00	0.00	4464567.00	4464595.00	0.00	0.00	
8	5260025.00	0.00	0.00	0.00	4460585.00	4460587.00	0.00	0.00	
9	5235498.00	0.00	0.00	0.00	4462395.00	4462386.00	0.00	0.00	
10	5213295.00	0.00	0.00	0.00	4465086.00	4465108.00	0.00	0.00	
11	5250701.00	0.00	0.00	0.00	4468249.00	4468195.00	0.00	0.00	
12	5241247.00	0.00	0.00	0.00	4462615.00	4462630.00	0.00	0.00	
13	5209707.00	0.00	0.00	0.00	4465977.00	4465988.00	0.00	0.00	
14	5249424.00	0.00	0.00	0.00	4465281.00	4465261.00	0.00	0.00	
15	5242881.00	0.00	0.00	0.00	4463776.00	4463775.00	0.00	0.00	
16	5269639.00	0.00	0.00	0.00	4464696.00	4464713.00	0.00	0.00	
17	5244150.00	0.00	0.00	0.00	4459215.00	4459193.00	0.00	0.00	
18	5238718.00	0.00	0.00	0.00	4458601.00	4458582.00	0.00	0.00	
19	5192052.00	0.00	0.00	0.00	4462230.00	4462242.00	0.00	0.00	
20	5231530.00	0.00	0.00	0.00	4460965.00	4460951.00	0.00	0.00	
21	5265591.00	0.00	0.00	0.00	4464454.00	4464451.00	0.00	0.00	
22	6027810.00	0.00	0.00	0.00	2085659.00	2085383.00	0.00	0.00	
23	5334961.00	0.00	0.00	0.00	3514012.00	3513384.00	0.00	0.00	
24	5179976.00	0.00	0.00	0.00	3942532.00	3942351.00	0.00	0.00	
25	5115281.00	0.00	0.00	0.00	4130911.00	4130763.00	0.00	0.00	
26	5084942.00	0.00	0.00	0.00	4250771.00	4250619.00	0.00	0.00	
27	5064781.00	0.00	0.00	0.00	4255730.00	4255740.00	0.00	0.00	
28	5043656.00	0.00	0.00	0.00	4308449.00	4308345.00	0.00	0.00	
29	5005982.00	0.00	0.00	0.00	4376407.00	4376306.00	0.00	0.00	
30	5020286.00	0.00	0.00	0.00	4407549.00	4407423.00	0.00	0.00	
31	5047201.00	0.00	0.00	0.00	4418589.00	4418441.00	0.00	0.00	
32	5016900.00	0.00	0.00	0.00	4422047.00	4421999.00	0.00	0.00	
33	4999424.00	0.00	0.00	0.00	4420448.00	4420395.00	0.00	0.00	
34	4995224.00	0.00	0.00	0.00	4420496.00	4420367.00	0.00	0.00	
35	4999996.00	0.00	0.00	0.00	4424321.00	4424212.00	0.00	0.00	
36	4993214.00	0.00	0.00	0.00	4425664.00	4425619.00	0.00	0.00	
37	4982680.00	0.00	0.00	0.00	4428227.00	4428219.00	0.00	0.00	
38	4968436.00	0.00	0.00	0.00	4425425.00	4425361.00	0.00	0.00	
39	4959675.00	0.00	0.00	0.00	4429980.00	4429919.00	0.00	0.00	
40	4985581.00	0.00	0.00	0.00	4433727.00	4433643.00	0.00	0.00	
41	5015697.00	0.00	0.00	0.00	4440957.00	4440963.00	0.00	0.00	
42	5016664.00	0.00	0.00	0.00	4441405.00	4441311.00	0.00	0.00	
43	5005037.00	0.00	0.00	0.00	4439529.00	4439489.00	0.00	0.00	
44	5000439.00	0.00	0.00	0.00	4439795.00	4439727.00	0.00	0.00	
45	5004804.00	0.00	0.00	0.00	4444807.00	4444848.00	0.00	0.00	
46	5001176.00	0.00	0.00	0.00	4442590.00	4442523.00	0.00	0.00	
47	4994066.00	0.00	0.00	0.00	4442864.00	4442811.00	0.00	0.00	
48	4965426.00	0.00	0.00	0.00	4442508.00	4442496.00	0.00	0.00	
49	4972667.00	0.00	0.00	0.00	4442336.00	4442241.00	0.00	0.00	
50	5041874.00	0.00	0.00	0.00	4456502.00	4456453.00	0.00	0.00	
51	5042275.00	0.00	0.00	0.00	4459008.00	4459003.00	0.00	0.00	
52	5019772.00	0.00	0.00	0.00	4456502.00	4456482.00	0.00	0.00	
53	5019078.00	0.00	0.00	0.00	4457850.00	4457811.00	0.00	0.00	
54	5008634.00	0.00	0.00	0.00	4457034.00	4457038.00	0.00	0.00	
55	4989216.00	0.00	0.00	0.00	4450323.00	4450274.00	0.00	0.00	
56	4975499.00	0.00	0.00	0.00	4448311.00	4448316.00	0.00	0.00	
57	4977782.00	0.00	0.00	0.00	4448809.00	4448804.00	0.00	0.00	
58	4976651.00	0.00	0.00	0.00	4449222.00	4449223.00	0.00	0.00	
59	4969099.00	0.00	0.00	0.00	4450430.00	4450368.00	0.00	0.00	
60	5008971.00	0.00	0.00	0.00	4457898.00	4457876.00	0.00	0.00	
61	5000307.00	0.00	0.00	0.00	4455079.00	4455083.00	0.00	0.00	
62	4996411.00	0.00	0.00	0.00	4454929.00	4454895.00	0.00	0.00	
63	4967600.00	0.00	0.00	0.00	4451061.00	4451066.00	0.00	0.00	
64	4972406.00	0.00	0.00	0.00	4452548.00	4452513.00	0.00	0.00	
65	4959671.00	0.00	0.00	0.00	4449984.00	4449994.00	0.00	0.00	
66	4951724.00	0.00	0.00	0.00	4448165.00	4448131.00	0.00	0.00	
67	4974526.00	0.00	0.00	0.00	4448566.00	4448568.00	0.00	0.00	
68	4990087.00	0.00	0.00	0.00	4451229.00	4451185.00	0.00	0.00	
69	5004063.00	0.00	0.00	0.00	4459226.00	4459255.00	0.00	0.00	
70	4992660.00	0.00	0.00	0.00	4458648.00	4458604.00	0.00	0.00	
71	5048882.00	0.00	0.00	0.00	4462574.00	4462582.00	0.00	0.00	
72	6046646.00	0.00	0.00	0.00	2053156.00	2053156.00	0.00	0.00	
73	5536407.00	0.00	0.00	0.00	2999219.00	2998512.00	0.00	0.00	
74	5199626.00	0.00	0.00	0.00	3809422.00	3809116.00	0.00	0.00	
75	5109529.00	0.00	0.00	0.00	4066003.00	4065824.00	0.00	0.00	
76	5050426.00	0.00	0.00	0.00	4221258.00	4221131.00	0.00	0.00	
77	5029404.00	0.00	0.00	0.00	4266261.00	4266205.00	0.00	0.00	
78	5107874.00	0.00	0.00	0.00	4291284.00	4291212.00	0.00	0.00	
79	5109124.00	0.00	0.00	0.00	4384394.00	4384293.00	0.00	0.00	
80	5117725.00	0.00	0.00	0.00	4414346.00	4414241.00	0.00	0.00	
81	5100073.00	0.00	0.00	0.00	4421549.00	4421440.00	0.00	0.00	
82	5077155.00	0.00	0.00	0.00	4422797.00	4422751.00	0.00	0.00	
83	5053373.00	0.00	0.00	0.00	4426286.00	4426191.00	0.00	0.00	
84	5023660.00	0.00	0.00	0.00	4430824.00	4430762.00	0.00	0.00	
85	5017253.00	0.00	0.00	0.00	4432362.00	4432266.00	0.00	0.00	
86	4998215.00	0.00	0.00	0.00	4429410.00	4429386.00	0.00	0.00	
87	4993773.00	0.00	0.00	0.00	4434707.00	4434662.00	0.00	0.00	
88	5008001.00	0.00	0.00	0.00	4434907.00	4434832.00	0.00	0.00	
89	5051453.00	0.00	0.00	0.00	4441615.00	4441538.00	0.00	0.00	
90	5082620.00	0.00	0.00	0.00	4443087.00	4443041.00	0.00	0.00	
91	5072257.00	0.00	0.00	0.00	4441053.00	4441015.00	0.00	0.00	
92	5064105.00	0.00	0.00	0.00	4446954.00	4446912.00	0.00	0.00	
93	5058677.00	0.00	0.00	0.00	4447202.00	4447111.00	0.00	0.00	
94	5031510.00	0.00	0.00	0.00	4444994.00	4445001.00	0.00	0.00	
95	5055862.00	0.00	0.00	0.00	4444471.00	4444408.00	0.00	0.00	
96	5074280.00	0.00	0.00	0.00	4450513.00	4450454.00	0.00	0.00	
97	5056673.00	0.00	0.00	0.00	4455475.00	4455457.00	0.00	0.00	
98	5041149.00	0.00	0.00	0.00	4456780.00	4456747.00	0.00	0.00	
99	5031426.00	0.00	0.00	0.00	4450221.00	4450241.00	0.00	0.00	
100	5006385.00	0.00	0.00	0.00	4448017.00	4447970.00	0.00	0.00	
101	4992473.00	0.00	0.00	0.00	4446732.00	4446703.00	0.00	0.00	
102	4973493.00	0.00	0.00	0.00	4444653.00	4444612.00	0.00	0.00	
103	4959194.00	0.00	0.00	0.00	4440740.00	4440754.00	0.00	0.00	
104	4980372.00	0.00	0.00	0.00	4441126.00	4441090.00	0.00	0.00	
105	5016511.00	0.00	0.00	0.00	4444652.00	4444622.00	0.00	0.00	
106	5052625.00	0.00	0.00	0.00	4454741.00	4454736.00	0.00	0.00	
107	5039130.00	0.00	0.00	0.00	4454698.00	4454703.00	0.00	0.00	
108	5025031.00	0.00	0.00	0.00	4454039.00	4453979.00	0.00	0.00	
109	5055534.00	0.00	0.00	0.00	4458179.00	4458198.00	0.00	0.00	
110	5038561.00	0.00	0.00	0.00	4458951.00	4458941.00	0.00	0.00	
111	5038077.00	0.00	0.00	0.00	4462373.00	4462375.00	0.00	0.00	
112	5037255.00	0.00	0.00	0.00	4459550.00	4459463.00	0.00	0.00	
113	5031489.00	0.00	0.00	0.00	4456833.00	4456826.00	0.00	0.00	
114	5030443.00	0.00	0.00	0.00	4455044.00	4455018.00	0.00	0.00	
115	5020357.00	0.00	0.00	0.00	4453892.00	4453911.00	0.00	0.00	
116	4987277.00	0.00	0.00	0.00	4448553.00	4448552.00	0.00	0.00	
117	4987153.00	0.00	0.00	0.00	4453074.00	4453044.00	0.00	0.00	
118	5015479.00	0.00	0.00	0.00	4453858.00	4453870.00	0.00	0.00	
119	5020939.00	0.00	0.00	0.00	4451418.00	4451353.00	0.00	0.00	
120	5015972.00	0.00	0.00	0.00	4450530.00	4450558.00	0.00	0.00	
121	5012817.00	0.00	0.00	0.00	4452766.00	4452725.00	0.00	0.00	
122	5998358.00	0.00	0.00	0.00	2117365.00	2117402.00	0.00	0.00	
123	5997598.00	0.00	0.00	0.00	2115907.00	2115504.00	0.00	0.00	
124	5322785.00	0.00	0.00	0.00	3543178.00	3542702.00	0.00	0.00	
125	5200362.00	0.00	0.00	0.00	3947033.00	3946844.00	0.00	0.00	
126	5176742.00	0.00	0.00	0.00	4130750.00	4130573.00	0.00	0.00	
127	5128506.00	0.00	0.00	0.00	4258826.00	4258741.00	0.00	0.00	
128	5131099.00	0.00	0.00	0.00	4246750.00	4246740.00	0.00	0.00	
129	5089875.00	0.00	0.00	0.00	4333119.00	4332967.00	0.00	0.00	
130	5051979.00	0.00	0.00	0.00	4391843.00	4391713.00	0.00	0.00	
131	5045584.00	0.00	0.00	0.00	4411338.00	4411236.00	0.00	0.00	
132	5029924.00	0.00	0.00	0.00	4419779.00	4419617.00	0.00	0.00	
133	5016243.00	0.00	0.00	0.00	4416942.00	4416976.00	0.00	0.00	
134	5052325.00	0.00	0.00	0.00	4426081.00	4425967.00	0.00	0.00	
135	5050039.00	0.00	0.00	0.00	4434027.00	4433908.00	0.00	0.00	
136	5032887.00	0.00	0.00	0.00	4430106.00	4430036.00	0.00	0.00	
137	5045193.00	0.00	0.00	0.00	4437013.00	4436962.00	0.00	0.00	
138	5064288.00	0.00	0.00	0.00	4439803.00	4439674.00	0.00	0.00	
139	5055276.00	0.00	0.00	0.00	4441022.00	4440997.00	0.00	0.00	
140	5040350.00	0.00	0.00	0.00	4440960.00	4440968.00	0.00	0.00	
141	5026043.00	0.00	0.00	0.00	4439707.00	4439681.00	0.00	0.00	
142	5022758.00	0.00	0.00	0.00	4440103.00	4440041.00	0.00	0.00	
143	5019353.00	0.00	0.00	0.00	4443383.00	4443310.00	0.00	0.00	
144	5021654.00	0.00	0.00	0.00	4446129.00	4446108.00	0.00	0.00	
145	5056499.00	0.00	0.00	0.00	4447476.00	4447447.00	0.00	0.00	
146	5065885.00	0.00	0.00	0.00	4451238.00	4451192.00	0.00	0.00	
147	5035248.00	0.00	0.00	0.00	4444795.00	4444770.00	0.00	0.00	
148	5026172.00	0.00	0.00	0.00	4443999.00	4443987.00	0.00	0.00	
149	5025261.00	0.00	0.00	0.00	4448081.00	4448034.00	0.00	0.00	
150	5042016.00	0.00	0.00	0.00	4453682.00	4453687.00	0.00	0.00	
151	5035206.00	0.00	0.00	0.00	4450618.00	4450617.00	0.00	0.00	
152	5014964.00	0.00	0.00	0.00	4451784.00	4451726.00	0.00	0.00	
153	5025356.00	0.00	0.00	0.00	4453264.00	4453205.00	0.00	0.00	
154	5036024.00	0.00	0.00	0.00	4451279.00	4451321.00	0.00	0.00	
155	5093984.00	0.00	0.00	0.00	4456940.00	4456847.00	0.00	0.00	
156	5104301.00	0.00	0.00	0.00	4453525.00	4453558.00	0.00	0.00	
157	5100900.00	0.00	0.00	0.00	4453166.00	4453171.00	0.00	0.00	
158	5061572.00	0.00	0.00	0.00	4455518.00	4455456.00	0.00	0.00	
159	5047158.00	0.00	0.00	0.00	4455271.00	4455237.00	0.00	0.00	
160	5018253.00	0.00	0.00	0.00	4448555.00	4448547.00	0.00	0.00	
161	5023755.00	0.00	0.00	0.00	4451468.00	4451466.00	0.00	0.00	
162	5071585.00	0.00	0.00	0.00	4463215.00	4463206.00	0.00	0.00	
163	5054901.00	0.00	0.00	0.00	4461434.00	4461396.00	0.00	0.00	
164	5033033.00	0.00	0.00	0.00	4463104.00	4463130.00	0.00	0.00	
165	5037255.00	0.00	0.00	0.00	4466719.00	4466699.00	0.00	0.00	
166	5035966.00	0.00	0.00	0.00	4457958.00	4457911.00	0.00	0.00	
167	5037084.00	0.00	0.00	0.00	4460778.00	4460829.00	0.00	0.00	
168	5043569.00	0.00	0.00	0.00	4459589.00	4459569.00	0.00	0.00	
169	5042682.00	0.00	0.00	0.00	4460094.00	4460083.00	0.00	0.00	
170	5039909.00	0.00	0.00	0.00	4461371.00	4461352.00	0.00	0.00	
