4589
2876
3663
4263
2909
2886
4033
3959
3763
3586
5320
3626
4307
3916
5380
4054
3410
5677
3370
3489
3162
4447
4214
3179
3223
4542
4328
3201
3375
3494
2824
2692
4142
2647
3961
3130
3590
3097
3911
2841
3589
3082
3305
3254
3582
5037
4396
4207
3886
3033
4065
3472
3746
4734
4136
3308
4282
3116
4400
4189
3651
3260
4272
2450
3027
3051
3166
3235
4332
3648
3692
3901
4108
3452
3083
3084
3164
4889
3330
3633
4842
3968
3784
2544
3460
3529
2600
3883
4034
3960
3069
3463
3595
2693
3020
2721
3480
2904
3860
2817
4568
3387
5180
3635
3120
3845
3153
4718
3256
3865
3731
3785
4289
3520
4233
3579
3037
3957
3358
2850
3244
2966
3125
2595
3636
4044
4387
3605
3357
3716
3052
3928
2958
3229
4093
3853
3442
5324
2954
3575
3758
3274
2916
4192
3134
3202
4144
3729
2993
2786
3016
3222
3786
3015
3014
2646
3241
3864
3749
3177
3085
4165
4848
4088
3858
4433
3682
3534
3808
3915
3761
3509
3232
3888
3554
3213
3620
3435
3369
3503
3709
2949
3800
3293
3132
3429
4109
4341
3727
3168
3290
3750
3457
3610
5008
4478
3908
3949
3556
3395
2957
4061
2911
4021
3209
3344
2794
3713
5805
3693
3569
4719
3363
2602
4639
2624
3138
2967
4576
4208
2964
3400
2901
4134
3397
3384
3131
3188
4177
3072
4521
4205
3187
2655
3874
3528
4308
3476
2508
3010
5173
3558
4885
2659
3374
3060
3645
3345
2654
3089
3910
4198
3267
3258
3311
3034
4137
3365
2774
3003
3991
4152
3439
2907
3436
4240
3433
3159
3364
3891
3890
3705
3612
4227
4001
3172
2684
3243
2809
3327
3897
3530
3044
3659
2972
2788
3386
3522
4833
3405
3730
3471
2689
2642
3192
3611
3627
3420
3046
3419
3418
3769
3301
2771
3712
4429
3914
3507
2870
2491
3185
3186
3174
2298
3601
3606
3833
3109
2462
3378
3217
4297
3754
3078
4458
4089
3767
4250
3007
4249
3598
2943
4644
3580
3970
2796
2980
2658
3233
3117
3576
2586
3275
2815
3641
3077
2813
4685
2560
3227
3249
3087
3294
2535
2971
2717
4554
3101
3246
3197
3178
2782
3011
3127
2528
3323
2574
2551
3149
3218
2758
3333
2826
2872
3791
2571
2533
2548
3031
3053
2846
2590
2888
2359
2358
2518
2380
2493
2562
3661
2628
3272
3063
2879
3175
2856
2465
3728
2255
3404
3496
3128
2920
3103
2988
3655
2941
2641
3998
5386
3951
3428
2455
2891
2591
3264
3211
2934
2587
3484
4150
2632
3068
2906
3066
2997
2835
2973
2832
3008
3176
2670
2599
4416
2751
2620
2757
3792
2389
3815
2527
2504
2387
2939
2915
2884
2821
2844
4867
2567
2680
4220
2564
2747
2838
3597
3035
2514
3226
2719
2650
2558
3477
2464
3935
2921
3719
3427
2897
2804
4319
2318
2798
2936
2476
4293
4292
2473
2634
4183
2864
3253
3642
2584
2859
2376
2371
2668
2760
3587
3540
4575
2918
3700
3347
2779
3975
2963
4313
2593
3270
2338
3747
3879
3071
5526
3689
3043
2629
2420
3615
2557
2855
2579
2831
2601
2370
2439
4358
2572
2413
2482
2712
2778
2799
2568
3649
2268
2704
3462
2471
4748
3228
2582
2899
3547
2952
2742
2995
2695
3062
2350
2487
2372
2485
2714
4830
2438
2690
3081
4002
3955
2919
2559
2688
4160
3215
2753
3474
2592
3448
2960
2522
2867
3056
3625
3225
2337
2681
3624
2612
2887
3945
2933
3898
2885
2356
3160
3091
2631
3475
2677
2768
4330
3042
2605
2766
2811
2302
2348
2806
2942
2412
2940
3422
3974
2384
2982
2797
2429
2840
3184
2425
2332
3090
2860
2974
2720
2902
3585
2212
4304
2510
2808
4080
3038
2785
2278
4140
2346
2805
3012
2483
2481
2274
2895
3742
2434
3124
3676
4480
2892
2405
2611
2335
3024
2793
2606
2603
2944
2828
2390
2853
3424
2618
3789
3216
3123
2501
4091
2589
2852
2726
3070
2723
2608
3413
2861
2398
2536
2673
2672
2488
2740
2578
3666
4275
2526
2546
4409
2729
2682
3279
2653
3665
3297
3079
2675
2304
2281
3126
2827
3634
4069
2619
3193
2342
2363
2662
2756
2776
3189
2301
2638
3398
2521
2657
2837
2790
2651
2996
2258
2373
2257
2992
2507
2917
3284
2731
2336
2865
2819
2541
2539
2469
2626
2648
2395
2671
2645
2597
2803
2894
2457
2610
2248
2340
2362
2913
2498
2613
3004
3324
2678
2928
2490
2529
2367
2319
2617
2755
2777
3720
2569
2706
2430
2820
2404
2402
2998
3064
2676
2780
2983
2614
2441
2232
2320
2202
2198
2064
2761
2264
2066
2214
2203
2424
3407
2176
2243
2242
3312
2217
2446
2300
2173
2159
2241
2208
2147
2459
2181
2167
2725
2187
2216
2530
3841
2250
2497
2195
2189
2317
3059
2240
3631
2295
2168
3793
2188
2130
2325
3289
2293
2157
2306
2171
4767
2252
2229
2186
2556
2197
2127
2156
2170
3206
2251
2323
2237
2169
2270
2193
2129
2748
2141
2239
2223
2136
2292
2177
3869
2245
2140
2607
2273
2287
2199
2236
3425
2227
2297
2307
2163
2354
2697
2218
2433
3105
2148
2166
2234
2164
2230
2185
2228
2194
2262
2191
2152
2290
2142
2132
2153
2296
2162
2639
2133
2207
2184
2313
2100
2101
2206
2718
2071
2479
2061
3401
2146
2105
2080
2767
2097
3657
2150
2088
2083
2092
2505
2160
2315
2093
2555
2174
2516
2122
2090
2391
2215
2182
2698
2074
2112
2082
2085
2415
2051
2158
2114
2458
2077
3414
2096
2314
3990
2261
2070
3818
2102
2057
4008
2238
3811
2062
2669
2095
2276
2081
2119
2442
2144
3941
2117
2125
2448
2201
2154
2075
3441
2477
2200
2076
2135
2086
2179
2947
2149
3417
3704
2054
2472
2263
2059
2052
2910
2058
3622
2104
2055
2056
2111
2065
4119
2224
2269
2309
2165
2118
2079
4742
2053
2874
2109
2299
2050
3100
2225
2049
2707
2078
2213
2072
2143
2468
2084
2067
2849
2091
2210
2128
2520
2137
2063
2094
2069
3099
2365
2124
2789
2219
3113
2108
2326
3849
2103
2048
2099
2120
2110
2316
4117
2098
3148
4079
2445
2294
2379
2123
2347
3536
2180
3780
2107
2178
2192
2121
2113
2378
2183
2060
2115
2454
3577
2106
2277
2145
2116
3423
2196
2068
2087
2343
2134
2540
2126
2089
2421
2139
2151
2409
2131
2423
2929
2073
2138
2220
2155
2161
2396
2331
2226
2244
2247
2291
3036
2205
3801
2399
2353
2385
2204
2260
2408
3570
2221
2977
2282
3756
2253
3430
2235
2513
2401
2896
2432
2926
2357
2898
2496
2267
2246
2825
3173
2447
3411
3058
2330
2310
2345
3195
2407
2436
2687
2344
2254
3674
2321
2360
2377
2474
2249
2369
2630
2411
2443
2355
2400
2271
2308
2665
2575
2231
3809
2478
2553
2499
2492
2366
2383
2881
2256
3880
2285
3662
2286
3487
2428
2543
2495
2361
2175
3261
2388
2437
2233
2750
2431
3019
2364
2656
2322
3504
2686
3574
2549
2279
2190
2284
2640
2341
2475
2211
2375
2329
2288
2452
2283
2594
3408
2735
2327
2305
2352
2978
4384
2333
2266
2265
2222
2386
2275
2511
2172
2633
2699
2814
2312
3329
2456
3288
2209
2609
2937
2500
2461
2303
2334
2289
3150
2691
2480
2397
2351
2515
3491
2985
4658
2414
3137
2696
2467
2422
3550
3723
2616
2525
2503
2463
2280
2259
2392
2537
2588
2382
2339
4071
2615
2272
4753
2552
2703
3619
2702
2772
3409
3969
3702
4201
2406
3382
2381
3257
2737
2858
3594
3893
3467
3773
2733
2854
3247
2822
3262
2762
4473
2652
3163
2440
2927
3045
4219
3307
2711
2781
2666
2873
2598
2416
2930
3508
2451
2410
3040
2328
2489
4283
2744
4014
2427
3832
3328
3032
2506
3266
3152
3668
3002
3456
2561
3092
3483
2311
2635
4803
3377
3006
2903
3021
2770
3023
2622
2486
4399
3372
2523
2576
3842
2649
2834
3054
2494
2517
2709
3287
3931
4129
2727
2661
2685
4414
3219
2759
3136
4696
2419
4055
2724
4151
2502
2965
2968
2393
2812
4423
3112
3373
2845
2869
4618
4713
2784
2349
2418
4149
2403
2708
3583
2734
2368
2484
2830
3825
2722
4265
3207
3047
2986
3236
2877
2580
2810
2585
3346
3497
3278
2818
2775
2868
3122
3331
2875
2900
2741
4539
3245
3237
2643
3542
4094
3362
3111
3939
3660
2573
2981
2621
2324
2394
2417
2532
4515
3459
3992
3538
2773
3281
3074
3765
3098
3445
2848
3952
3677
3379
3933
4764
2948
3895
2745
3065
2816
2701
2563
3326
4264
2453
3647
2990
2531
3337
3498
3490
3434
2374
2765
3018
3296
4356
3161
3806
2519
3028
3882
2956
2736
3699
3656
3565
4509
2764
2444
3135
3158
3067
3366
2542
2728
4822
3350
3341
3214
3623
3836
3468
2989
3519
2783
3061
3080
3017
2581
3572
3481
2700
4037
3735
3022
3086
3371
3142
2752
2660
3075
3190
2524
2547
2596
3426
4185
3984
2716
3454
3478
3283
3593
3157
3717
3412
3527
2792
4195
3505
2979
3325
3119
3698
3814
3539
2435
3861
4092
4741
3335
3798
2625
3231
3614
4190
3447
2882
2538
3343
3093
3210
3739
4798
3510
3697
2754
3561
3282
3009
3171
3516
4254
3518
3013
3049
3292
2787
2880
3393
3985
3526
3803
3277
4897
3599
4175
3486
3855
3557
3604
2730
2570
4388
3515
4067
4279
5289
2644
2991
2969
3532
3775
3453
3263
3799
4676
3822
5416
3778
3640
3618
4032
3259
3919
3250
3286
3876
2565
4347
3108
3900
4274
2545
5929
4024
4320
2871
2802
2842
4758
3139
5702
3380
4370
2923
3962
4060
4559
3680
3110
3524
2583
2746
4426
3094
3095
2889
3165
3096
5995
2945
3995
3196
4253
4277
2623
3678
4551
3332
4573
4389
2847
2893
4503
4020
3673
5357
2694
2763
4052
3802
3872
3942
4631
3965
3650
2999
3737
3600
2449
4705
3208
3302
2705
3774
2984
3559
4364
3652
3446
3238
2550
3248
3255
2829
3240
3306
4000
2738
3820
4097
3118
3269
3546
2534
2994
2466
3444
4100
2950
3779
3664
2836
3389
4792
3826
3390
4333
3781
3230
3239
3115
3667
3715
4422
5166
3396
3473
4800
3581
3167
3121
3030
2800
3562
3376
3145
3976
4988
4138
4690
3646
3403
2554
3451
3212
4073
3843
3360
2833
3616
3029
3848
2908
3183
3804
2970
2839
3300
2426
3553
5136
4806
4336
4260
2636
4368
3309
4063
3788
3351
3443
3904
2922
2924
3169
3322
4667
3541
4645
4139
3388
3381
3415
3653
2807
2739
3156
3199
4213
3224
2512
2627
4905
3644
4278
4017
3342
2953
4517
3321
4449
3299
3317
3506
2912
3485
3359
3303
3280
3242
3903
3834
2961
3996
2664
3318
4550
3768
3310
3265
3334
2851
3406
3151
3221
4309
4084
2509
4143
3545
3200
3338
4011
2938
3753
4043
3707
2935
3316
3501
5341
3133
2743
4744
3479
2987
3320
3182
3313
3368
2931
3001
2749
3140
4168
3073
4665
3181
4500
3005
3304
2959
3449
5313
3584
3552
3926
4731
3724
3352
3421
3513
4847
3502
3954
2460
4670
3517
2866
2710
4484
3523
3438
3104
3932
3025
3887
4232
4145
3170
4510
3816
3268
3361
2878
2577
5132
3385
3276
3500
4420
3129
5042
2604
3198
4031
3755
3026
2674
4030
3511
3114
3180
2951
2905
3291
2801
3146
3204
3057
3732
4095
2975
3205
4355
4103
3950
3940
3714
3852
4199
3348
3703
4751
3672
2890
3948
4730
3106
4662
5145
3866
3144
3349
3392
3551
3766
3191
3050
2732
3353
3721
3905
3055
3147
3354
3314
4505
4229
3953
3440
4248
3592
3102
3470
5469
3862
3751
3563
3319
3770
3978
3881
3857
4392
3252
4362
4072
2715
3868
3383
3544
3107
3194
3154
3391
5271
3155
2925
4466
2863
3339
3394
4483
3340
3431
3041
5939
3892
3564
3141
5618
3088
3722
3602
3548
3203
4630
2667
3850
4216
4446
3251
2791
3573
4655
3643
3298
2769
3549
3482
3295
3271
2955
3000
3621
3989
3588
2932
3691
2679
2795
3048
4359
5164
3812
2566
3464
2823
4821
4154
2976
3143
3613
2637
4018
4524
4064
2683
3609
2914
3076
3628
2663
4074
3790
3701
2883
3039
3671
3930
4424
3399
3967
3336
2862
2470
4035
4186
3512
2843
3466
3560
4234
3285
4377
5237
3824
3856
3499
3777
3432
2962
4385
3273
3525
3912
3514
4371
2857
2946
3759
2713
