second	tx	tx_get	tx_put	tx_del	rx	rx_getSucc	rx_putSucc	rx_delSucc
1	213688848.00	213688848.00	0.00	0.00	210951520.00	210951376.00	0.00	0.00	0.00	0.00
2	44771608.00	44771608.00	0.00	0.00	44289104.00	44289084.00	0.00	0.00	0.00	0.00
3	44261948.00	44261948.00	0.00	0.00	43752384.00	43752392.00	0.00	0.00	0.00	0.00
4	44644608.00	44644608.00	0.00	0.00	44260384.00	44260344.00	0.00	0.00	0.00	0.00
5	44999752.00	44999752.00	0.00	0.00	44737988.00	44738016.00	0.00	0.00	0.00	0.00
6	45000044.00	45000044.00	0.00	0.00	44774096.00	44774060.00	0.00	0.00	0.00	0.00
7	44995264.00	44995264.00	0.00	0.00	44802896.00	44802864.00	0.00	0.00	0.00	0.00
8	45000044.00	45000044.00	0.00	0.00	44840680.00	44840688.00	0.00	0.00	0.00	0.00
9	45000180.00	45000180.00	0.00	0.00	44865572.00	44865560.00	0.00	0.00	0.00	0.00
10	44999656.00	44999656.00	0.00	0.00	44882724.00	44882704.00	0.00	0.00	0.00	0.00
11	44999336.00	44999336.00	0.00	0.00	44901868.00	44901856.00	0.00	0.00	0.00	0.00
12	45000684.00	45000684.00	0.00	0.00	44917056.00	44916996.00	0.00	0.00	0.00	0.00
13	44998608.00	44998608.00	0.00	0.00	44927664.00	44927632.00	0.00	0.00	0.00	0.00
14	45000552.00	45000556.00	0.00	0.00	44938240.00	44938296.00	0.00	0.00	0.00	0.00
15	44999728.00	44999724.00	0.00	0.00	44947976.00	44947960.00	0.00	0.00	0.00	0.00
16	44999572.00	44999572.00	0.00	0.00	44954580.00	44954560.00	0.00	0.00	0.00	0.00
17	44999672.00	44999672.00	0.00	0.00	44961256.00	44961220.00	0.00	0.00	0.00	0.00
18	44996820.00	44996820.00	0.00	0.00	44965184.00	44965144.00	0.00	0.00	0.00	0.00
19	44999476.00	44999476.00	0.00	0.00	44974264.00	44974248.00	0.00	0.00	0.00	0.00
20	45000304.00	45000304.00	0.00	0.00	44978816.00	44978836.00	0.00	0.00	0.00	0.00
21	44999580.00	44999580.00	0.00	0.00	44980700.00	44980692.00	0.00	0.00	0.00	0.00
22	44999748.00	44999748.00	0.00	0.00	44981844.00	44981828.00	0.00	0.00	0.00	0.00
23	44999600.00	44999600.00	0.00	0.00	44983372.00	44983312.00	0.00	0.00	0.00	0.00
24	45000120.00	45000112.00	0.00	0.00	44983876.00	44983880.00	0.00	0.00	0.00	0.00
25	44230220.00	44230220.00	0.00	0.00	43905592.00	43905624.00	0.00	0.00	0.00	0.00
26	43063456.00	43063456.00	0.00	0.00	42262464.00	42262444.00	0.00	0.00	0.00	0.00
27	43139816.00	43139816.00	0.00	0.00	42382044.00	42381960.00	0.00	0.00	0.00	0.00
28	44341732.00	44341732.00	0.00	0.00	44071168.00	44071240.00	0.00	0.00	0.00	0.00
29	44999616.00	44999612.00	0.00	0.00	44995648.00	44995608.00	0.00	0.00	0.00	0.00
30	44999344.00	44999344.00	0.00	0.00	44996008.00	44996024.00	0.00	0.00	0.00	0.00
31	45000136.00	45000136.00	0.00	0.00	44996208.00	44996168.00	0.00	0.00	0.00	0.00
32	44996760.00	44996752.00	0.00	0.00	44993800.00	44993756.00	0.00	0.00	0.00	0.00
33	44999588.00	44999588.00	0.00	0.00	44997688.00	44997704.00	0.00	0.00	0.00	0.00
34	44999856.00	44999856.00	0.00	0.00	44997740.00	44997736.00	0.00	0.00	0.00	0.00
35	45000588.00	45000588.00	0.00	0.00	44998712.00	44998720.00	0.00	0.00	0.00	0.00
36	44999548.00	44999552.00	0.00	0.00	44998008.00	44997976.00	0.00	0.00	0.00	0.00
37	44999840.00	44999836.00	0.00	0.00	44998136.00	44998120.00	0.00	0.00	0.00	0.00
38	44999600.00	44999600.00	0.00	0.00	44997764.00	44997764.00	0.00	0.00	0.00	0.00
39	44999636.00	44999636.00	0.00	0.00	44998416.00	44998400.00	0.00	0.00	0.00	0.00
40	45000208.00	45000208.00	0.00	0.00	44998732.00	44998716.00	0.00	0.00	0.00	0.00
41	44999988.00	44999988.00	0.00	0.00	44998948.00	44998948.00	0.00	0.00	0.00	0.00
42	44996336.00	44996336.00	0.00	0.00	44995680.00	44995680.00	0.00	0.00	0.00	0.00
43	44998492.00	44998500.00	0.00	0.00	44998272.00	44998256.00	0.00	0.00	0.00	0.00
44	45000080.00	45000080.00	0.00	0.00	44999376.00	44999376.00	0.00	0.00	0.00	0.00
45	44656664.00	44656664.00	0.00	0.00	44507764.00	44507740.00	0.00	0.00	0.00	0.00
46	44735656.00	44735656.00	0.00	0.00	44619852.00	44619816.00	0.00	0.00	0.00	0.00
47	44805132.00	44805132.00	0.00	0.00	44716616.00	44716616.00	0.00	0.00	0.00	0.00
48	44551916.00	44551920.00	0.00	0.00	44345780.00	44345800.00	0.00	0.00	0.00	0.00
49	44234744.00	44234736.00	0.00	0.00	43913320.00	43913288.00	0.00	0.00	0.00	0.00
50	43037804.00	43037804.00	0.00	0.00	42224408.00	42224416.00	0.00	0.00	0.00	0.00
51	42963360.00	42963360.00	0.00	0.00	42105448.00	42105396.00	0.00	0.00	0.00	0.00
52	44175412.00	44175412.00	0.00	0.00	43829204.00	43829220.00	0.00	0.00	0.00	0.00
53	44999780.00	44999780.00	0.00	0.00	44999828.00	44999784.00	0.00	0.00	0.00	0.00
54	45000416.00	45000416.00	0.00	0.00	44999752.00	44999756.00	0.00	0.00	0.00	0.00
55	44995756.00	44995752.00	0.00	0.00	44996164.00	44996108.00	0.00	0.00	0.00	0.00
56	44999380.00	44999380.00	0.00	0.00	44999256.00	44999268.00	0.00	0.00	0.00	0.00
57	45000400.00	45000400.00	0.00	0.00	45000160.00	45000156.00	0.00	0.00	0.00	0.00
58	44998944.00	44998944.00	0.00	0.00	44999144.00	44999120.00	0.00	0.00	0.00	0.00
59	44999904.00	44999904.00	0.00	0.00	44999960.00	44999912.00	0.00	0.00	0.00	0.00
60	45000400.00	45000400.00	0.00	0.00	45000224.00	45000208.00	0.00	0.00	0.00	0.00
61	44999824.00	44999824.00	0.00	0.00	44999656.00	44999656.00	0.00	0.00	0.00	0.00
62	44999876.00	44999876.00	0.00	0.00	45000088.00	45000080.00	0.00	0.00	0.00	0.00
63	44999848.00	44999848.00	0.00	0.00	45000124.00	45000072.00	0.00	0.00	0.00	0.00
64	45000244.00	45000240.00	0.00	0.00	44999904.00	44999912.00	0.00	0.00	0.00	0.00
65	44999800.00	44999800.00	0.00	0.00	44999492.00	44999512.00	0.00	0.00	0.00	0.00
66	44999356.00	44999356.00	0.00	0.00	44999632.00	44999624.00	0.00	0.00	0.00	0.00
67	44975368.00	44975368.00	0.00	0.00	44975316.00	44975268.00	0.00	0.00	0.00	0.00
68	45000076.00	45000076.00	0.00	0.00	44999936.00	44999924.00	0.00	0.00	0.00	0.00
69	44999864.00	44999864.00	0.00	0.00	44999968.00	44999960.00	0.00	0.00	0.00	0.00
70	44999836.00	44999836.00	0.00	0.00	45000048.00	45000056.00	0.00	0.00	0.00	0.00
71	44799976.00	44799976.00	0.00	0.00	44711048.00	44711024.00	0.00	0.00	0.00	0.00
72	44519724.00	44519724.00	0.00	0.00	44298784.00	44298764.00	0.00	0.00	0.00	0.00
73	44242096.00	44242100.00	0.00	0.00	43919968.00	43919956.00	0.00	0.00	0.00	0.00
74	43427264.00	43427256.00	0.00	0.00	42770664.00	42770632.00	0.00	0.00	0.00	0.00
75	42390944.00	42390944.00	0.00	0.00	41282300.00	41282300.00	0.00	0.00	0.00	0.00
76	43682360.00	43682360.00	0.00	0.00	43125336.00	43125336.00	0.00	0.00	0.00	0.00
77	44999912.00	44999912.00	0.00	0.00	45000184.00	45000124.00	0.00	0.00	0.00	0.00
78	44999840.00	44999840.00	0.00	0.00	44999940.00	44999960.00	0.00	0.00	0.00	0.00
79	45000144.00	45000144.00	0.00	0.00	44999836.00	44999812.00	0.00	0.00	0.00	0.00
80	45000248.00	45000248.00	0.00	0.00	44999976.00	44999996.00	0.00	0.00	0.00	0.00
81	44999972.00	44999972.00	0.00	0.00	44995296.00	44995232.00	0.00	0.00	0.00	0.00
82	44999592.00	44999592.00	0.00	0.00	45000092.00	45000112.00	0.00	0.00	0.00	0.00
83	45000344.00	45000344.00	0.00	0.00	45000024.00	45000032.00	0.00	0.00	0.00	0.00
84	44999868.00	44999868.00	0.00	0.00	44999920.00	44999856.00	0.00	0.00	0.00	0.00
85	45000108.00	45000108.00	0.00	0.00	45000088.00	45000088.00	0.00	0.00	0.00	0.00
86	44999716.00	44999720.00	0.00	0.00	44999888.00	44999888.00	0.00	0.00	0.00	0.00
87	45000272.00	45000272.00	0.00	0.00	45000056.00	45000040.00	0.00	0.00	0.00	0.00
88	44998952.00	44998956.00	0.00	0.00	44999096.00	44999104.00	0.00	0.00	0.00	0.00
89	44999972.00	44999976.00	0.00	0.00	44997956.00	44997944.00	0.00	0.00	0.00	0.00
90	44999980.00	44999976.00	0.00	0.00	45000048.00	44999956.00	0.00	0.00	0.00	0.00
91	44999904.00	44999904.00	0.00	0.00	44999888.00	44999948.00	0.00	0.00	0.00	0.00
92	45000576.00	45000576.00	0.00	0.00	45000220.00	45000216.00	0.00	0.00	0.00	0.00
93	44999576.00	44999576.00	0.00	0.00	44999840.00	44999832.00	0.00	0.00	0.00	0.00
94	45000028.00	45000028.00	0.00	0.00	44999872.00	44999832.00	0.00	0.00	0.00	0.00
95	44802384.00	44802384.00	0.00	0.00	44713472.00	44713424.00	0.00	0.00	0.00	0.00
96	44749984.00	44749984.00	0.00	0.00	44634528.00	44634572.00	0.00	0.00	0.00	0.00
97	44512436.00	44512436.00	0.00	0.00	28184108.00	28183260.00	0.00	0.00	0.00	0.00
98	42893728.00	42893728.00	0.00	0.00	37417072.00	37416884.00	0.00	0.00	0.00	0.00
99	41207012.00	41207012.00	0.00	0.00	38465176.00	38465136.00	0.00	0.00	0.00	0.00
100	43049104.00	43049104.00	0.00	0.00	39958856.00	39958816.00	0.00	0.00	0.00	0.00
101	44999888.00	44999888.00	0.00	0.00	41356064.00	41356016.00	0.00	0.00	0.00	0.00
102	45000280.00	45000280.00	0.00	0.00	41490688.00	41490712.00	0.00	0.00	0.00	0.00
103	44998776.00	44998776.00	0.00	0.00	41574672.00	41574616.00	0.00	0.00	0.00	0.00
104	45000004.00	45000004.00	0.00	0.00	41632784.00	41632788.00	0.00	0.00	0.00	0.00
105	45000064.00	45000064.00	0.00	0.00	41855228.00	41855204.00	0.00	0.00	0.00	0.00
106	44993468.00	44993468.00	0.00	0.00	42073064.00	42073068.00	0.00	0.00	0.00	0.00
107	45000064.00	45000064.00	0.00	0.00	42175320.00	42175308.00	0.00	0.00	0.00	0.00
108	45000216.00	45000216.00	0.00	0.00	42253016.00	42252996.00	0.00	0.00	0.00	0.00
109	44999616.00	44999620.00	0.00	0.00	42349776.00	42349764.00	0.00	0.00	0.00	0.00
110	45000036.00	45000036.00	0.00	0.00	42429604.00	42429604.00	0.00	0.00	0.00	0.00
111	45000088.00	45000096.00	0.00	0.00	42490016.00	42489992.00	0.00	0.00	0.00	0.00
112	44999888.00	44999888.00	0.00	0.00	42551284.00	42551252.00	0.00	0.00	0.00	0.00
113	45000152.00	45000152.00	0.00	0.00	42599184.00	42599200.00	0.00	0.00	0.00	0.00
114	44999824.00	44999824.00	0.00	0.00	42834940.00	42834888.00	0.00	0.00	0.00	0.00
115	45000092.00	45000092.00	0.00	0.00	43016472.00	43016476.00	0.00	0.00	0.00	0.00
116	44999980.00	44999980.00	0.00	0.00	43085328.00	43085292.00	0.00	0.00	0.00	0.00
117	44999896.00	44999896.00	0.00	0.00	43160272.00	43160280.00	0.00	0.00	0.00	0.00
118	44998992.00	44998992.00	0.00	0.00	43221480.00	43221472.00	0.00	0.00	0.00	0.00
119	44762752.00	44762752.00	0.00	0.00	43096036.00	43095992.00	0.00	0.00	0.00	0.00
120	44644276.00	44644276.00	0.00	0.00	43045640.00	43045656.00	0.00	0.00	0.00	0.00
121	44369920.00	44369920.00	0.00	0.00	42928340.00	42928308.00	0.00	0.00	0.00	0.00
122	43301980.00	43301980.00	0.00	0.00	42072640.00	42072632.00	0.00	0.00	0.00	0.00
123	41931040.00	41931040.00	0.00	0.00	40650392.00	40650380.00	0.00	0.00	0.00	0.00
124	43800308.00	43800308.00	0.00	0.00	42564724.00	42564688.00	0.00	0.00	0.00	0.00
125	44999840.00	44999840.00	0.00	0.00	43715920.00	43715924.00	0.00	0.00	0.00	0.00
126	45000108.00	45000108.00	0.00	0.00	43797404.00	43797384.00	0.00	0.00	0.00	0.00
127	44990680.00	44990680.00	0.00	0.00	43826248.00	43826232.00	0.00	0.00	0.00	0.00
128	45000080.00	45000080.00	0.00	0.00	43863552.00	43863544.00	0.00	0.00	0.00	0.00
129	44999916.00	44999916.00	0.00	0.00	43888216.00	43888180.00	0.00	0.00	0.00	0.00
130	45000096.00	45000096.00	0.00	0.00	43922860.00	43922864.00	0.00	0.00	0.00	0.00
131	44999940.00	44999940.00	0.00	0.00	43941508.00	43941500.00	0.00	0.00	0.00	0.00
132	44999808.00	44999812.00	0.00	0.00	43974956.00	43974928.00	0.00	0.00	0.00	0.00
133	44998016.00	44998016.00	0.00	0.00	44034064.00	44034048.00	0.00	0.00	0.00	0.00
134	44999964.00	44999960.00	0.00	0.00	44068912.00	44068908.00	0.00	0.00	0.00	0.00
135	45000220.00	45000220.00	0.00	0.00	44143992.00	44143968.00	0.00	0.00	0.00	0.00
136	44999796.00	44999796.00	0.00	0.00	44185476.00	44185496.00	0.00	0.00	0.00	0.00
137	44999776.00	44999776.00	0.00	0.00	44204552.00	44204548.00	0.00	0.00	0.00	0.00
138	44999776.00	44999776.00	0.00	0.00	44230976.00	44230968.00	0.00	0.00	0.00	0.00
139	44996296.00	44996296.00	0.00	0.00	44296284.00	44296252.00	0.00	0.00	0.00	0.00
140	44999560.00	44999564.00	0.00	0.00	44335308.00	44335304.00	0.00	0.00	0.00	0.00
141	44999804.00	44999804.00	0.00	0.00	44342716.00	44342664.00	0.00	0.00	0.00	0.00
142	44999928.00	44999928.00	0.00	0.00	44362496.00	44362528.00	0.00	0.00	0.00	0.00
143	44763104.00	44763104.00	0.00	0.00	44159780.00	44159744.00	0.00	0.00	0.00	0.00
144	44644644.00	44644644.00	0.00	0.00	44092116.00	44092108.00	0.00	0.00	0.00	0.00
145	44096632.00	44096636.00	0.00	0.00	43509868.00	43509884.00	0.00	0.00	0.00	0.00
146	42480416.00	42480412.00	0.00	0.00	41549672.00	41549664.00	0.00	0.00	0.00	0.00
147	41395080.00	41395080.00	0.00	0.00	40117784.00	40117768.00	0.00	0.00	0.00	0.00
148	43441164.00	43441164.00	0.00	0.00	42666696.00	42666680.00	0.00	0.00	0.00	0.00
149	44999924.00	44999924.00	0.00	0.00	44564552.00	44564516.00	0.00	0.00	0.00	0.00
150	44999848.00	44999848.00	0.00	0.00	44570176.00	44570192.00	0.00	0.00	0.00	0.00
151	45000244.00	45000244.00	0.00	0.00	44575952.00	44575888.00	0.00	0.00	0.00	0.00
152	44999904.00	44999904.00	0.00	0.00	44586028.00	44586056.00	0.00	0.00	0.00	0.00
153	45000156.00	45000152.00	0.00	0.00	44616892.00	44616844.00	0.00	0.00	0.00	0.00
154	44999888.00	44999888.00	0.00	0.00	44646484.00	44646488.00	0.00	0.00	0.00	0.00
155	44999916.00	44999916.00	0.00	0.00	44654824.00	44654780.00	0.00	0.00	0.00	0.00
156	45000028.00	45000028.00	0.00	0.00	44672352.00	44672344.00	0.00	0.00	0.00	0.00
157	44999904.00	44999904.00	0.00	0.00	44684528.00	44684528.00	0.00	0.00	0.00	0.00
158	45000140.00	45000140.00	0.00	0.00	44691384.00	44691360.00	0.00	0.00	0.00	0.00
159	44999376.00	44999376.00	0.00	0.00	44702176.00	44702176.00	0.00	0.00	0.00	0.00
160	44999916.00	44999916.00	0.00	0.00	44713688.00	44713684.00	0.00	0.00	0.00	0.00
161	40848712.00	40848712.00	0.00	0.00	39288092.00	39288032.00	0.00	0.00	0.00	0.00
162	40999756.00	40999756.00	0.00	0.00	39586304.00	39586272.00	0.00	0.00	0.00	0.00
163	41013452.00	41013452.00	0.00	0.00	39595936.00	39595992.00	0.00	0.00	0.00	0.00
164	43096684.00	43096684.00	0.00	0.00	42291612.00	42291568.00	0.00	0.00	0.00	0.00
165	44999936.00	44999936.00	0.00	0.00	44755496.00	44755520.00	0.00	0.00	0.00	0.00
166	45000024.00	45000024.00	0.00	0.00	44756272.00	44756252.00	0.00	0.00	0.00	0.00
167	45000048.00	45000048.00	0.00	0.00	44758864.00	44758780.00	0.00	0.00	0.00	0.00
168	45000024.00	45000024.00	0.00	0.00	44761504.00	44761548.00	0.00	0.00	0.00	0.00
169	44097072.00	44097072.00	0.00	0.00	43662416.00	43662408.00	0.00	0.00	0.00	0.00
170	42481088.00	42481088.00	0.00	0.00	41595896.00	41595868.00	0.00	0.00	0.00	0.00
171	41131508.00	41131508.00	0.00	0.00	39767816.00	39767784.00	0.00	0.00	0.00	0.00
172	43096968.00	43096968.00	0.00	0.00	42330152.00	42330096.00	0.00	0.00	0.00	0.00
173	45000208.00	45000208.00	0.00	0.00	44838288.00	44838328.00	0.00	0.00	0.00	0.00
174	45000148.00	45000148.00	0.00	0.00	44852552.00	44852540.00	0.00	0.00	0.00	0.00
175	44999948.00	44999948.00	0.00	0.00	44865864.00	44865872.00	0.00	0.00	0.00	0.00
176	44999104.00	44999104.00	0.00	0.00	44879848.00	44879808.00	0.00	0.00	0.00	0.00
177	44999996.00	44999996.00	0.00	0.00	44890672.00	44890664.00	0.00	0.00	0.00	0.00
178	44999540.00	44999540.00	0.00	0.00	44894244.00	44894260.00	0.00	0.00	0.00	0.00
179	45000132.00	45000132.00	0.00	0.00	44901356.00	44901316.00	0.00	0.00	0.00	0.00
180	44999920.00	44999920.00	0.00	0.00	44906100.00	44906076.00	0.00	0.00	0.00	0.00
181	44999852.00	44999852.00	0.00	0.00	44917624.00	44917636.00	0.00	0.00	0.00	0.00
182	45000192.00	45000192.00	0.00	0.00	44925408.00	44925400.00	0.00	0.00	0.00	0.00
183	44999928.00	44999928.00	0.00	0.00	44928196.00	44928128.00	0.00	0.00	0.00	0.00
184	45000056.00	45000056.00	0.00	0.00	44934052.00	44934072.00	0.00	0.00	0.00	0.00
185	45000180.00	45000180.00	0.00	0.00	44940316.00	44940260.00	0.00	0.00	0.00	0.00
186	45000184.00	45000184.00	0.00	0.00	44944248.00	44944272.00	0.00	0.00	0.00	0.00
187	44992600.00	44992600.00	0.00	0.00	44941912.00	44941892.00	0.00	0.00	0.00	0.00
188	44999948.00	44999948.00	0.00	0.00	44954400.00	44954408.00	0.00	0.00	0.00	0.00
189	45000124.00	45000120.00	0.00	0.00	44957480.00	44957468.00	0.00	0.00	0.00	0.00
190	44999624.00	44999624.00	0.00	0.00	44959008.00	44958920.00	0.00	0.00	0.00	0.00
191	45000344.00	45000344.00	0.00	0.00	44961916.00	44961968.00	0.00	0.00	0.00	0.00
192	44999908.00	44999908.00	0.00	0.00	44966336.00	44966280.00	0.00	0.00	0.00	0.00
193	44099192.00	44099192.00	0.00	0.00	43773584.00	43773616.00	0.00	0.00	0.00	0.00
194	42500968.00	42500968.00	0.00	0.00	41631504.00	41631456.00	0.00	0.00	0.00	0.00
195	41452280.00	41452280.00	0.00	0.00	40192624.00	40192608.00	0.00	0.00	0.00	0.00
196	43444088.00	43444092.00	0.00	0.00	42889580.00	42889548.00	0.00	0.00	0.00	0.00
197	44978288.00	44978284.00	0.00	0.00	44946988.00	44947016.00	0.00	0.00	0.00	0.00
198	45000400.00	45000400.00	0.00	0.00	44973152.00	44973080.00	0.00	0.00	0.00	0.00
199	44999620.00	44999620.00	0.00	0.00	44977000.00	44977024.00	0.00	0.00	0.00	0.00
200	45000076.00	45000076.00	0.00	0.00	44980360.00	44980308.00	0.00	0.00	0.00	0.00
201	44999916.00	44999916.00	0.00	0.00	44981268.00	44981296.00	0.00	0.00	0.00	0.00
202	45000064.00	45000064.00	0.00	0.00	44982500.00	44982476.00	0.00	0.00	0.00	0.00
203	45000068.00	45000068.00	0.00	0.00	44982380.00	44982368.00	0.00	0.00	0.00	0.00
204	44996336.00	44996336.00	0.00	0.00	44980396.00	44980376.00	0.00	0.00	0.00	0.00
205	44999704.00	44999704.00	0.00	0.00	44983972.00	44983944.00	0.00	0.00	0.00	0.00
206	45000056.00	45000056.00	0.00	0.00	44985300.00	44985276.00	0.00	0.00	0.00	0.00
207	44999880.00	44999880.00	0.00	0.00	44986032.00	44986048.00	0.00	0.00	0.00	0.00
208	44998996.00	44998996.00	0.00	0.00	44985840.00	44985808.00	0.00	0.00	0.00	0.00
209	45000240.00	45000240.00	0.00	0.00	44988584.00	44988576.00	0.00	0.00	0.00	0.00
210	45000036.00	45000036.00	0.00	0.00	44989208.00	44989200.00	0.00	0.00	0.00	0.00
211	44999924.00	44999924.00	0.00	0.00	44990648.00	44990608.00	0.00	0.00	0.00	0.00
212	44999924.00	44999924.00	0.00	0.00	44992392.00	44992392.00	0.00	0.00	0.00	0.00
213	45000336.00	45000336.00	0.00	0.00	44992816.00	44992808.00	0.00	0.00	0.00	0.00
214	44999464.00	44999464.00	0.00	0.00	44992984.00	44992936.00	0.00	0.00	0.00	0.00
215	44762148.00	44762148.00	0.00	0.00	44671280.00	44671268.00	0.00	0.00	0.00	0.00
216	44587456.00	44587456.00	0.00	0.00	44430688.00	44430664.00	0.00	0.00	0.00	0.00
217	44716360.00	44716360.00	0.00	0.00	44623192.00	44623208.00	0.00	0.00	0.00	0.00
218	43222544.00	43222544.00	0.00	0.00	42637740.00	42637736.00	0.00	0.00	0.00	0.00
219	42515260.00	42515260.00	0.00	0.00	41683372.00	41683328.00	0.00	0.00	0.00	0.00
220	43810304.00	43810304.00	0.00	0.00	43408496.00	43408448.00	0.00	0.00	0.00	0.00
221	45000136.00	45000136.00	0.00	0.00	44995000.00	44995024.00	0.00	0.00	0.00	0.00
222	44999912.00	44999912.00	0.00	0.00	44994464.00	44994448.00	0.00	0.00	0.00	0.00
223	44998716.00	44998716.00	0.00	0.00	44993908.00	44993872.00	0.00	0.00	0.00	0.00
224	44999764.00	44999764.00	0.00	0.00	44994128.00	44994112.00	0.00	0.00	0.00	0.00
225	44999824.00	44999824.00	0.00	0.00	44994652.00	44994608.00	0.00	0.00	0.00	0.00
226	44999976.00	44999976.00	0.00	0.00	44995304.00	44995336.00	0.00	0.00	0.00	0.00
227	44999940.00	44999940.00	0.00	0.00	44995424.00	44995380.00	0.00	0.00	0.00	0.00
228	44999944.00	44999944.00	0.00	0.00	44995504.00	44995512.00	0.00	0.00	0.00	0.00
229	45000180.00	45000180.00	0.00	0.00	44996024.00	44996036.00	0.00	0.00	0.00	0.00
230	44999836.00	44999836.00	0.00	0.00	44995820.00	44995800.00	0.00	0.00	0.00	0.00
231	45000004.00	45000004.00	0.00	0.00	44996500.00	44996484.00	0.00	0.00	0.00	0.00
232	45000148.00	45000148.00	0.00	0.00	44996812.00	44996820.00	0.00	0.00	0.00	0.00
233	44999828.00	44999828.00	0.00	0.00	44997096.00	44997052.00	0.00	0.00	0.00	0.00
234	45000040.00	45000040.00	0.00	0.00	44997280.00	44997160.00	0.00	0.00	0.00	0.00
235	45000068.00	45000068.00	0.00	0.00	44997624.00	44997724.00	0.00	0.00	0.00	0.00
236	44996424.00	44996424.00	0.00	0.00	44994404.00	44994400.00	0.00	0.00	0.00	0.00
237	44999636.00	44999636.00	0.00	0.00	44997556.00	44997540.00	0.00	0.00	0.00	0.00
238	44998840.00	44998840.00	0.00	0.00	44996988.00	44996952.00	0.00	0.00	0.00	0.00
239	44764844.00	44764844.00	0.00	0.00	44676888.00	44676872.00	0.00	0.00	0.00	0.00
240	44425960.00	44425960.00	0.00	0.00	44209076.00	44209080.00	0.00	0.00	0.00	0.00
241	44996856.00	44996856.00	0.00	0.00	44996372.00	44996392.00	0.00	0.00	0.00	0.00
242	44057820.00	44057820.00	0.00	0.00	43750992.00	43750940.00	0.00	0.00	0.00	0.00
243	43348584.00	43348584.00	0.00	0.00	42797520.00	42797524.00	0.00	0.00	0.00	0.00
244	44207776.00	44207776.00	0.00	0.00	43942936.00	43942956.00	0.00	0.00	0.00	0.00
245	45000048.00	45000048.00	0.00	0.00	44999912.00	44999900.00	0.00	0.00	0.00	0.00
246	45000096.00	45000096.00	0.00	0.00	44999956.00	44999940.00	0.00	0.00	0.00	0.00
247	44991120.00	44991120.00	0.00	0.00	44991016.00	44990996.00	0.00	0.00	0.00	0.00
248	44999668.00	44999668.00	0.00	0.00	44999800.00	44999800.00	0.00	0.00	0.00	0.00
249	45000260.00	45000260.00	0.00	0.00	45000060.00	45000008.00	0.00	0.00	0.00	0.00
250	45000200.00	45000200.00	0.00	0.00	45000440.00	45000384.00	0.00	0.00	0.00	0.00
251	44999556.00	44999560.00	0.00	0.00	44999480.00	44999528.00	0.00	0.00	0.00	0.00
252	45000164.00	45000160.00	0.00	0.00	45000196.00	45000164.00	0.00	0.00	0.00	0.00
253	44998448.00	44998448.00	0.00	0.00	44998008.00	44998016.00	0.00	0.00	0.00	0.00
254	44999836.00	44999836.00	0.00	0.00	44999736.00	44999720.00	0.00	0.00	0.00	0.00
255	45000036.00	45000036.00	0.00	0.00	45000008.00	44999984.00	0.00	0.00	0.00	0.00
256	44999984.00	44999984.00	0.00	0.00	45000168.00	45000140.00	0.00	0.00	0.00	0.00
257	44999928.00	44999928.00	0.00	0.00	44999896.00	44999848.00	0.00	0.00	0.00	0.00
258	45000132.00	45000132.00	0.00	0.00	44999828.00	44999860.00	0.00	0.00	0.00	0.00
259	45000032.00	45000032.00	0.00	0.00	44999860.00	44999872.00	0.00	0.00	0.00	0.00
260	45000144.00	45000144.00	0.00	0.00	45000228.00	45000200.00	0.00	0.00	0.00	0.00
261	44999712.00	44999712.00	0.00	0.00	44999808.00	44999804.00	0.00	0.00	0.00	0.00
262	45000032.00	45000032.00	0.00	0.00	45000052.00	45000048.00	0.00	0.00	0.00	0.00
263	44766728.00	44766728.00	0.00	0.00	44680104.00	44680056.00	0.00	0.00	0.00	0.00
264	44429996.00	44429996.00	0.00	0.00	44213284.00	44213260.00	0.00	0.00	0.00	0.00
265	44717332.00	44717332.00	0.00	0.00	44626992.00	44626992.00	0.00	0.00	0.00	0.00
266	43224948.00	43224948.00	0.00	0.00	42635868.00	42635868.00	0.00	0.00	0.00	0.00
267	43357944.00	43357944.00	0.00	0.00	42812092.00	42812016.00	0.00	0.00	0.00	0.00
268	44591292.00	44591292.00	0.00	0.00	44461620.00	44461612.00	0.00	0.00	0.00	0.00
269	44999088.00	44999088.00	0.00	0.00	44999128.00	44999108.00	0.00	0.00	0.00	0.00
270	44999988.00	44999988.00	0.00	0.00	44999984.00	45000016.00	0.00	0.00	0.00	0.00
271	44996792.00	44996792.00	0.00	0.00	44996496.00	44996480.00	0.00	0.00	0.00	0.00
272	45000032.00	45000032.00	0.00	0.00	44999956.00	44999964.00	0.00	0.00	0.00	0.00
273	44999920.00	44999920.00	0.00	0.00	44999820.00	44999744.00	0.00	0.00	0.00	0.00
274	44999708.00	44999708.00	0.00	0.00	44999856.00	44999848.00	0.00	0.00	0.00	0.00
275	45000116.00	45000116.00	0.00	0.00	45000052.00	45000040.00	0.00	0.00	0.00	0.00
276	45000336.00	45000336.00	0.00	0.00	44999976.00	44999992.00	0.00	0.00	0.00	0.00
277	44999896.00	44999896.00	0.00	0.00	44999924.00	44999876.00	0.00	0.00	0.00	0.00
278	44999944.00	44999944.00	0.00	0.00	45000024.00	45000036.00	0.00	0.00	0.00	0.00
279	45000084.00	45000084.00	0.00	0.00	44999896.00	44999900.00	0.00	0.00	0.00	0.00
280	44996492.00	44996492.00	0.00	0.00	44996704.00	44996704.00	0.00	0.00	0.00	0.00
281	44999368.00	44999368.00	0.00	0.00	44999244.00	44999180.00	0.00	0.00	0.00	0.00
282	45000020.00	45000020.00	0.00	0.00	45000184.00	45000184.00	0.00	0.00	0.00	0.00
283	44999960.00	44999960.00	0.00	0.00	44999672.00	44999700.00	0.00	0.00	0.00	0.00
284	44998892.00	44998892.00	0.00	0.00	44999064.00	44999032.00	0.00	0.00	0.00	0.00
285	45000120.00	45000120.00	0.00	0.00	45000000.00	44999988.00	0.00	0.00	0.00	0.00
286	44999948.00	44999948.00	0.00	0.00	44999972.00	44999928.00	0.00	0.00	0.00	0.00
287	44767040.00	44767040.00	0.00	0.00	44680128.00	44680096.00	0.00	0.00	0.00	0.00
288	44429776.00	44429776.00	0.00	0.00	44211828.00	44211864.00	0.00	0.00	0.00	0.00
289	44717704.00	44717704.00	0.00	0.00	44628276.00	44628256.00	0.00	0.00	0.00	0.00
290	43445668.00	43445668.00	0.00	0.00	42934392.00	42934344.00	0.00	0.00	0.00	0.00
291	43327104.00	43327104.00	0.00	0.00	42774344.00	42774396.00	0.00	0.00	0.00	0.00
292	44196468.00	44196468.00	0.00	0.00	43932504.00	43932480.00	0.00	0.00	0.00	0.00
293	44999864.00	44999864.00	0.00	0.00	44999868.00	44999816.00	0.00	0.00	0.00	0.00
294	45000192.00	45000196.00	0.00	0.00	45000160.00	45000176.00	0.00	0.00	0.00	0.00
295	44999920.00	44999916.00	0.00	0.00	44999988.00	44999988.00	0.00	0.00	0.00	0.00
296	45000392.00	45000392.00	0.00	0.00	45000104.00	45000080.00	0.00	0.00	0.00	0.00
297	44999784.00	44999784.00	0.00	0.00	44999892.00	44999888.00	0.00	0.00	0.00	0.00
298	44999952.00	44999952.00	0.00	0.00	45000036.00	45000048.00	0.00	0.00	0.00	0.00
299	44998644.00	44998644.00	0.00	0.00	44998656.00	44998636.00	0.00	0.00	0.00	0.00
300	45000136.00	45000140.00	0.00	0.00	45000208.00	45000156.00	0.00	0.00	0.00	0.00
301	44999912.00	44999912.00	0.00	0.00	44999892.00	44999884.00	0.00	0.00	0.00	0.00
302	45000152.00	45000152.00	0.00	0.00	45000172.00	45000180.00	0.00	0.00	0.00	0.00
303	44999960.00	44999960.00	0.00	0.00	45000008.00	45000016.00	0.00	0.00	0.00	0.00
304	44999964.00	44999964.00	0.00	0.00	44999816.00	44999776.00	0.00	0.00	0.00	0.00
305	45000156.00	45000156.00	0.00	0.00	45000216.00	45000168.00	0.00	0.00	0.00	0.00
306	44999972.00	44999972.00	0.00	0.00	44999944.00	44999980.00	0.00	0.00	0.00	0.00
307	44998988.00	44998988.00	0.00	0.00	44999056.00	44999024.00	0.00	0.00	0.00	0.00
308	45000112.00	45000112.00	0.00	0.00	45000064.00	45000056.00	0.00	0.00	0.00	0.00
309	45000116.00	45000116.00	0.00	0.00	44999920.00	44999920.00	0.00	0.00	0.00	0.00
310	44999848.00	44999848.00	0.00	0.00	45000044.00	45000024.00	0.00	0.00	0.00	0.00
311	44767072.00	44767072.00	0.00	0.00	44680016.00	44679996.00	0.00	0.00	0.00	0.00
312	44435296.00	44435304.00	0.00	0.00	44217272.00	44217252.00	0.00	0.00	0.00	0.00
313	44557648.00	44557640.00	0.00	0.00	44408840.00	44408832.00	0.00	0.00	0.00	0.00
314	43237012.00	43237012.00	0.00	0.00	42646568.00	42646524.00	0.00	0.00	0.00	0.00
315	42572276.00	42572280.00	0.00	0.00	41727208.00	41727240.00	0.00	0.00	0.00	0.00
316	43827768.00	43827768.00	0.00	0.00	43423296.00	43423276.00	0.00	0.00	0.00	0.00
317	44996784.00	44996784.00	0.00	0.00	44996920.00	44996900.00	0.00	0.00	0.00	0.00
318	44999768.00	44999768.00	0.00	0.00	44999724.00	44999704.00	0.00	0.00	0.00	0.00
319	44999952.00	44999952.00	0.00	0.00	45000060.00	45000016.00	0.00	0.00	0.00	0.00
320	44999968.00	44999976.00	0.00	0.00	44999828.00	44999848.00	0.00	0.00	0.00	0.00
321	44999988.00	44999984.00	0.00	0.00	45000120.00	45000080.00	0.00	0.00	0.00	0.00
322	44999792.00	44999792.00	0.00	0.00	44999808.00	44999816.00	0.00	0.00	0.00	0.00
323	44999992.00	44999992.00	0.00	0.00	45000108.00	45000100.00	0.00	0.00	0.00	0.00
324	45000088.00	45000088.00	0.00	0.00	44999816.00	44999808.00	0.00	0.00	0.00	0.00
325	45000052.00	45000052.00	0.00	0.00	45000116.00	45000064.00	0.00	0.00	0.00	0.00
326	45000092.00	45000092.00	0.00	0.00	45000144.00	45000136.00	0.00	0.00	0.00	0.00
327	44978692.00	44978692.00	0.00	0.00	44977704.00	44977696.00	0.00	0.00	0.00	0.00
328	44999020.00	44999020.00	0.00	0.00	44998796.00	44998816.00	0.00	0.00	0.00	0.00
329	45000016.00	45000012.00	0.00	0.00	44999872.00	44999812.00	0.00	0.00	0.00	0.00
330	44999996.00	44999996.00	0.00	0.00	45000120.00	45000112.00	0.00	0.00	0.00	0.00
331	44999920.00	44999920.00	0.00	0.00	44999904.00	44999876.00	0.00	0.00	0.00	0.00
332	45000072.00	45000072.00	0.00	0.00	45000048.00	45000080.00	0.00	0.00	0.00	0.00
333	45000024.00	45000024.00	0.00	0.00	44999752.00	44999744.00	0.00	0.00	0.00	0.00
334	44999768.00	44999764.00	0.00	0.00	44999984.00	44999968.00	0.00	0.00	0.00	0.00
335	44763072.00	44763080.00	0.00	0.00	44675392.00	44675372.00	0.00	0.00	0.00	0.00
336	44652152.00	44652148.00	0.00	0.00	44521652.00	44521648.00	0.00	0.00	0.00	0.00
337	44117036.00	44117036.00	0.00	0.00	43799388.00	43799344.00	0.00	0.00	0.00	0.00
338	42569256.00	42569256.00	0.00	0.00	41689148.00	41689112.00	0.00	0.00	0.00	0.00
339	41940488.00	41940492.00	0.00	0.00	40847912.00	40847952.00	0.00	0.00	0.00	0.00
340	43476716.00	43476716.00	0.00	0.00	42930408.00	42930348.00	0.00	0.00	0.00	0.00
341	45000032.00	45000032.00	0.00	0.00	45000052.00	45000072.00	0.00	0.00	0.00	0.00
342	45000116.00	45000120.00	0.00	0.00	44999928.00	44999872.00	0.00	0.00	0.00	0.00
343	44999924.00	44999916.00	0.00	0.00	45000000.00	44999984.00	0.00	0.00	0.00	0.00
344	44999160.00	44999160.00	0.00	0.00	44999112.00	44999116.00	0.00	0.00	0.00	0.00
345	45000024.00	45000024.00	0.00	0.00	45000124.00	45000088.00	0.00	0.00	0.00	0.00
346	44999704.00	44999704.00	0.00	0.00	44999880.00	44999856.00	0.00	0.00	0.00	0.00
347	45000300.00	45000300.00	0.00	0.00	44999932.00	44999904.00	0.00	0.00	0.00	0.00
348	44999812.00	44999812.00	0.00	0.00	45000160.00	45000160.00	0.00	0.00	0.00	0.00
349	45000024.00	45000024.00	0.00	0.00	44999832.00	44999824.00	0.00	0.00	0.00	0.00
350	45000196.00	45000196.00	0.00	0.00	44999972.00	44999996.00	0.00	0.00	0.00	0.00
351	44999920.00	44999920.00	0.00	0.00	45000024.00	44999992.00	0.00	0.00	0.00	0.00
352	44999876.00	44999876.00	0.00	0.00	44999940.00	44999896.00	0.00	0.00	0.00	0.00
353	45000168.00	45000168.00	0.00	0.00	45000024.00	45000024.00	0.00	0.00	0.00	0.00
354	44999704.00	44999704.00	0.00	0.00	44999956.00	44999928.00	0.00	0.00	0.00	0.00
355	45000128.00	45000128.00	0.00	0.00	44999828.00	44999848.00	0.00	0.00	0.00	0.00
356	45000100.00	45000100.00	0.00	0.00	45000288.00	45000232.00	0.00	0.00	0.00	0.00
357	44999984.00	44999984.00	0.00	0.00	45000028.00	44999988.00	0.00	0.00	0.00	0.00
358	44999916.00	44999916.00	0.00	0.00	44999840.00	44999876.00	0.00	0.00	0.00	0.00
359	44767332.00	44767336.00	0.00	0.00	44679744.00	44679656.00	0.00	0.00	0.00	0.00
360	44436132.00	44436124.00	0.00	0.00	44217152.00	44217152.00	0.00	0.00	0.00	0.00
361	44389360.00	44389360.00	0.00	0.00	44163044.00	44163052.00	0.00	0.00	0.00	0.00
362	43365324.00	43365324.00	0.00	0.00	42764952.00	42764960.00	0.00	0.00	0.00	0.00
363	42699204.00	42699204.00	0.00	0.00	41845672.00	41845664.00	0.00	0.00	0.00	0.00
364	43891840.00	43891840.00	0.00	0.00	43483780.00	43483736.00	0.00	0.00	0.00	0.00
365	44999944.00	44999940.00	0.00	0.00	45000048.00	45000040.00	0.00	0.00	0.00	0.00
366	44992660.00	44992660.00	0.00	0.00	44992464.00	44992456.00	0.00	0.00	0.00	0.00
367	44987716.00	44987716.00	0.00	0.00	44987960.00	44987924.00	0.00	0.00	0.00	0.00
368	45000060.00	45000060.00	0.00	0.00	44999632.00	44999644.00	0.00	0.00	0.00	0.00
369	44999740.00	44999740.00	0.00	0.00	45000096.00	45000024.00	0.00	0.00	0.00	0.00
370	44999944.00	44999944.00	0.00	0.00	45000128.00	45000152.00	0.00	0.00	0.00	0.00
371	44999932.00	44999932.00	0.00	0.00	44999472.00	44999456.00	0.00	0.00	0.00	0.00
372	45000184.00	45000184.00	0.00	0.00	45000360.00	45000360.00	0.00	0.00	0.00	0.00
373	44999972.00	44999972.00	0.00	0.00	44999892.00	44999868.00	0.00	0.00	0.00	0.00
374	44999480.00	44999480.00	0.00	0.00	44999372.00	44999356.00	0.00	0.00	0.00	0.00
375	45000204.00	45000204.00	0.00	0.00	45000204.00	45000148.00	0.00	0.00	0.00	0.00
376	44999804.00	44999804.00	0.00	0.00	45000000.00	45000020.00	0.00	0.00	0.00	0.00
377	44999088.00	44999092.00	0.00	0.00	44998968.00	44998920.00	0.00	0.00	0.00	0.00
378	45000400.00	45000400.00	0.00	0.00	45000472.00	45000500.00	0.00	0.00	0.00	0.00
379	44999572.00	44999572.00	0.00	0.00	44999832.00	44999772.00	0.00	0.00	0.00	0.00
380	44999980.00	44999980.00	0.00	0.00	44999544.00	44999556.00	0.00	0.00	0.00	0.00
381	45000512.00	45000508.00	0.00	0.00	45000456.00	45000472.00	0.00	0.00	0.00	0.00
382	44999648.00	44999648.00	0.00	0.00	44999964.00	44999916.00	0.00	0.00	0.00	0.00
383	44769316.00	44769316.00	0.00	0.00	44680704.00	44680632.00	0.00	0.00	0.00	0.00
384	44438128.00	44438132.00	0.00	0.00	44220468.00	44220444.00	0.00	0.00	0.00	0.00
385	44720272.00	44720272.00	0.00	0.00	44629368.00	44629400.00	0.00	0.00	0.00	0.00
386	43246544.00	43246544.00	0.00	0.00	42651656.00	42651636.00	0.00	0.00	0.00	0.00
387	42817868.00	42817868.00	0.00	0.00	42065776.00	42065752.00	0.00	0.00	0.00	0.00
388	44208968.00	44208968.00	0.00	0.00	43940712.00	43940688.00	0.00	0.00	0.00	0.00
389	44999372.00	44999372.00	0.00	0.00	44999244.00	44999212.00	0.00	0.00	0.00	0.00
390	45000204.00	45000204.00	0.00	0.00	45000212.00	45000260.00	0.00	0.00	0.00	0.00
391	44999720.00	44999720.00	0.00	0.00	44999968.00	44999936.00	0.00	0.00	0.00	0.00
392	44999804.00	44999804.00	0.00	0.00	44999552.00	44999528.00	0.00	0.00	0.00	0.00
393	45000232.00	45000232.00	0.00	0.00	45000456.00	45000448.00	0.00	0.00	0.00	0.00
394	44999936.00	44999936.00	0.00	0.00	44999892.00	44999888.00	0.00	0.00	0.00	0.00
395	44999844.00	44999844.00	0.00	0.00	44999800.00	44999780.00	0.00	0.00	0.00	0.00
