second	tx	tx_get	tx_put	tx_del	rx	rx_getSucc	rx_putSucc	rx_delSucc
2	49934844.00	0.00	0.00	0.00	40617088.00	40616988.00	0.00	0.00	
3	49998764.00	0.00	0.00	0.00	43007816.00	43007776.00	0.00	0.00	
4	50001484.00	0.00	0.00	0.00	44407676.00	44407624.00	0.00	0.00	
5	49997472.00	0.00	0.00	0.00	45490856.00	45490844.00	0.00	0.00	
6	49999908.00	0.00	0.00	0.00	46487580.00	46487528.00	0.00	0.00	
7	50000596.00	0.00	0.00	0.00	46914240.00	46914256.00	0.00	0.00	
8	49998048.00	0.00	0.00	0.00	47031692.00	47031708.00	0.00	0.00	
9	50000436.00	0.00	0.00	0.00	47037376.00	47037360.00	0.00	0.00	
10	49999012.00	0.00	0.00	0.00	47012312.00	47012328.00	0.00	0.00	
11	49999020.00	0.00	0.00	0.00	47048056.00	47048024.00	0.00	0.00	
12	49999372.00	0.00	0.00	0.00	47141116.00	47141096.00	0.00	0.00	
13	50000496.00	0.00	0.00	0.00	47162228.00	47162248.00	0.00	0.00	
14	49999572.00	0.00	0.00	0.00	47169124.00	47169128.00	0.00	0.00	
15	50000404.00	0.00	0.00	0.00	47129656.00	47129672.00	0.00	0.00	
16	50000392.00	0.00	0.00	0.00	47087228.00	47087208.00	0.00	0.00	
17	49999984.00	0.00	0.00	0.00	47066772.00	47066792.00	0.00	0.00	
18	49999164.00	0.00	0.00	0.00	47159108.00	47159096.00	0.00	0.00	
19	50000528.00	0.00	0.00	0.00	47188580.00	47188576.00	0.00	0.00	
20	50000184.00	0.00	0.00	0.00	47194092.00	47194080.00	0.00	0.00	
21	49998140.00	0.00	0.00	0.00	47197924.00	47197968.00	0.00	0.00	
22	49999576.00	0.00	0.00	0.00	47129220.00	47129208.00	0.00	0.00	
23	50000320.00	0.00	0.00	0.00	47088284.00	47088268.00	0.00	0.00	
24	50000000.00	0.00	0.00	0.00	47096448.00	47096456.00	0.00	0.00	
25	49999160.00	0.00	0.00	0.00	47183508.00	47183532.00	0.00	0.00	
26	50000352.00	0.00	0.00	0.00	47190992.00	47190984.00	0.00	0.00	
27	50000048.00	0.00	0.00	0.00	47201112.00	47201120.00	0.00	0.00	
28	49999944.00	0.00	0.00	0.00	47201816.00	47201756.00	0.00	0.00	
29	50000308.00	0.00	0.00	0.00	47140720.00	47140756.00	0.00	0.00	
30	49999204.00	0.00	0.00	0.00	47115828.00	47115852.00	0.00	0.00	
31	49999484.00	0.00	0.00	0.00	47091200.00	47091192.00	0.00	0.00	
32	49999504.00	0.00	0.00	0.00	47152256.00	47152248.00	0.00	0.00	
33	50000516.00	0.00	0.00	0.00	47189292.00	47189308.00	0.00	0.00	
34	49999900.00	0.00	0.00	0.00	47192528.00	47192520.00	0.00	0.00	
35	49999480.00	0.00	0.00	0.00	47199284.00	47199252.00	0.00	0.00	
36	50000736.00	0.00	0.00	0.00	47188464.00	47188504.00	0.00	0.00	
37	49997992.00	0.00	0.00	0.00	47111852.00	47111832.00	0.00	0.00	
38	50000224.00	0.00	0.00	0.00	47116468.00	47116456.00	0.00	0.00	
39	49998956.00	0.00	0.00	0.00	47118512.00	47118528.00	0.00	0.00	
40	50002616.00	0.00	0.00	0.00	47162960.00	47162908.00	0.00	0.00	
41	50000800.00	0.00	0.00	0.00	31205710.00	31205768.00	0.00	0.00	
42	49999588.00	0.00	0.00	0.00	42014732.00	42014724.00	0.00	0.00	
43	49999768.00	0.00	0.00	0.00	44447644.00	44447588.00	0.00	0.00	
44	50000228.00	0.00	0.00	0.00	45747308.00	45747332.00	0.00	0.00	
45	49999272.00	0.00	0.00	0.00	46430416.00	46430456.00	0.00	0.00	
46	49998616.00	0.00	0.00	0.00	46784568.00	46784560.00	0.00	0.00	
47	49999460.00	0.00	0.00	0.00	46972196.00	46972192.00	0.00	0.00	
48	49999256.00	0.00	0.00	0.00	47035352.00	47035340.00	0.00	0.00	
49	50000140.00	0.00	0.00	0.00	47071912.00	47071888.00	0.00	0.00	
50	50000632.00	0.00	0.00	0.00	47009860.00	47009868.00	0.00	0.00	
51	50001092.00	0.00	0.00	0.00	46983000.00	46983016.00	0.00	0.00	
52	49999004.00	0.00	0.00	0.00	47008980.00	47008964.00	0.00	0.00	
53	49999508.00	0.00	0.00	0.00	47109440.00	47109408.00	0.00	0.00	
54	50001032.00	0.00	0.00	0.00	47130600.00	47130652.00	0.00	0.00	
55	50000024.00	0.00	0.00	0.00	47140928.00	47140928.00	0.00	0.00	
56	49999296.00	0.00	0.00	0.00	47105616.00	47105584.00	0.00	0.00	
57	50000264.00	0.00	0.00	0.00	47074208.00	47074224.00	0.00	0.00	
58	49999936.00	0.00	0.00	0.00	47055804.00	47055848.00	0.00	0.00	
59	49999816.00	0.00	0.00	0.00	47096032.00	47096008.00	0.00	0.00	
60	50000744.00	0.00	0.00	0.00	47153576.00	47153568.00	0.00	0.00	
61	49999344.00	0.00	0.00	0.00	47161696.00	47161684.00	0.00	0.00	
62	49999908.00	0.00	0.00	0.00	47165968.00	47166000.00	0.00	0.00	
63	50000976.00	0.00	0.00	0.00	47150372.00	47150380.00	0.00	0.00	
64	49999784.00	0.00	0.00	0.00	47109148.00	47109136.00	0.00	0.00	
65	50000312.00	0.00	0.00	0.00	47088984.00	47088888.00	0.00	0.00	
66	49999760.00	0.00	0.00	0.00	47091376.00	47091448.00	0.00	0.00	
67	49998804.00	0.00	0.00	0.00	47131716.00	47131748.00	0.00	0.00	
68	50000880.00	0.00	0.00	0.00	47170172.00	47170124.00	0.00	0.00	
69	49999656.00	0.00	0.00	0.00	47174052.00	47174084.00	0.00	0.00	
70	50000436.00	0.00	0.00	0.00	47176580.00	47176592.00	0.00	0.00	
71	49999952.00	0.00	0.00	0.00	47180208.00	47180188.00	0.00	0.00	
72	50000420.00	0.00	0.00	0.00	47172476.00	47172452.00	0.00	0.00	
73	49999736.00	0.00	0.00	0.00	47113572.00	47113556.00	0.00	0.00	
74	49999468.00	0.00	0.00	0.00	47131124.00	47131156.00	0.00	0.00	
75	50000340.00	0.00	0.00	0.00	47090668.00	47090680.00	0.00	0.00	
76	50000784.00	0.00	0.00	0.00	47110104.00	47110120.00	0.00	0.00	
77	49998088.00	0.00	0.00	0.00	47162944.00	47162928.00	0.00	0.00	
78	49999492.00	0.00	0.00	0.00	47168608.00	47168584.00	0.00	0.00	
79	49999992.00	0.00	0.00	0.00	47173404.00	47173412.00	0.00	0.00	
80	50000468.00	0.00	0.00	0.00	47174796.00	47174804.00	0.00	0.00	
81	50000792.00	0.00	0.00	0.00	33726048.00	33726076.00	0.00	0.00	
82	49999864.00	0.00	0.00	0.00	42289356.00	42289316.00	0.00	0.00	
83	50000340.00	0.00	0.00	0.00	44500796.00	44500836.00	0.00	0.00	
84	49999296.00	0.00	0.00	0.00	45804924.00	45804892.00	0.00	0.00	
85	49999364.00	0.00	0.00	0.00	46577416.00	46577436.00	0.00	0.00	
86	50000056.00	0.00	0.00	0.00	46859716.00	46859720.00	0.00	0.00	
87	50000504.00	0.00	0.00	0.00	46972528.00	46972472.00	0.00	0.00	
88	50000132.00	0.00	0.00	0.00	46970200.00	46970256.00	0.00	0.00	
89	50000440.00	0.00	0.00	0.00	46944072.00	46944060.00	0.00	0.00	
90	49999412.00	0.00	0.00	0.00	46963528.00	46963500.00	0.00	0.00	
91	49999584.00	0.00	0.00	0.00	47073128.00	47073124.00	0.00	0.00	
92	49999960.00	0.00	0.00	0.00	47092984.00	47093032.00	0.00	0.00	
93	49999324.00	0.00	0.00	0.00	47107172.00	47107148.00	0.00	0.00	
94	50000212.00	0.00	0.00	0.00	47080960.00	47080904.00	0.00	0.00	
95	49994452.00	0.00	0.00	0.00	47047292.00	47047352.00	0.00	0.00	
96	50000300.00	0.00	0.00	0.00	47034780.00	47034752.00	0.00	0.00	
97	49999448.00	0.00	0.00	0.00	47092716.00	47092728.00	0.00	0.00	
98	50000432.00	0.00	0.00	0.00	47154084.00	47154088.00	0.00	0.00	
99	50000072.00	0.00	0.00	0.00	47160892.00	47160920.00	0.00	0.00	
100	49999380.00	0.00	0.00	0.00	47165872.00	47165876.00	0.00	0.00	
101	50000608.00	0.00	0.00	0.00	47132676.00	47132620.00	0.00	0.00	
102	50000168.00	0.00	0.00	0.00	47104352.00	47104360.00	0.00	0.00	
103	50000140.00	0.00	0.00	0.00	47075632.00	47075688.00	0.00	0.00	
104	50000320.00	0.00	0.00	0.00	47081112.00	47081112.00	0.00	0.00	
105	49999324.00	0.00	0.00	0.00	47158312.00	47158312.00	0.00	0.00	
106	49999588.00	0.00	0.00	0.00	47168624.00	47168588.00	0.00	0.00	
107	49999936.00	0.00	0.00	0.00	47171440.00	47171424.00	0.00	0.00	
108	49999588.00	0.00	0.00	0.00	47173616.00	47173648.00	0.00	0.00	
109	50001028.00	0.00	0.00	0.00	47181548.00	47181556.00	0.00	0.00	
110	50000240.00	0.00	0.00	0.00	47154520.00	47154464.00	0.00	0.00	
111	49999960.00	0.00	0.00	0.00	47126244.00	47126316.00	0.00	0.00	
112	50000296.00	0.00	0.00	0.00	47113032.00	47113008.00	0.00	0.00	
113	49999312.00	0.00	0.00	0.00	47098964.00	47098936.00	0.00	0.00	
114	50000536.00	0.00	0.00	0.00	47114460.00	47114512.00	0.00	0.00	
115	49999564.00	0.00	0.00	0.00	47169004.00	47169004.00	0.00	0.00	
116	49999784.00	0.00	0.00	0.00	47171952.00	47171876.00	0.00	0.00	
117	50000420.00	0.00	0.00	0.00	47179160.00	47179232.00	0.00	0.00	
118	49999912.00	0.00	0.00	0.00	47177448.00	47177456.00	0.00	0.00	
119	49999900.00	0.00	0.00	0.00	47181784.00	47181784.00	0.00	0.00	
120	50000016.00	0.00	0.00	0.00	47179836.00	47179824.00	0.00	0.00	
121	50001004.00	0.00	0.00	0.00	34893700.00	34893720.00	0.00	0.00	
122	49999960.00	0.00	0.00	0.00	42349572.00	42349560.00	0.00	0.00	
123	49998800.00	0.00	0.00	0.00	44578660.00	44578644.00	0.00	0.00	
124	50000564.00	0.00	0.00	0.00	45948928.00	45948936.00	0.00	0.00	
125	49999996.00	0.00	0.00	0.00	46618796.00	46618776.00	0.00	0.00	
126	49999728.00	0.00	0.00	0.00	46889236.00	46889200.00	0.00	0.00	
127	50000308.00	0.00	0.00	0.00	46943152.00	46943212.00	0.00	0.00	
128	50000280.00	0.00	0.00	0.00	46932624.00	46932608.00	0.00	0.00	
129	49999544.00	0.00	0.00	0.00	46974092.00	46974064.00	0.00	0.00	
130	49999744.00	0.00	0.00	0.00	47079248.00	47079240.00	0.00	0.00	
131	50000232.00	0.00	0.00	0.00	47102544.00	47102552.00	0.00	0.00	
132	49999980.00	0.00	0.00	0.00	47118024.00	47118048.00	0.00	0.00	
133	50000100.00	0.00	0.00	0.00	47061268.00	47061280.00	0.00	0.00	
134	50000408.00	0.00	0.00	0.00	47044660.00	47044624.00	0.00	0.00	
135	49999456.00	0.00	0.00	0.00	47020968.00	47020996.00	0.00	0.00	
136	49999676.00	0.00	0.00	0.00	47109620.00	47109588.00	0.00	0.00	
137	49999300.00	0.00	0.00	0.00	47150520.00	47150524.00	0.00	0.00	
138	50000680.00	0.00	0.00	0.00	47160528.00	47160556.00	0.00	0.00	
139	49999688.00	0.00	0.00	0.00	47160044.00	47160020.00	0.00	0.00	
140	50000232.00	0.00	0.00	0.00	47092228.00	47092256.00	0.00	0.00	
141	50000300.00	0.00	0.00	0.00	47075752.00	47075720.00	0.00	0.00	
142	49999292.00	0.00	0.00	0.00	47076692.00	47076676.00	0.00	0.00	
143	49999624.00	0.00	0.00	0.00	47140360.00	47140404.00	0.00	0.00	
144	50000464.00	0.00	0.00	0.00	47163880.00	47163840.00	0.00	0.00	
145	50000048.00	0.00	0.00	0.00	47171632.00	47171648.00	0.00	0.00	
146	49999436.00	0.00	0.00	0.00	47174536.00	47174560.00	0.00	0.00	
147	50000512.00	0.00	0.00	0.00	47177592.00	47177536.00	0.00	0.00	
148	49999748.00	0.00	0.00	0.00	47145188.00	47145244.00	0.00	0.00	
149	49994056.00	0.00	0.00	0.00	47115360.00	47115344.00	0.00	0.00	
150	49997492.00	0.00	0.00	0.00	47128352.00	47128336.00	0.00	0.00	
151	50000336.00	0.00	0.00	0.00	47111336.00	47111372.00	0.00	0.00	
152	49999840.00	0.00	0.00	0.00	47116932.00	47116904.00	0.00	0.00	
153	49998120.00	0.00	0.00	0.00	47166456.00	47166448.00	0.00	0.00	
154	50000464.00	0.00	0.00	0.00	47176500.00	47176488.00	0.00	0.00	
155	49999556.00	0.00	0.00	0.00	47177980.00	47178000.00	0.00	0.00	
156	50000448.00	0.00	0.00	0.00	47178380.00	47178388.00	0.00	0.00	
157	49991820.00	0.00	0.00	0.00	47178208.00	47178168.00	0.00	0.00	
158	50000624.00	0.00	0.00	0.00	47178952.00	47179008.00	0.00	0.00	
159	50000060.00	0.00	0.00	0.00	47140984.00	47140960.00	0.00	0.00	
160	0.00	0.00	0.00	0.00	0.00	0.00	0.00	0.00	
