second	tx	tx_get	tx_put	tx_del	rx	rx_getSucc	rx_putSucc	rx_delSucc
2	50000000.00	0.00	0.00	0.00	41836628.00	41836568.00	0.00	0.00	
3	50000000.00	0.00	0.00	0.00	43063672.00	43063656.00	0.00	0.00	
4	49997320.00	0.00	0.00	0.00	43523244.00	43523244.00	0.00	0.00	
5	49999776.00	0.00	0.00	0.00	43914712.00	43914704.00	0.00	0.00	
6	50000000.00	0.00	0.00	0.00	43929240.00	43929232.00	0.00	0.00	
7	50000000.00	0.00	0.00	0.00	44152464.00	44152472.00	0.00	0.00	
8	49998200.00	0.00	0.00	0.00	44192308.00	44192304.00	0.00	0.00	
9	50000000.00	0.00	0.00	0.00	44326968.00	44326960.00	0.00	0.00	
10	49998928.00	0.00	0.00	0.00	44355880.00	44355880.00	0.00	0.00	
11	49999976.00	0.00	0.00	0.00	44401680.00	44401680.00	0.00	0.00	
12	50000000.00	0.00	0.00	0.00	44461492.00	44461496.00	0.00	0.00	
13	50000000.00	0.00	0.00	0.00	44497392.00	44497388.00	0.00	0.00	
14	50000000.00	0.00	0.00	0.00	44591636.00	44591636.00	0.00	0.00	
15	50000000.00	0.00	0.00	0.00	44589136.00	44589136.00	0.00	0.00	
16	49999300.00	0.00	0.00	0.00	44720792.00	44720784.00	0.00	0.00	
17	50000000.00	0.00	0.00	0.00	44589608.00	44589612.00	0.00	0.00	
18	50000000.00	0.00	0.00	0.00	44749708.00	44749712.00	0.00	0.00	
19	50000000.00	0.00	0.00	0.00	44600032.00	44600032.00	0.00	0.00	
20	50000000.00	0.00	0.00	0.00	44770516.00	44770504.00	0.00	0.00	
21	50000000.00	0.00	0.00	0.00	44686404.00	44686408.00	0.00	0.00	
22	50000000.00	0.00	0.00	0.00	44697948.00	44697948.00	0.00	0.00	
23	50000000.00	0.00	0.00	0.00	44717868.00	44717868.00	0.00	0.00	
24	50000000.00	0.00	0.00	0.00	44646464.00	44646468.00	0.00	0.00	
25	50000024.00	0.00	0.00	0.00	44770604.00	44770612.00	0.00	0.00	
26	49999976.00	0.00	0.00	0.00	44672728.00	44672728.00	0.00	0.00	
27	50000000.00	0.00	0.00	0.00	44753336.00	44753344.00	0.00	0.00	
28	50000000.00	0.00	0.00	0.00	44671780.00	44671768.00	0.00	0.00	
29	50000000.00	0.00	0.00	0.00	44762808.00	44762804.00	0.00	0.00	
30	50000000.00	0.00	0.00	0.00	44672120.00	44672124.00	0.00	0.00	
31	50000000.00	0.00	0.00	0.00	44751404.00	44751412.00	0.00	0.00	
32	50000000.00	0.00	0.00	0.00	44692496.00	44692496.00	0.00	0.00	
33	49999700.00	0.00	0.00	0.00	44684280.00	44684264.00	0.00	0.00	
34	50000000.00	0.00	0.00	0.00	44746008.00	44746016.00	0.00	0.00	
35	50000000.00	0.00	0.00	0.00	44653696.00	44653692.00	0.00	0.00	
36	50000000.00	0.00	0.00	0.00	44780784.00	44780784.00	0.00	0.00	
37	50000000.00	0.00	0.00	0.00	44674056.00	44674052.00	0.00	0.00	
38	50000000.00	0.00	0.00	0.00	44763048.00	44763048.00	0.00	0.00	
39	50000000.00	0.00	0.00	0.00	44696140.00	44696144.00	0.00	0.00	
40	50000244.00	0.00	0.00	0.00	44720212.00	44720212.00	0.00	0.00	
41	49999764.00	0.00	0.00	0.00	36804276.00	36804272.00	0.00	0.00	
42	49999916.00	0.00	0.00	0.00	42779984.00	42779992.00	0.00	0.00	
43	50000020.00	0.00	0.00	0.00	43786080.00	43786080.00	0.00	0.00	
44	49999996.00	0.00	0.00	0.00	43902752.00	43902752.00	0.00	0.00	
45	49999984.00	0.00	0.00	0.00	44084376.00	44084376.00	0.00	0.00	
46	49999984.00	0.00	0.00	0.00	44038596.00	44038588.00	0.00	0.00	
47	50000016.00	0.00	0.00	0.00	44068284.00	44068284.00	0.00	0.00	
48	50000012.00	0.00	0.00	0.00	44125304.00	44125304.00	0.00	0.00	
49	50000000.00	0.00	0.00	0.00	44060140.00	44060128.00	0.00	0.00	
50	49999996.00	0.00	0.00	0.00	44191112.00	44191112.00	0.00	0.00	
51	49999984.00	0.00	0.00	0.00	44094584.00	44094588.00	0.00	0.00	
52	50000032.00	0.00	0.00	0.00	44153280.00	44153280.00	0.00	0.00	
53	49999988.00	0.00	0.00	0.00	44121404.00	44121404.00	0.00	0.00	
54	50000008.00	0.00	0.00	0.00	44119016.00	44119016.00	0.00	0.00	
55	49999992.00	0.00	0.00	0.00	44164208.00	44164216.00	0.00	0.00	
56	49999976.00	0.00	0.00	0.00	44086380.00	44086372.00	0.00	0.00	
57	49998336.00	0.00	0.00	0.00	44201140.00	44201148.00	0.00	0.00	
58	49999984.00	0.00	0.00	0.00	44130280.00	44130280.00	0.00	0.00	
59	50000024.00	0.00	0.00	0.00	44183124.00	44183116.00	0.00	0.00	
60	49999984.00	0.00	0.00	0.00	44144920.00	44144920.00	0.00	0.00	
61	49999968.00	0.00	0.00	0.00	44134632.00	44134608.00	0.00	0.00	
62	50000036.00	0.00	0.00	0.00	44191040.00	44191064.00	0.00	0.00	
63	49999996.00	0.00	0.00	0.00	44123772.00	44123772.00	0.00	0.00	
64	50000008.00	0.00	0.00	0.00	44240208.00	44240208.00	0.00	0.00	
65	49999980.00	0.00	0.00	0.00	44142012.00	44142000.00	0.00	0.00	
66	50000044.00	0.00	0.00	0.00	44246380.00	44246384.00	0.00	0.00	
67	49999988.00	0.00	0.00	0.00	44180800.00	44180808.00	0.00	0.00	
68	49999968.00	0.00	0.00	0.00	44192716.00	44192716.00	0.00	0.00	
69	50000036.00	0.00	0.00	0.00	44221312.00	44221312.00	0.00	0.00	
70	49999956.00	0.00	0.00	0.00	44149176.00	44149172.00	0.00	0.00	
71	49999520.00	0.00	0.00	0.00	44265040.00	44265032.00	0.00	0.00	
72	50000028.00	0.00	0.00	0.00	44176436.00	44176448.00	0.00	0.00	
73	49999008.00	0.00	0.00	0.00	44271248.00	44271248.00	0.00	0.00	
74	49999880.00	0.00	0.00	0.00	44212588.00	44212584.00	0.00	0.00	
75	49999972.00	0.00	0.00	0.00	44227592.00	44227592.00	0.00	0.00	
76	50000020.00	0.00	0.00	0.00	44237600.00	44237592.00	0.00	0.00	
77	50000008.00	0.00	0.00	0.00	44208080.00	44208088.00	0.00	0.00	
78	49999968.00	0.00	0.00	0.00	44269768.00	44269768.00	0.00	0.00	
79	50000020.00	0.00	0.00	0.00	44179656.00	44179656.00	0.00	0.00	
80	50000020.00	0.00	0.00	0.00	44286436.00	44286416.00	0.00	0.00	
81	50000008.00	0.00	0.00	0.00	36062376.00	36062388.00	0.00	0.00	
82	49999984.00	0.00	0.00	0.00	42728248.00	42728252.00	0.00	0.00	
83	50000016.00	0.00	0.00	0.00	43666224.00	43666232.00	0.00	0.00	
84	49999976.00	0.00	0.00	0.00	43930608.00	43930608.00	0.00	0.00	
85	50000020.00	0.00	0.00	0.00	43998300.00	43998296.00	0.00	0.00	
86	49999948.00	0.00	0.00	0.00	43983760.00	43983760.00	0.00	0.00	
87	50000036.00	0.00	0.00	0.00	44072596.00	44072596.00	0.00	0.00	
88	49999964.00	0.00	0.00	0.00	43996472.00	43996464.00	0.00	0.00	
89	50000032.00	0.00	0.00	0.00	44117084.00	44117100.00	0.00	0.00	
90	50000000.00	0.00	0.00	0.00	44037504.00	44037512.00	0.00	0.00	
91	50000024.00	0.00	0.00	0.00	44131504.00	44131504.00	0.00	0.00	
92	49999976.00	0.00	0.00	0.00	44083408.00	44083408.00	0.00	0.00	
93	50000000.00	0.00	0.00	0.00	44139136.00	44139136.00	0.00	0.00	
94	50000004.00	0.00	0.00	0.00	44128240.00	44128232.00	0.00	0.00	
95	49999996.00	0.00	0.00	0.00	44106176.00	44106184.00	0.00	0.00	
96	50000020.00	0.00	0.00	0.00	44202380.00	44202376.00	0.00	0.00	
97	49999964.00	0.00	0.00	0.00	44099504.00	44099496.00	0.00	0.00	
98	50000016.00	0.00	0.00	0.00	44227712.00	44227720.00	0.00	0.00	
99	50000028.00	0.00	0.00	0.00	44145272.00	44145264.00	0.00	0.00	
100	49999968.00	0.00	0.00	0.00	44208312.00	44208320.00	0.00	0.00	
101	50000016.00	0.00	0.00	0.00	44162660.00	44162664.00	0.00	0.00	
102	49999960.00	0.00	0.00	0.00	44184736.00	44184724.00	0.00	0.00	
103	50000036.00	0.00	0.00	0.00	44204128.00	44204136.00	0.00	0.00	
104	50000008.00	0.00	0.00	0.00	44147912.00	44147920.00	0.00	0.00	
105	49999020.00	0.00	0.00	0.00	44226592.00	44226592.00	0.00	0.00	
106	49999968.00	0.00	0.00	0.00	44135284.00	44135284.00	0.00	0.00	
107	50000020.00	0.00	0.00	0.00	44234804.00	44234800.00	0.00	0.00	
108	49996620.00	0.00	0.00	0.00	44154020.00	44154024.00	0.00	0.00	
109	49999988.00	0.00	0.00	0.00	44228856.00	44228848.00	0.00	0.00	
110	49999968.00	0.00	0.00	0.00	44183216.00	44183224.00	0.00	0.00	
111	49998016.00	0.00	0.00	0.00	44181104.00	44181104.00	0.00	0.00	
112	49999996.00	0.00	0.00	0.00	44206248.00	44206240.00	0.00	0.00	
113	49999992.00	0.00	0.00	0.00	44162188.00	44162196.00	0.00	0.00	
114	50000012.00	0.00	0.00	0.00	44231508.00	44231508.00	0.00	0.00	
115	49999960.00	0.00	0.00	0.00	44136464.00	44136464.00	0.00	0.00	
116	50000064.00	0.00	0.00	0.00	44254900.00	44254900.00	0.00	0.00	
117	49999984.00	0.00	0.00	0.00	44154300.00	44154284.00	0.00	0.00	
118	49999996.00	0.00	0.00	0.00	44229572.00	44229572.00	0.00	0.00	
119	50000020.00	0.00	0.00	0.00	44185164.00	44185172.00	0.00	0.00	
120	49999968.00	0.00	0.00	0.00	44178692.00	44178680.00	0.00	0.00	
121	50000028.00	0.00	0.00	0.00	36579152.00	36579160.00	0.00	0.00	
122	49999984.00	0.00	0.00	0.00	42722356.00	42722364.00	0.00	0.00	
123	49999992.00	0.00	0.00	0.00	43711032.00	43711024.00	0.00	0.00	
124	50000048.00	0.00	0.00	0.00	43846064.00	43846072.00	0.00	0.00	
125	49999952.00	0.00	0.00	0.00	44020776.00	44020768.00	0.00	0.00	
126	50000024.00	0.00	0.00	0.00	43991044.00	43991048.00	0.00	0.00	
127	50000000.00	0.00	0.00	0.00	44080892.00	44080896.00	0.00	0.00	
128	50000008.00	0.00	0.00	0.00	44057284.00	44057284.00	0.00	0.00	
129	49999960.00	0.00	0.00	0.00	44052696.00	44052688.00	0.00	0.00	
130	49999976.00	0.00	0.00	0.00	44106300.00	44106280.00	0.00	0.00	
131	50000032.00	0.00	0.00	0.00	44034176.00	44034192.00	0.00	0.00	
132	50000016.00	0.00	0.00	0.00	44153772.00	44153756.00	0.00	0.00	
133	49999980.00	0.00	0.00	0.00	44048740.00	44048764.00	0.00	0.00	
134	50000004.00	0.00	0.00	0.00	44155536.00	44155528.00	0.00	0.00	
135	50000008.00	0.00	0.00	0.00	44087192.00	44087192.00	0.00	0.00	
136	49999984.00	0.00	0.00	0.00	44133688.00	44133688.00	0.00	0.00	
137	49999060.00	0.00	0.00	0.00	44102016.00	44102016.00	0.00	0.00	
138	49999840.00	0.00	0.00	0.00	44094156.00	44094156.00	0.00	0.00	
139	49999996.00	0.00	0.00	0.00	44152404.00	44152408.00	0.00	0.00	
140	50000040.00	0.00	0.00	0.00	44068968.00	44068960.00	0.00	0.00	
141	49999988.00	0.00	0.00	0.00	44189164.00	44189164.00	0.00	0.00	
142	50000000.00	0.00	0.00	0.00	44114632.00	44114632.00	0.00	0.00	
143	49999976.00	0.00	0.00	0.00	44147992.00	44147988.00	0.00	0.00	
144	50000008.00	0.00	0.00	0.00	44126104.00	44126104.00	0.00	0.00	
145	50000008.00	0.00	0.00	0.00	44112376.00	44112368.00	0.00	0.00	
146	49999984.00	0.00	0.00	0.00	44162908.00	44162916.00	0.00	0.00	
147	50000008.00	0.00	0.00	0.00	44086032.00	44086024.00	0.00	0.00	
148	50000024.00	0.00	0.00	0.00	44186372.00	44186388.00	0.00	0.00	
149	50000004.00	0.00	0.00	0.00	44091872.00	44091872.00	0.00	0.00	
150	49999964.00	0.00	0.00	0.00	44198096.00	44198096.00	0.00	0.00	
151	50000032.00	0.00	0.00	0.00	44141176.00	44141160.00	0.00	0.00	
152	49999996.00	0.00	0.00	0.00	44189644.00	44189664.00	0.00	0.00	
153	49999996.00	0.00	0.00	0.00	44173072.00	44173072.00	0.00	0.00	
154	49999988.00	0.00	0.00	0.00	44147580.00	44147556.00	0.00	0.00	
155	49999988.00	0.00	0.00	0.00	44204064.00	44204080.00	0.00	0.00	
156	50000000.00	0.00	0.00	0.00	44127284.00	44127288.00	0.00	0.00	
157	50000032.00	0.00	0.00	0.00	44232632.00	44232632.00	0.00	0.00	
158	49999968.00	0.00	0.00	0.00	44151088.00	44151088.00	0.00	0.00	
159	50000028.00	0.00	0.00	0.00	44223300.00	44223292.00	0.00	0.00	
160	0.00	0.00	0.00	0.00	0.00	0.00	0.00	0.00	
