second	tx	tx_get	tx_put	tx_del	rx	rx_getSucc	rx_putSucc	rx_delSucc
2	49999908.00	0.00	0.00	0.00	39536832.00	39536688.00	0.00	0.00	
3	49998288.00	0.00	0.00	0.00	41864020.00	41863972.00	0.00	0.00	
4	50001592.00	0.00	0.00	0.00	43169400.00	43169416.00	0.00	0.00	
5	49997320.00	0.00	0.00	0.00	44055744.00	44055760.00	0.00	0.00	
6	50000608.00	0.00	0.00	0.00	44655028.00	44655044.00	0.00	0.00	
7	50000220.00	0.00	0.00	0.00	45037488.00	45037488.00	0.00	0.00	
8	49997496.00	0.00	0.00	0.00	45280276.00	45280256.00	0.00	0.00	
9	50000360.00	0.00	0.00	0.00	45463116.00	45463132.00	0.00	0.00	
10	49998144.00	0.00	0.00	0.00	45608400.00	45608384.00	0.00	0.00	
11	50000200.00	0.00	0.00	0.00	45736116.00	45736124.00	0.00	0.00	
12	49999776.00	0.00	0.00	0.00	45812116.00	45812084.00	0.00	0.00	
13	50000212.00	0.00	0.00	0.00	45859900.00	45859928.00	0.00	0.00	
14	49999956.00	0.00	0.00	0.00	45899204.00	45899180.00	0.00	0.00	
15	49999360.00	0.00	0.00	0.00	45943168.00	45943192.00	0.00	0.00	
16	50000752.00	0.00	0.00	0.00	45975600.00	45975576.00	0.00	0.00	
17	49995856.00	0.00	0.00	0.00	46000264.00	46000288.00	0.00	0.00	
18	49999512.00	0.00	0.00	0.00	46041760.00	46041712.00	0.00	0.00	
19	49993304.00	0.00	0.00	0.00	46071080.00	46071112.00	0.00	0.00	
20	49999260.00	0.00	0.00	0.00	46112696.00	46112700.00	0.00	0.00	
21	49996832.00	0.00	0.00	0.00	46142976.00	46143000.00	0.00	0.00	
22	49998744.00	0.00	0.00	0.00	46183256.00	46183256.00	0.00	0.00	
23	50000912.00	0.00	0.00	0.00	46220288.00	46220276.00	0.00	0.00	
24	49998816.00	0.00	0.00	0.00	46253120.00	46253136.00	0.00	0.00	
25	50001120.00	0.00	0.00	0.00	46274208.00	46274164.00	0.00	0.00	
26	50000024.00	0.00	0.00	0.00	46290740.00	46290744.00	0.00	0.00	
27	49999036.00	0.00	0.00	0.00	46309244.00	46309236.00	0.00	0.00	
28	50000160.00	0.00	0.00	0.00	46328932.00	46328972.00	0.00	0.00	
29	49999904.00	0.00	0.00	0.00	46336760.00	46336772.00	0.00	0.00	
30	50000276.00	0.00	0.00	0.00	46347456.00	46347424.00	0.00	0.00	
31	50000072.00	0.00	0.00	0.00	46357860.00	46357852.00	0.00	0.00	
32	50000600.00	0.00	0.00	0.00	46360564.00	46360568.00	0.00	0.00	
33	49999112.00	0.00	0.00	0.00	46365288.00	46365296.00	0.00	0.00	
34	50000964.00	0.00	0.00	0.00	46372400.00	46372416.00	0.00	0.00	
35	49999080.00	0.00	0.00	0.00	46381596.00	46381600.00	0.00	0.00	
36	50000020.00	0.00	0.00	0.00	46382632.00	46382616.00	0.00	0.00	
37	50000160.00	0.00	0.00	0.00	46393656.00	46393676.00	0.00	0.00	
38	49999724.00	0.00	0.00	0.00	46404980.00	46404960.00	0.00	0.00	
39	50000084.00	0.00	0.00	0.00	46419788.00	46419788.00	0.00	0.00	
40	50001432.00	0.00	0.00	0.00	46421056.00	46421028.00	0.00	0.00	
41	50001360.00	0.00	0.00	0.00	31325400.00	31325400.00	0.00	0.00	
42	49999752.00	0.00	0.00	0.00	40747372.00	40747388.00	0.00	0.00	
43	49999688.00	0.00	0.00	0.00	43004604.00	43004604.00	0.00	0.00	
44	49998572.00	0.00	0.00	0.00	44084568.00	44084608.00	0.00	0.00	
45	49999780.00	0.00	0.00	0.00	44799008.00	44798988.00	0.00	0.00	
46	49999312.00	0.00	0.00	0.00	45291536.00	45291556.00	0.00	0.00	
47	50000120.00	0.00	0.00	0.00	45630836.00	45630808.00	0.00	0.00	
48	49999720.00	0.00	0.00	0.00	45856576.00	45856600.00	0.00	0.00	
49	49999176.00	0.00	0.00	0.00	45996700.00	45996712.00	0.00	0.00	
50	49999948.00	0.00	0.00	0.00	46093248.00	46093224.00	0.00	0.00	
51	49999592.00	0.00	0.00	0.00	46167300.00	46167280.00	0.00	0.00	
52	50001344.00	0.00	0.00	0.00	46214616.00	46214620.00	0.00	0.00	
53	49999880.00	0.00	0.00	0.00	46250744.00	46250784.00	0.00	0.00	
54	49999120.00	0.00	0.00	0.00	46281304.00	46281264.00	0.00	0.00	
55	50001104.00	0.00	0.00	0.00	46300844.00	46300836.00	0.00	0.00	
56	49999712.00	0.00	0.00	0.00	46319540.00	46319564.00	0.00	0.00	
57	49999048.00	0.00	0.00	0.00	46333824.00	46333848.00	0.00	0.00	
58	50001064.00	0.00	0.00	0.00	46359072.00	46359060.00	0.00	0.00	
59	49999940.00	0.00	0.00	0.00	46374032.00	46374016.00	0.00	0.00	
60	50000040.00	0.00	0.00	0.00	46387276.00	46387300.00	0.00	0.00	
61	49999540.00	0.00	0.00	0.00	46399008.00	46398944.00	0.00	0.00	
62	49999260.00	0.00	0.00	0.00	46414752.00	46414784.00	0.00	0.00	
63	50001084.00	0.00	0.00	0.00	46427428.00	46427432.00	0.00	0.00	
64	50000184.00	0.00	0.00	0.00	46444740.00	46444724.00	0.00	0.00	
65	49999332.00	0.00	0.00	0.00	46464204.00	46464224.00	0.00	0.00	
66	50000760.00	0.00	0.00	0.00	46476376.00	46476384.00	0.00	0.00	
67	49999736.00	0.00	0.00	0.00	46483452.00	46483424.00	0.00	0.00	
68	49999372.00	0.00	0.00	0.00	46484880.00	46484928.00	0.00	0.00	
69	49995304.00	0.00	0.00	0.00	46490396.00	46490348.00	0.00	0.00	
70	49998284.00	0.00	0.00	0.00	46506116.00	46506136.00	0.00	0.00	
71	50000068.00	0.00	0.00	0.00	46520632.00	46520624.00	0.00	0.00	
72	50000076.00	0.00	0.00	0.00	46524284.00	46524284.00	0.00	0.00	
73	49999756.00	0.00	0.00	0.00	46533120.00	46533064.00	0.00	0.00	
74	49999260.00	0.00	0.00	0.00	46540600.00	46540656.00	0.00	0.00	
75	50000020.00	0.00	0.00	0.00	46544540.00	46544544.00	0.00	0.00	
76	50000824.00	0.00	0.00	0.00	46555784.00	46555788.00	0.00	0.00	
77	49998040.00	0.00	0.00	0.00	46566480.00	46566472.00	0.00	0.00	
78	49999748.00	0.00	0.00	0.00	46589128.00	46589116.00	0.00	0.00	
79	50000036.00	0.00	0.00	0.00	46609352.00	46609332.00	0.00	0.00	
80	50000028.00	0.00	0.00	0.00	46616816.00	46616848.00	0.00	0.00	
81	50001592.00	0.00	0.00	0.00	34846376.00	34846388.00	0.00	0.00	
82	49999392.00	0.00	0.00	0.00	41321960.00	41321960.00	0.00	0.00	
83	49999584.00	0.00	0.00	0.00	43199284.00	43199276.00	0.00	0.00	
84	49999808.00	0.00	0.00	0.00	44270028.00	44270020.00	0.00	0.00	
85	49999872.00	0.00	0.00	0.00	44973404.00	44973428.00	0.00	0.00	
86	49999892.00	0.00	0.00	0.00	45429128.00	45429104.00	0.00	0.00	
87	49999968.00	0.00	0.00	0.00	45763492.00	45763464.00	0.00	0.00	
88	50000180.00	0.00	0.00	0.00	45985552.00	45985592.00	0.00	0.00	
89	49999760.00	0.00	0.00	0.00	46122712.00	46122696.00	0.00	0.00	
90	49999072.00	0.00	0.00	0.00	46215892.00	46215856.00	0.00	0.00	
91	50000880.00	0.00	0.00	0.00	46275768.00	46275808.00	0.00	0.00	
92	49998600.00	0.00	0.00	0.00	46325172.00	46325140.00	0.00	0.00	
93	49999024.00	0.00	0.00	0.00	46367064.00	46367072.00	0.00	0.00	
94	50000112.00	0.00	0.00	0.00	46408160.00	46408172.00	0.00	0.00	
95	49999780.00	0.00	0.00	0.00	46431064.00	46431088.00	0.00	0.00	
96	50000260.00	0.00	0.00	0.00	46449680.00	46449680.00	0.00	0.00	
97	50000180.00	0.00	0.00	0.00	46474892.00	46474856.00	0.00	0.00	
98	49999720.00	0.00	0.00	0.00	46487452.00	46487456.00	0.00	0.00	
99	50000048.00	0.00	0.00	0.00	46505876.00	46505884.00	0.00	0.00	
100	49999976.00	0.00	0.00	0.00	46515048.00	46515064.00	0.00	0.00	
101	49999724.00	0.00	0.00	0.00	46524412.00	46524400.00	0.00	0.00	
102	50000272.00	0.00	0.00	0.00	46531460.00	46531452.00	0.00	0.00	
103	49998932.00	0.00	0.00	0.00	46541332.00	46541308.00	0.00	0.00	
104	50000160.00	0.00	0.00	0.00	46546104.00	46546096.00	0.00	0.00	
105	50001276.00	0.00	0.00	0.00	46549200.00	46549248.00	0.00	0.00	
106	49999788.00	0.00	0.00	0.00	46553860.00	46553844.00	0.00	0.00	
107	50000000.00	0.00	0.00	0.00	46558704.00	46558696.00	0.00	0.00	
108	49998504.00	0.00	0.00	0.00	46566896.00	46566920.00	0.00	0.00	
109	50000120.00	0.00	0.00	0.00	46578800.00	46578800.00	0.00	0.00	
110	50000024.00	0.00	0.00	0.00	46587292.00	46587276.00	0.00	0.00	
111	49998968.00	0.00	0.00	0.00	46590236.00	46590216.00	0.00	0.00	
112	50001056.00	0.00	0.00	0.00	46600860.00	46600848.00	0.00	0.00	
113	49999656.00	0.00	0.00	0.00	46603816.00	46603824.00	0.00	0.00	
114	49999488.00	0.00	0.00	0.00	46611464.00	46611512.00	0.00	0.00	
115	50000088.00	0.00	0.00	0.00	46610120.00	46610076.00	0.00	0.00	
116	50000724.00	0.00	0.00	0.00	46613808.00	46613828.00	0.00	0.00	
117	49999820.00	0.00	0.00	0.00	46614628.00	46614628.00	0.00	0.00	
118	49998956.00	0.00	0.00	0.00	46621212.00	46621168.00	0.00	0.00	
119	50001040.00	0.00	0.00	0.00	46626500.00	46626540.00	0.00	0.00	
120	50000192.00	0.00	0.00	0.00	46628424.00	46628424.00	0.00	0.00	
121	50001908.00	0.00	0.00	0.00	29904224.00	29904256.00	0.00	0.00	
122	49999324.00	0.00	0.00	0.00	40573364.00	40573328.00	0.00	0.00	
123	49999588.00	0.00	0.00	0.00	43034196.00	43034228.00	0.00	0.00	
124	49999844.00	0.00	0.00	0.00	44165860.00	44165840.00	0.00	0.00	
125	49999800.00	0.00	0.00	0.00	44901212.00	44901236.00	0.00	0.00	
126	49998864.00	0.00	0.00	0.00	45402424.00	45402384.00	0.00	0.00	
127	50000540.00	0.00	0.00	0.00	45744256.00	45744268.00	0.00	0.00	
128	50000492.00	0.00	0.00	0.00	45974008.00	45974036.00	0.00	0.00	
129	49999168.00	0.00	0.00	0.00	46118196.00	46118168.00	0.00	0.00	
130	50000816.00	0.00	0.00	0.00	46218280.00	46218304.00	0.00	0.00	
131	49999892.00	0.00	0.00	0.00	46271836.00	46271808.00	0.00	0.00	
132	50000016.00	0.00	0.00	0.00	46322768.00	46322776.00	0.00	0.00	
133	49999272.00	0.00	0.00	0.00	46357716.00	46357704.00	0.00	0.00	
134	49999692.00	0.00	0.00	0.00	46388656.00	46388640.00	0.00	0.00	
135	50000244.00	0.00	0.00	0.00	46416404.00	46416400.00	0.00	0.00	
136	49999792.00	0.00	0.00	0.00	46434548.00	46434600.00	0.00	0.00	
137	50001028.00	0.00	0.00	0.00	46451040.00	46451024.00	0.00	0.00	
138	49999756.00	0.00	0.00	0.00	46459200.00	46459208.00	0.00	0.00	
139	50000052.00	0.00	0.00	0.00	46482152.00	46482128.00	0.00	0.00	
140	49527620.00	0.00	0.00	0.00	46180284.00	46180276.00	0.00	0.00	
141	49988212.00	0.00	0.00	0.00	46781216.00	46781220.00	0.00	0.00	
142	49583368.00	0.00	0.00	0.00	46764640.00	46764648.00	0.00	0.00	
143	49997120.00	0.00	0.00	0.00	47395948.00	47395948.00	0.00	0.00	
144	49599576.00	0.00	0.00	0.00	47314968.00	47314936.00	0.00	0.00	
145	49997188.00	0.00	0.00	0.00	47833144.00	47833140.00	0.00	0.00	
146	50000220.00	0.00	0.00	0.00	47975976.00	47975940.00	0.00	0.00	
147	49997372.00	0.00	0.00	0.00	48081604.00	48081624.00	0.00	0.00	
148	49897444.00	0.00	0.00	0.00	48080680.00	48080652.00	0.00	0.00	
149	49999880.00	0.00	0.00	0.00	48188864.00	48188860.00	0.00	0.00	
150	49999984.00	0.00	0.00	0.00	48193720.00	48193764.00	0.00	0.00	
151	49999880.00	0.00	0.00	0.00	48194360.00	48194344.00	0.00	0.00	
152	49999972.00	0.00	0.00	0.00	48198140.00	48198148.00	0.00	0.00	
153	49999928.00	0.00	0.00	0.00	48201984.00	48202000.00	0.00	0.00	
154	50000264.00	0.00	0.00	0.00	48203156.00	48203152.00	0.00	0.00	
155	49999240.00	0.00	0.00	0.00	48201716.00	48201704.00	0.00	0.00	
156	50000728.00	0.00	0.00	0.00	48198944.00	48198916.00	0.00	0.00	
157	49997436.00	0.00	0.00	0.00	48199308.00	48199324.00	0.00	0.00	
158	49999936.00	0.00	0.00	0.00	48203804.00	48203812.00	0.00	0.00	
159	49999856.00	0.00	0.00	0.00	48205872.00	48205896.00	0.00	0.00	
160	0.00	0.00	0.00	0.00	0.00	0.00	0.00	0.00	
