second	tx	tx_get	tx_put	tx_del	rx	rx_getSucc	rx_putSucc	rx_delSucc
2	5252123.00	0.00	0.00	0.00	4462956.00	4463003.00	0.00	0.00	
3	5235194.00	0.00	0.00	0.00	4464093.00	4464095.00	0.00	0.00	
4	5233354.00	0.00	0.00	0.00	4464018.00	4464026.00	0.00	0.00	
5	5220334.00	0.00	0.00	0.00	4461216.00	4461172.00	0.00	0.00	
6	5268896.00	0.00	0.00	0.00	4460750.00	4460752.00	0.00	0.00	
7	5255874.00	0.00	0.00	0.00	4461397.00	4461406.00	0.00	0.00	
8	5240457.00	0.00	0.00	0.00	4464379.00	4464391.00	0.00	0.00	
9	5260161.00	0.00	0.00	0.00	4464182.00	4464182.00	0.00	0.00	
10	5242434.00	0.00	0.00	0.00	4460985.00	4460965.00	0.00	0.00	
11	5224622.00	0.00	0.00	0.00	4465670.00	4465662.00	0.00	0.00	
12	5252750.00	0.00	0.00	0.00	4460744.00	4460714.00	0.00	0.00	
13	5253906.00	0.00	0.00	0.00	4465965.00	4465980.00	0.00	0.00	
14	5248638.00	0.00	0.00	0.00	4460882.00	4460902.00	0.00	0.00	
15	5265153.00	0.00	0.00	0.00	4463745.00	4463677.00	0.00	0.00	
16	5309171.00	0.00	0.00	0.00	4464681.00	4464733.00	0.00	0.00	
17	5289850.00	0.00	0.00	0.00	4463812.00	4463757.00	0.00	0.00	
18	5298903.00	0.00	0.00	0.00	4466180.00	4466188.00	0.00	0.00	
19	5266795.00	0.00	0.00	0.00	4464190.00	4464193.00	0.00	0.00	
20	5256572.00	0.00	0.00	0.00	4463848.00	4463877.00	0.00	0.00	
21	5272630.00	0.00	0.00	0.00	4465921.00	4465930.00	0.00	0.00	
22	5267132.00	0.00	0.00	0.00	4462425.00	4462392.00	0.00	0.00	
23	5266081.00	0.00	0.00	0.00	4461339.00	4461365.00	0.00	0.00	
24	5244034.00	0.00	0.00	0.00	4460516.00	4460504.00	0.00	0.00	
25	5228133.00	0.00	0.00	0.00	4459875.00	4459850.00	0.00	0.00	
26	5223175.00	0.00	0.00	0.00	4458176.00	4458187.00	0.00	0.00	
27	5249765.00	0.00	0.00	0.00	4463197.00	4463222.00	0.00	0.00	
28	5237022.00	0.00	0.00	0.00	4461008.00	4460973.00	0.00	0.00	
29	5259306.00	0.00	0.00	0.00	4463463.00	4463483.00	0.00	0.00	
30	5270672.00	0.00	0.00	0.00	4467983.00	4467930.00	0.00	0.00	
31	5276111.00	0.00	0.00	0.00	4462350.00	4462386.00	0.00	0.00	
32	5269776.00	0.00	0.00	0.00	4461920.00	4461926.00	0.00	0.00	
33	5256526.00	0.00	0.00	0.00	4461205.00	4461214.00	0.00	0.00	
34	5238609.00	0.00	0.00	0.00	4464079.00	4464049.00	0.00	0.00	
35	5281088.00	0.00	0.00	0.00	4462322.00	4462320.00	0.00	0.00	
36	5283232.00	0.00	0.00	0.00	4465691.00	4465685.00	0.00	0.00	
37	5263500.00	0.00	0.00	0.00	4464042.00	4464013.00	0.00	0.00	
38	5261278.00	0.00	0.00	0.00	4461594.00	4461594.00	0.00	0.00	
39	5261917.00	0.00	0.00	0.00	4464598.00	4464635.00	0.00	0.00	
40	5256443.00	0.00	0.00	0.00	4460429.00	4460418.00	0.00	0.00	
41	5229405.00	0.00	0.00	0.00	4464235.00	4464238.00	0.00	0.00	
42	5262691.00	0.00	0.00	0.00	4459971.00	4459963.00	0.00	0.00	
43	5309230.00	0.00	0.00	0.00	4462015.00	4461979.00	0.00	0.00	
44	5270012.00	0.00	0.00	0.00	4460024.00	4460078.00	0.00	0.00	
45	5244110.00	0.00	0.00	0.00	4461345.00	4461342.00	0.00	0.00	
46	5227367.00	0.00	0.00	0.00	4464350.00	4464294.00	0.00	0.00	
47	5219185.00	0.00	0.00	0.00	4461420.00	4461471.00	0.00	0.00	
48	5240119.00	0.00	0.00	0.00	4463985.00	4463946.00	0.00	0.00	
49	5249397.00	0.00	0.00	0.00	4464056.00	4464081.00	0.00	0.00	
50	5286157.00	0.00	0.00	0.00	4464033.00	4464030.00	0.00	0.00	
51	5298016.00	0.00	0.00	0.00	4462374.00	4462356.00	0.00	0.00	
52	6057593.00	0.00	0.00	0.00	2092437.00	2092442.00	0.00	0.00	
53	5763192.00	0.00	0.00	0.00	2535408.00	2534417.00	0.00	0.00	
54	5221649.00	0.00	0.00	0.00	3725178.00	3725007.00	0.00	0.00	
55	5182378.00	0.00	0.00	0.00	3951241.00	3951130.00	0.00	0.00	
56	5138248.00	0.00	0.00	0.00	4073466.00	4073410.00	0.00	0.00	
57	5107874.00	0.00	0.00	0.00	4163524.00	4163531.00	0.00	0.00	
58	5091882.00	0.00	0.00	0.00	4229482.00	4229445.00	0.00	0.00	
59	5078757.00	0.00	0.00	0.00	4282106.00	4282032.00	0.00	0.00	
60	5149842.00	0.00	0.00	0.00	4215721.00	4215743.00	0.00	0.00	
61	5101501.00	0.00	0.00	0.00	4328869.00	4328863.00	0.00	0.00	
62	5064961.00	0.00	0.00	0.00	4375287.00	4375258.00	0.00	0.00	
63	5055668.00	0.00	0.00	0.00	4394535.00	4394447.00	0.00	0.00	
64	5062217.00	0.00	0.00	0.00	4409054.00	4409119.00	0.00	0.00	
65	5031834.00	0.00	0.00	0.00	4402139.00	4402096.00	0.00	0.00	
66	5026047.00	0.00	0.00	0.00	4403743.00	4403738.00	0.00	0.00	
67	5034773.00	0.00	0.00	0.00	4406077.00	4406045.00	0.00	0.00	
68	5052554.00	0.00	0.00	0.00	4406401.00	4406385.00	0.00	0.00	
69	5039275.00	0.00	0.00	0.00	4410072.00	4410048.00	0.00	0.00	
70	5032812.00	0.00	0.00	0.00	4410724.00	4410719.00	0.00	0.00	
71	5004841.00	0.00	0.00	0.00	4409164.00	4409179.00	0.00	0.00	
72	5004267.00	0.00	0.00	0.00	4406102.00	4406073.00	0.00	0.00	
73	5015216.00	0.00	0.00	0.00	4411401.00	4411365.00	0.00	0.00	
74	5025342.00	0.00	0.00	0.00	4416917.00	4416924.00	0.00	0.00	
75	5008239.00	0.00	0.00	0.00	4416092.00	4416086.00	0.00	0.00	
76	5009800.00	0.00	0.00	0.00	4417634.00	4417587.00	0.00	0.00	
77	5003656.00	0.00	0.00	0.00	4418127.00	4418147.00	0.00	0.00	
78	4985788.00	0.00	0.00	0.00	4419398.00	4419408.00	0.00	0.00	
79	4992312.00	0.00	0.00	0.00	4420478.00	4420484.00	0.00	0.00	
80	4986108.00	0.00	0.00	0.00	4421321.00	4421299.00	0.00	0.00	
81	4999920.00	0.00	0.00	0.00	4423510.00	4423483.00	0.00	0.00	
82	5005886.00	0.00	0.00	0.00	4424574.00	4424554.00	0.00	0.00	
83	5047877.00	0.00	0.00	0.00	4433160.00	4433196.00	0.00	0.00	
84	5047284.00	0.00	0.00	0.00	4435183.00	4435152.00	0.00	0.00	
85	5023672.00	0.00	0.00	0.00	4435549.00	4435535.00	0.00	0.00	
86	5030876.00	0.00	0.00	0.00	4435758.00	4435735.00	0.00	0.00	
87	5008142.00	0.00	0.00	0.00	4433569.00	4433525.00	0.00	0.00	
88	4997871.00	0.00	0.00	0.00	4432160.00	4432233.00	0.00	0.00	
89	4985940.00	0.00	0.00	0.00	4432169.00	4432127.00	0.00	0.00	
90	4983660.00	0.00	0.00	0.00	4431568.00	4431583.00	0.00	0.00	
91	4974356.00	0.00	0.00	0.00	4429192.00	4429178.00	0.00	0.00	
92	4980224.00	0.00	0.00	0.00	4432264.00	4432248.00	0.00	0.00	
93	4999955.00	0.00	0.00	0.00	4433917.00	4433886.00	0.00	0.00	
94	5023858.00	0.00	0.00	0.00	4437228.00	4437235.00	0.00	0.00	
95	4996279.00	0.00	0.00	0.00	4436993.00	4436990.00	0.00	0.00	
96	4992474.00	0.00	0.00	0.00	4436582.00	4436585.00	0.00	0.00	
97	4993309.00	0.00	0.00	0.00	4438183.00	4438183.00	0.00	0.00	
98	4983402.00	0.00	0.00	0.00	4435558.00	4435544.00	0.00	0.00	
99	4991505.00	0.00	0.00	0.00	4439199.00	4439190.00	0.00	0.00	
100	5000703.00	0.00	0.00	0.00	4439839.00	4439839.00	0.00	0.00	
101	4989322.00	0.00	0.00	0.00	4436577.00	4436556.00	0.00	0.00	
102	4991117.00	0.00	0.00	0.00	4439001.00	4439017.00	0.00	0.00	
103	5037538.00	0.00	0.00	0.00	4442376.00	4442298.00	0.00	0.00	
104	5036016.00	0.00	0.00	0.00	4442458.00	4442502.00	0.00	0.00	
105	5027509.00	0.00	0.00	0.00	4444159.00	4444092.00	0.00	0.00	
106	5012282.00	0.00	0.00	0.00	4445748.00	4445810.00	0.00	0.00	
107	5009883.00	0.00	0.00	0.00	4441444.00	4441425.00	0.00	0.00	
108	4988768.00	0.00	0.00	0.00	4442687.00	4442701.00	0.00	0.00	
109	4994849.00	0.00	0.00	0.00	4441679.00	4441660.00	0.00	0.00	
110	4985439.00	0.00	0.00	0.00	4443815.00	4443748.00	0.00	0.00	
111	4978276.00	0.00	0.00	0.00	4440652.00	4440695.00	0.00	0.00	
112	4987548.00	0.00	0.00	0.00	4442527.00	4442539.00	0.00	0.00	
113	5024871.00	0.00	0.00	0.00	4447059.00	4447057.00	0.00	0.00	
114	5032551.00	0.00	0.00	0.00	4443558.00	4443525.00	0.00	0.00	
115	5037029.00	0.00	0.00	0.00	4444966.00	4444954.00	0.00	0.00	
116	5012659.00	0.00	0.00	0.00	4443349.00	4443335.00	0.00	0.00	
117	5014669.00	0.00	0.00	0.00	4441782.00	4441796.00	0.00	0.00	
118	4974532.00	0.00	0.00	0.00	4438784.00	4438755.00	0.00	0.00	
119	4944213.00	0.00	0.00	0.00	4440233.00	4440264.00	0.00	0.00	
120	4965490.00	0.00	0.00	0.00	4439947.00	4439902.00	0.00	0.00	
121	4981879.00	0.00	0.00	0.00	4445578.00	4445583.00	0.00	0.00	
122	5012657.00	0.00	0.00	0.00	4444280.00	4444277.00	0.00	0.00	
123	5009890.00	0.00	0.00	0.00	4443881.00	4443863.00	0.00	0.00	
124	5053944.00	0.00	0.00	0.00	4451777.00	4451782.00	0.00	0.00	
125	5051526.00	0.00	0.00	0.00	4449747.00	4449715.00	0.00	0.00	
126	5014200.00	0.00	0.00	0.00	4448620.00	4448602.00	0.00	0.00	
127	5018806.00	0.00	0.00	0.00	4445647.00	4445666.00	0.00	0.00	
128	5006410.00	0.00	0.00	0.00	4444141.00	4444128.00	0.00	0.00	
129	4996467.00	0.00	0.00	0.00	4445670.00	4445678.00	0.00	0.00	
130	4985455.00	0.00	0.00	0.00	4443744.00	4443770.00	0.00	0.00	
131	4978450.00	0.00	0.00	0.00	4445637.00	4445628.00	0.00	0.00	
132	4969747.00	0.00	0.00	0.00	4443537.00	4443543.00	0.00	0.00	
133	4964159.00	0.00	0.00	0.00	4444121.00	4444105.00	0.00	0.00	
134	5008686.00	0.00	0.00	0.00	4445138.00	4445100.00	0.00	0.00	
135	5053353.00	0.00	0.00	0.00	4446467.00	4446512.00	0.00	0.00	
136	5024400.00	0.00	0.00	0.00	4444488.00	4444447.00	0.00	0.00	
137	5024715.00	0.00	0.00	0.00	4444647.00	4444679.00	0.00	0.00	
138	5001167.00	0.00	0.00	0.00	4442574.00	4442539.00	0.00	0.00	
139	5009425.00	0.00	0.00	0.00	4441036.00	4441059.00	0.00	0.00	
140	5031117.00	0.00	0.00	0.00	4448166.00	4448088.00	0.00	0.00	
141	5040677.00	0.00	0.00	0.00	4449896.00	4449960.00	0.00	0.00	
142	5040948.00	0.00	0.00	0.00	4450401.00	4450367.00	0.00	0.00	
143	5025340.00	0.00	0.00	0.00	4448151.00	4448183.00	0.00	0.00	
144	4999381.00	0.00	0.00	0.00	4445552.00	4445534.00	0.00	0.00	
145	4974886.00	0.00	0.00	0.00	4444827.00	4444812.00	0.00	0.00	
146	4996890.00	0.00	0.00	0.00	4445412.00	4445381.00	0.00	0.00	
147	4995142.00	0.00	0.00	0.00	4443320.00	4443347.00	0.00	0.00	
148	4986142.00	0.00	0.00	0.00	4442341.00	4442296.00	0.00	0.00	
149	4994281.00	0.00	0.00	0.00	4439896.00	4439934.00	0.00	0.00	
150	5014301.00	0.00	0.00	0.00	4442475.00	4442488.00	0.00	0.00	
151	5036814.00	0.00	0.00	0.00	4444836.00	4444817.00	0.00	0.00	
152	6150227.00	0.00	0.00	0.00	2074117.00	2074146.00	0.00	0.00	
153	5738496.00	0.00	0.00	0.00	2831063.00	2830303.00	0.00	0.00	
154	5297981.00	0.00	0.00	0.00	3802742.00	3802678.00	0.00	0.00	
155	5235761.00	0.00	0.00	0.00	3987879.00	3987775.00	0.00	0.00	
156	5195746.00	0.00	0.00	0.00	4103824.00	4103790.00	0.00	0.00	
157	5146890.00	0.00	0.00	0.00	4186756.00	4186697.00	0.00	0.00	
158	5118800.00	0.00	0.00	0.00	4250721.00	4250716.00	0.00	0.00	
159	5165946.00	0.00	0.00	0.00	4248396.00	4248381.00	0.00	0.00	
160	5104545.00	0.00	0.00	0.00	4271069.00	4271044.00	0.00	0.00	
161	5076153.00	0.00	0.00	0.00	4352805.00	4352711.00	0.00	0.00	
162	5071451.00	0.00	0.00	0.00	4382780.00	4382825.00	0.00	0.00	
163	4869255.00	0.00	0.00	0.00	4287978.00	4287985.00	0.00	0.00	
164	4867304.00	0.00	0.00	0.00	4282280.00	4282227.00	0.00	0.00	
165	4907391.00	0.00	0.00	0.00	4293932.00	4293914.00	0.00	0.00	
166	4894611.00	0.00	0.00	0.00	4297310.00	4297290.00	0.00	0.00	
167	4868836.00	0.00	0.00	0.00	4296577.00	4296588.00	0.00	0.00	
168	4700346.00	0.00	0.00	0.00	4190620.00	4190604.00	0.00	0.00	
169	4771026.00	0.00	0.00	0.00	4236356.00	4236334.00	0.00	0.00	
170	4871937.00	0.00	0.00	0.00	4288247.00	4288234.00	0.00	0.00	
171	4855202.00	0.00	0.00	0.00	4288167.00	4288193.00	0.00	0.00	
172	4846980.00	0.00	0.00	0.00	4282113.00	4282096.00	0.00	0.00	
173	4758159.00	0.00	0.00	0.00	4198919.00	4198913.00	0.00	0.00	
174	4711022.00	0.00	0.00	0.00	4152256.00	4152248.00	0.00	0.00	
175	4704626.00	0.00	0.00	0.00	4155358.00	4155328.00	0.00	0.00	
176	4704800.00	0.00	0.00	0.00	4157886.00	4157907.00	0.00	0.00	
177	4718555.00	0.00	0.00	0.00	4160617.00	4160584.00	0.00	0.00	
178	4576130.00	0.00	0.00	0.00	4045001.00	4044992.00	0.00	0.00	
179	4531345.00	0.00	0.00	0.00	4022725.00	4022698.00	0.00	0.00	
180	4525508.00	0.00	0.00	0.00	4025726.00	4025749.00	0.00	0.00	
181	4533661.00	0.00	0.00	0.00	4022204.00	4022212.00	0.00	0.00	
182	4532813.00	0.00	0.00	0.00	4021951.00	4021935.00	0.00	0.00	
183	4531057.00	0.00	0.00	0.00	4022477.00	4022478.00	0.00	0.00	
184	4532391.00	0.00	0.00	0.00	4023968.00	4023933.00	0.00	0.00	
185	4525304.00	0.00	0.00	0.00	4026251.00	4026248.00	0.00	0.00	
186	4519123.00	0.00	0.00	0.00	4024207.00	4024220.00	0.00	0.00	
187	4512476.00	0.00	0.00	0.00	4023888.00	4023889.00	0.00	0.00	
188	4494696.00	0.00	0.00	0.00	4021279.00	4021233.00	0.00	0.00	
189	4495674.00	0.00	0.00	0.00	4021708.00	4021699.00	0.00	0.00	
190	4494183.00	0.00	0.00	0.00	4017795.00	4017834.00	0.00	0.00	
191	4880645.00	0.00	0.00	0.00	4339818.00	4339784.00	0.00	0.00	
192	5040350.00	0.00	0.00	0.00	4438451.00	4438456.00	0.00	0.00	
193	5079365.00	0.00	0.00	0.00	4444100.00	4444068.00	0.00	0.00	
194	5073548.00	0.00	0.00	0.00	4449392.00	4449390.00	0.00	0.00	
195	5060487.00	0.00	0.00	0.00	4445430.00	4445380.00	0.00	0.00	
196	5062833.00	0.00	0.00	0.00	4443475.00	4443523.00	0.00	0.00	
197	5054032.00	0.00	0.00	0.00	4440903.00	4440887.00	0.00	0.00	
198	5035203.00	0.00	0.00	0.00	4440889.00	4440878.00	0.00	0.00	
199	5031985.00	0.00	0.00	0.00	4442084.00	4442085.00	0.00	0.00	
200	5009980.00	0.00	0.00	0.00	4442830.00	4442796.00	0.00	0.00	
201	5029989.00	0.00	0.00	0.00	4443065.00	4443014.00	0.00	0.00	
202	5034473.00	0.00	0.00	0.00	4445733.00	4445790.00	0.00	0.00	
203	5037588.00	0.00	0.00	0.00	4445080.00	4445061.00	0.00	0.00	
204	5039306.00	0.00	0.00	0.00	4442313.00	4442305.00	0.00	0.00	
205	5044155.00	0.00	0.00	0.00	4445292.00	4445273.00	0.00	0.00	
206	5021443.00	0.00	0.00	0.00	4443466.00	4443442.00	0.00	0.00	
207	5029398.00	0.00	0.00	0.00	4447712.00	4447705.00	0.00	0.00	
208	5064440.00	0.00	0.00	0.00	4449674.00	4449705.00	0.00	0.00	
209	5068430.00	0.00	0.00	0.00	4446318.00	4446316.00	0.00	0.00	
210	5064666.00	0.00	0.00	0.00	4451215.00	4451207.00	0.00	0.00	
211	5076310.00	0.00	0.00	0.00	4452309.00	4452291.00	0.00	0.00	
212	5058309.00	0.00	0.00	0.00	4450328.00	4450327.00	0.00	0.00	
213	5035497.00	0.00	0.00	0.00	4448237.00	4448220.00	0.00	0.00	
214	5016667.00	0.00	0.00	0.00	4444221.00	4444214.00	0.00	0.00	
215	5008881.00	0.00	0.00	0.00	4442251.00	4442253.00	0.00	0.00	
216	5025406.00	0.00	0.00	0.00	4444061.00	4444055.00	0.00	0.00	
217	5029475.00	0.00	0.00	0.00	4448287.00	4448247.00	0.00	0.00	
218	5072558.00	0.00	0.00	0.00	4452548.00	4452567.00	0.00	0.00	
219	5090040.00	0.00	0.00	0.00	4458269.00	4458260.00	0.00	0.00	
220	5100209.00	0.00	0.00	0.00	4454401.00	4454378.00	0.00	0.00	
221	5070662.00	0.00	0.00	0.00	4457074.00	4457039.00	0.00	0.00	
222	5053604.00	0.00	0.00	0.00	4451762.00	4451790.00	0.00	0.00	
223	5037212.00	0.00	0.00	0.00	4450897.00	4450887.00	0.00	0.00	
224	5032808.00	0.00	0.00	0.00	4447171.00	4447178.00	0.00	0.00	
225	5030879.00	0.00	0.00	0.00	4447655.00	4447678.00	0.00	0.00	
226	5027979.00	0.00	0.00	0.00	4447022.00	4446983.00	0.00	0.00	
227	5043069.00	0.00	0.00	0.00	4446153.00	4446190.00	0.00	0.00	
228	5065673.00	0.00	0.00	0.00	4450152.00	4450120.00	0.00	0.00	
229	5072826.00	0.00	0.00	0.00	4451595.00	4451571.00	0.00	0.00	
230	5038063.00	0.00	0.00	0.00	4447996.00	4448019.00	0.00	0.00	
231	5009029.00	0.00	0.00	0.00	4439739.00	4439733.00	0.00	0.00	
232	5029265.00	0.00	0.00	0.00	4446693.00	4446710.00	0.00	0.00	
233	5036907.00	0.00	0.00	0.00	4446488.00	4446470.00	0.00	0.00	
234	5030911.00	0.00	0.00	0.00	4444665.00	4444681.00	0.00	0.00	
235	5023556.00	0.00	0.00	0.00	4444568.00	4444536.00	0.00	0.00	
236	5015204.00	0.00	0.00	0.00	4444652.00	4444666.00	0.00	0.00	
237	5046487.00	0.00	0.00	0.00	4445077.00	4445015.00	0.00	0.00	
238	5088427.00	0.00	0.00	0.00	4454745.00	4454814.00	0.00	0.00	
239	5094178.00	0.00	0.00	0.00	4454366.00	4454284.00	0.00	0.00	
240	5063237.00	0.00	0.00	0.00	4453708.00	4453788.00	0.00	0.00	
241	5059789.00	0.00	0.00	0.00	4453531.00	4453530.00	0.00	0.00	
242	5031853.00	0.00	0.00	0.00	4449724.00	4449724.00	0.00	0.00	
243	5027764.00	0.00	0.00	0.00	4447935.00	4447923.00	0.00	0.00	
244	5020594.00	0.00	0.00	0.00	4444722.00	4444639.00	0.00	0.00	
245	5016976.00	0.00	0.00	0.00	4446021.00	4446090.00	0.00	0.00	
246	5031178.00	0.00	0.00	0.00	4443530.00	4443539.00	0.00	0.00	
247	5026433.00	0.00	0.00	0.00	4445292.00	4445257.00	0.00	0.00	
248	5032282.00	0.00	0.00	0.00	4443622.00	4443635.00	0.00	0.00	
249	5040367.00	0.00	0.00	0.00	4446099.00	4446113.00	0.00	0.00	
250	5049090.00	0.00	0.00	0.00	4446856.00	4446822.00	0.00	0.00	
251	5042372.00	0.00	0.00	0.00	4445710.00	4445743.00	0.00	0.00	
252	5981677.00	0.00	0.00	0.00	2154668.00	2154667.00	0.00	0.00	
253	5946477.00	0.00	0.00	0.00	2099226.00	2099197.00	0.00	0.00	
254	5889093.00	0.00	0.00	0.00	2194095.00	2193586.00	0.00	0.00	
255	5334093.00	0.00	0.00	0.00	3622605.00	3622266.00	0.00	0.00	
256	5251441.00	0.00	0.00	0.00	3917628.00	3917510.00	0.00	0.00	
257	5211305.00	0.00	0.00	0.00	4058567.00	4058509.00	0.00	0.00	
258	5182832.00	0.00	0.00	0.00	4150577.00	4150539.00	0.00	0.00	
259	5189557.00	0.00	0.00	0.00	4224161.00	4224166.00	0.00	0.00	
260	5188481.00	0.00	0.00	0.00	4280594.00	4280537.00	0.00	0.00	
261	5186267.00	0.00	0.00	0.00	4219631.00	4219651.00	0.00	0.00	
262	5136730.00	0.00	0.00	0.00	4332186.00	4332097.00	0.00	0.00	
263	5099332.00	0.00	0.00	0.00	4372380.00	4372419.00	0.00	0.00	
264	5123061.00	0.00	0.00	0.00	4396817.00	4396792.00	0.00	0.00	
265	5109706.00	0.00	0.00	0.00	4410357.00	4410342.00	0.00	0.00	
266	5102392.00	0.00	0.00	0.00	4413177.00	4413151.00	0.00	0.00	
267	5087285.00	0.00	0.00	0.00	4415245.00	4415230.00	0.00	0.00	
268	5063686.00	0.00	0.00	0.00	4411976.00	4411954.00	0.00	0.00	
269	5069381.00	0.00	0.00	0.00	4408620.00	4408637.00	0.00	0.00	
270	5023155.00	0.00	0.00	0.00	4405812.00	4405775.00	0.00	0.00	
271	5025472.00	0.00	0.00	0.00	4410454.00	4410439.00	0.00	0.00	
272	5057379.00	0.00	0.00	0.00	4421114.00	4421067.00	0.00	0.00	
273	5048184.00	0.00	0.00	0.00	4419778.00	4419814.00	0.00	0.00	
274	5060195.00	0.00	0.00	0.00	4421621.00	4421590.00	0.00	0.00	
275	5080967.00	0.00	0.00	0.00	4425127.00	4425145.00	0.00	0.00	
276	5142563.00	0.00	0.00	0.00	4433923.00	4433909.00	0.00	0.00	
277	5137757.00	0.00	0.00	0.00	4440264.00	4440256.00	0.00	0.00	
278	5126246.00	0.00	0.00	0.00	4438624.00	4438611.00	0.00	0.00	
279	5099329.00	0.00	0.00	0.00	4439746.00	4439762.00	0.00	0.00	
280	5076318.00	0.00	0.00	0.00	4431953.00	4431931.00	0.00	0.00	
281	5074580.00	0.00	0.00	0.00	4428062.00	4428059.00	0.00	0.00	
282	5090015.00	0.00	0.00	0.00	4432461.00	4432448.00	0.00	0.00	
283	5082532.00	0.00	0.00	0.00	4430811.00	4430808.00	0.00	0.00	
284	5063532.00	0.00	0.00	0.00	4433344.00	4433332.00	0.00	0.00	
285	5039498.00	0.00	0.00	0.00	4434989.00	4434981.00	0.00	0.00	
286	5023257.00	0.00	0.00	0.00	4432568.00	4432515.00	0.00	0.00	
287	5058048.00	0.00	0.00	0.00	4436268.00	4436228.00	0.00	0.00	
288	5076805.00	0.00	0.00	0.00	4435818.00	4435866.00	0.00	0.00	
289	5075864.00	0.00	0.00	0.00	4435156.00	4435175.00	0.00	0.00	
290	5067648.00	0.00	0.00	0.00	4435846.00	4435844.00	0.00	0.00	
291	5104977.00	0.00	0.00	0.00	4441255.00	4441196.00	0.00	0.00	
292	5111171.00	0.00	0.00	0.00	4444928.00	4444936.00	0.00	0.00	
293	5096523.00	0.00	0.00	0.00	4446564.00	4446589.00	0.00	0.00	
294	5079229.00	0.00	0.00	0.00	4439595.00	4439558.00	0.00	0.00	
295	5052577.00	0.00	0.00	0.00	4444928.00	4444944.00	0.00	0.00	
296	5037343.00	0.00	0.00	0.00	4443253.00	4443237.00	0.00	0.00	
297	5048231.00	0.00	0.00	0.00	4444915.00	4444908.00	0.00	0.00	
298	5042354.00	0.00	0.00	0.00	4445053.00	4445054.00	0.00	0.00	
299	5068524.00	0.00	0.00	0.00	4443176.00	4443144.00	0.00	0.00	
300	5067555.00	0.00	0.00	0.00	4444998.00	4444994.00	0.00	0.00	
301	5086357.00	0.00	0.00	0.00	4441096.00	4441060.00	0.00	0.00	
302	5126590.00	0.00	0.00	0.00	4452422.00	4452455.00	0.00	0.00	
303	5129016.00	0.00	0.00	0.00	4450063.00	4450056.00	0.00	0.00	
304	5114855.00	0.00	0.00	0.00	4450178.00	4450180.00	0.00	0.00	
305	5101259.00	0.00	0.00	0.00	4451669.00	4451653.00	0.00	0.00	
306	5079749.00	0.00	0.00	0.00	4451183.00	4451124.00	0.00	0.00	
307	5061331.00	0.00	0.00	0.00	4451629.00	4451616.00	0.00	0.00	
308	5043115.00	0.00	0.00	0.00	4445937.00	4445944.00	0.00	0.00	
309	5056537.00	0.00	0.00	0.00	4448194.00	4448166.00	0.00	0.00	
310	5051719.00	0.00	0.00	0.00	4446554.00	4446601.00	0.00	0.00	
311	5039285.00	0.00	0.00	0.00	4439988.00	4439941.00	0.00	0.00	
312	5059783.00	0.00	0.00	0.00	4443544.00	4443564.00	0.00	0.00	
313	5058459.00	0.00	0.00	0.00	4440326.00	4440325.00	0.00	0.00	
314	5055052.00	0.00	0.00	0.00	4443935.00	4443942.00	0.00	0.00	
315	5094861.00	0.00	0.00	0.00	4451846.00	4451803.00	0.00	0.00	
316	5063273.00	0.00	0.00	0.00	4450174.00	4450171.00	0.00	0.00	
317	5045405.00	0.00	0.00	0.00	4446303.00	4446317.00	0.00	0.00	
318	5051144.00	0.00	0.00	0.00	4450459.00	4450460.00	0.00	0.00	
319	5044670.00	0.00	0.00	0.00	4450927.00	4450930.00	0.00	0.00	
320	5036262.00	0.00	0.00	0.00	4446033.00	4446023.00	0.00	0.00	
321	5033487.00	0.00	0.00	0.00	4446752.00	4446726.00	0.00	0.00	
322	5040478.00	0.00	0.00	0.00	4444323.00	4444329.00	0.00	0.00	
323	5086894.00	0.00	0.00	0.00	4452499.00	4452507.00	0.00	0.00	
324	5068630.00	0.00	0.00	0.00	4448386.00	4448366.00	0.00	0.00	
325	5076692.00	0.00	0.00	0.00	4448381.00	4448373.00	0.00	0.00	
326	5094555.00	0.00	0.00	0.00	4452697.00	4452714.00	0.00	0.00	
327	5081463.00	0.00	0.00	0.00	4453892.00	4453871.00	0.00	0.00	
328	5040288.00	0.00	0.00	0.00	4448362.00	4448369.00	0.00	0.00	
329	5049774.00	0.00	0.00	0.00	4447265.00	4447237.00	0.00	0.00	
330	5048503.00	0.00	0.00	0.00	4448215.00	4448234.00	0.00	0.00	
331	5057972.00	0.00	0.00	0.00	4447562.00	4447535.00	0.00	0.00	
332	5056468.00	0.00	0.00	0.00	4448613.00	4448575.00	0.00	0.00	
333	5048441.00	0.00	0.00	0.00	4445269.00	4445287.00	0.00	0.00	
334	5026756.00	0.00	0.00	0.00	4444387.00	4444385.00	0.00	0.00	
335	5021264.00	0.00	0.00	0.00	4443414.00	4443423.00	0.00	0.00	
336	5075810.00	0.00	0.00	0.00	4448312.00	4448297.00	0.00	0.00	
337	5102971.00	0.00	0.00	0.00	4458883.00	4458878.00	0.00	0.00	
338	5115173.00	0.00	0.00	0.00	4455762.00	4455790.00	0.00	0.00	
339	5111410.00	0.00	0.00	0.00	4455058.00	4455053.00	0.00	0.00	
340	5093765.00	0.00	0.00	0.00	4454924.00	4454897.00	0.00	0.00	
341	5088366.00	0.00	0.00	0.00	4454691.00	4454697.00	0.00	0.00	
342	5087209.00	0.00	0.00	0.00	4452912.00	4452921.00	0.00	0.00	
343	5080316.00	0.00	0.00	0.00	4453602.00	4453609.00	0.00	0.00	
344	5066224.00	0.00	0.00	0.00	4452033.00	4452019.00	0.00	0.00	
345	5036945.00	0.00	0.00	0.00	4446368.00	4446322.00	0.00	0.00	
346	5017374.00	0.00	0.00	0.00	4443505.00	4443516.00	0.00	0.00	
347	5040274.00	0.00	0.00	0.00	4444849.00	4444860.00	0.00	0.00	
348	5053831.00	0.00	0.00	0.00	4446965.00	4446943.00	0.00	0.00	
349	5078454.00	0.00	0.00	0.00	4446317.00	4446328.00	0.00	0.00	
350	5117610.00	0.00	0.00	0.00	4453744.00	4453729.00	0.00	0.00	
351	5118371.00	0.00	0.00	0.00	4458575.00	4458583.00	0.00	0.00	
352	6111311.00	0.00	0.00	0.00	2159575.00	2159582.00	0.00	0.00	
353	6101353.00	0.00	0.00	0.00	2132904.00	2132922.00	0.00	0.00	
354	6097085.00	0.00	0.00	0.00	2133338.00	2133339.00	0.00	0.00	
355	6130856.00	0.00	0.00	0.00	2056960.00	2056954.00	0.00	0.00	
356	5790573.00	0.00	0.00	0.00	2682781.00	2682078.00	0.00	0.00	
357	5333782.00	0.00	0.00	0.00	3748145.00	3748032.00	0.00	0.00	
358	5239491.00	0.00	0.00	0.00	3970356.00	3970226.00	0.00	0.00	
359	5207369.00	0.00	0.00	0.00	4088943.00	4088879.00	0.00	0.00	
360	5195783.00	0.00	0.00	0.00	4173675.00	4173628.00	0.00	0.00	
361	5190964.00	0.00	0.00	0.00	4240430.00	4240431.00	0.00	0.00	
362	5187540.00	0.00	0.00	0.00	4250975.00	4250926.00	0.00	0.00	
363	5162319.00	0.00	0.00	0.00	4256300.00	4256261.00	0.00	0.00	
364	5120978.00	0.00	0.00	0.00	4350674.00	4350661.00	0.00	0.00	
365	5111471.00	0.00	0.00	0.00	4384121.00	4384113.00	0.00	0.00	
366	5155977.00	0.00	0.00	0.00	4403503.00	4403502.00	0.00	0.00	
367	5109649.00	0.00	0.00	0.00	4411480.00	4411478.00	0.00	0.00	
368	5093015.00	0.00	0.00	0.00	4412824.00	4412813.00	0.00	0.00	
369	5091062.00	0.00	0.00	0.00	4415355.00	4415327.00	0.00	0.00	
370	5102774.00	0.00	0.00	0.00	4416477.00	4416448.00	0.00	0.00	
371	5101039.00	0.00	0.00	0.00	4417331.00	4417309.00	0.00	0.00	
372	5093472.00	0.00	0.00	0.00	4413916.00	4413945.00	0.00	0.00	
373	5079360.00	0.00	0.00	0.00	4411797.00	4411783.00	0.00	0.00	
374	5077768.00	0.00	0.00	0.00	4418175.00	4418137.00	0.00	0.00	
375	5102893.00	0.00	0.00	0.00	4421441.00	4421441.00	0.00	0.00	
376	5157811.00	0.00	0.00	0.00	4433399.00	4433369.00	0.00	0.00	
377	5143256.00	0.00	0.00	0.00	4435633.00	4435647.00	0.00	0.00	
378	5118949.00	0.00	0.00	0.00	4433260.00	4433216.00	0.00	0.00	
379	5092501.00	0.00	0.00	0.00	4429806.00	4429849.00	0.00	0.00	
380	5069792.00	0.00	0.00	0.00	4426210.00	4426151.00	0.00	0.00	
381	5061223.00	0.00	0.00	0.00	4430967.00	4431000.00	0.00	0.00	
382	5065068.00	0.00	0.00	0.00	4427751.00	4427722.00	0.00	0.00	
383	5064380.00	0.00	0.00	0.00	4427132.00	4427097.00	0.00	0.00	
384	5114466.00	0.00	0.00	0.00	4437429.00	4437446.00	0.00	0.00	
385	5127985.00	0.00	0.00	0.00	4442738.00	4442715.00	0.00	0.00	
386	5115525.00	0.00	0.00	0.00	4443893.00	4443927.00	0.00	0.00	
387	5104809.00	0.00	0.00	0.00	4443532.00	4443474.00	0.00	0.00	
388	5074215.00	0.00	0.00	0.00	4436050.00	4436071.00	0.00	0.00	
389	5064122.00	0.00	0.00	0.00	4437738.00	4437710.00	0.00	0.00	
390	5063170.00	0.00	0.00	0.00	4441038.00	4441042.00	0.00	0.00	
391	5051026.00	0.00	0.00	0.00	4437980.00	4437953.00	0.00	0.00	
392	5032519.00	0.00	0.00	0.00	4434322.00	4434363.00	0.00	0.00	
393	5041735.00	0.00	0.00	0.00	4433291.00	4433287.00	0.00	0.00	
394	5083829.00	0.00	0.00	0.00	4436589.00	4436544.00	0.00	0.00	
395	5095437.00	0.00	0.00	0.00	4443403.00	4443426.00	0.00	0.00	
396	5100980.00	0.00	0.00	0.00	4440954.00	4440959.00	0.00	0.00	
397	5097071.00	0.00	0.00	0.00	4446404.00	4446361.00	0.00	0.00	
398	5088114.00	0.00	0.00	0.00	4448818.00	4448839.00	0.00	0.00	
399	5099153.00	0.00	0.00	0.00	4446948.00	4446908.00	0.00	0.00	
400	5089017.00	0.00	0.00	0.00	4448497.00	4448478.00	0.00	0.00	
