second	tx	tx_get	tx_put	tx_del	rx	rx_getSucc	rx_putSucc	rx_delSucc
2	49999692.00	0.00	0.00	0.00	10969422.00	10969422.00	0.00	0.00	
3	49999896.00	0.00	0.00	0.00	10969275.00	10969275.00	0.00	0.00	
4	50001144.00	0.00	0.00	0.00	10969688.00	10969688.00	0.00	0.00	
5	49998916.00	0.00	0.00	0.00	10967353.00	10967353.00	0.00	0.00	
6	49997484.00	0.00	0.00	0.00	33262060.00	33262044.00	0.00	0.00	
7	49999852.00	0.00	0.00	0.00	40164948.00	40164952.00	0.00	0.00	
8	49996748.00	0.00	0.00	0.00	42181336.00	42181340.00	0.00	0.00	
9	50000508.00	0.00	0.00	0.00	43470848.00	43470844.00	0.00	0.00	
10	49997888.00	0.00	0.00	0.00	44425968.00	44425976.00	0.00	0.00	
11	50000052.00	0.00	0.00	0.00	45187564.00	45187548.00	0.00	0.00	
12	50000544.00	0.00	0.00	0.00	45836848.00	45836848.00	0.00	0.00	
13	49999808.00	0.00	0.00	0.00	46406392.00	46406376.00	0.00	0.00	
14	49999848.00	0.00	0.00	0.00	46922232.00	46922260.00	0.00	0.00	
15	49999856.00	0.00	0.00	0.00	47385576.00	47385576.00	0.00	0.00	
16	50000120.00	0.00	0.00	0.00	47793228.00	47793208.00	0.00	0.00	
17	49999964.00	0.00	0.00	0.00	48074656.00	48074692.00	0.00	0.00	
18	49999992.00	0.00	0.00	0.00	48195104.00	48195112.00	0.00	0.00	
19	49999112.00	0.00	0.00	0.00	48235512.00	48235488.00	0.00	0.00	
20	50000224.00	0.00	0.00	0.00	48244520.00	48244484.00	0.00	0.00	
21	50000180.00	0.00	0.00	0.00	48253224.00	48253224.00	0.00	0.00	
22	49999600.00	0.00	0.00	0.00	48257744.00	48257768.00	0.00	0.00	
23	50000732.00	0.00	0.00	0.00	48264248.00	48264236.00	0.00	0.00	
24	49999932.00	0.00	0.00	0.00	48263332.00	48263380.00	0.00	0.00	
25	49998336.00	0.00	0.00	0.00	48263276.00	48263216.00	0.00	0.00	
26	50001132.00	0.00	0.00	0.00	48266980.00	48266996.00	0.00	0.00	
27	50001252.00	0.00	0.00	0.00	48241760.00	48241764.00	0.00	0.00	
28	50000052.00	0.00	0.00	0.00	48241956.00	48241940.00	0.00	0.00	
29	49998576.00	0.00	0.00	0.00	48238360.00	48238368.00	0.00	0.00	
30	50000036.00	0.00	0.00	0.00	48237496.00	48237512.00	0.00	0.00	
31	49998800.00	0.00	0.00	0.00	48238680.00	48238688.00	0.00	0.00	
32	50001056.00	0.00	0.00	0.00	48241504.00	48241472.00	0.00	0.00	
33	49999068.00	0.00	0.00	0.00	48242760.00	48242784.00	0.00	0.00	
34	49999684.00	0.00	0.00	0.00	48242156.00	48242160.00	0.00	0.00	
35	49998672.00	0.00	0.00	0.00	48238916.00	48238900.00	0.00	0.00	
36	50000056.00	0.00	0.00	0.00	48241944.00	48241904.00	0.00	0.00	
37	50000056.00	0.00	0.00	0.00	48243008.00	48243076.00	0.00	0.00	
38	49997932.00	0.00	0.00	0.00	48243416.00	48243416.00	0.00	0.00	
39	49996184.00	0.00	0.00	0.00	48241640.00	48241640.00	0.00	0.00	
40	50000376.00	0.00	0.00	0.00	48244988.00	48244980.00	0.00	0.00	
41	50001268.00	0.00	0.00	0.00	30276704.00	30276704.00	0.00	0.00	
42	49999780.00	0.00	0.00	0.00	41097176.00	41097184.00	0.00	0.00	
43	49999616.00	0.00	0.00	0.00	43935020.00	43935024.00	0.00	0.00	
44	49999780.00	0.00	0.00	0.00	45272596.00	45272592.00	0.00	0.00	
45	50000212.00	0.00	0.00	0.00	46151536.00	46151528.00	0.00	0.00	
46	49999816.00	0.00	0.00	0.00	46812504.00	46812504.00	0.00	0.00	
47	49999808.00	0.00	0.00	0.00	47332660.00	47332672.00	0.00	0.00	
48	49999244.00	0.00	0.00	0.00	47732924.00	47732916.00	0.00	0.00	
49	50000728.00	0.00	0.00	0.00	47961524.00	47961536.00	0.00	0.00	
50	49999184.00	0.00	0.00	0.00	48075072.00	48075080.00	0.00	0.00	
51	49999016.00	0.00	0.00	0.00	48123576.00	48123552.00	0.00	0.00	
52	50000816.00	0.00	0.00	0.00	48150464.00	48150468.00	0.00	0.00	
53	49999544.00	0.00	0.00	0.00	48158488.00	48158464.00	0.00	0.00	
54	50000592.00	0.00	0.00	0.00	48163016.00	48163056.00	0.00	0.00	
55	49999152.00	0.00	0.00	0.00	48169816.00	48169792.00	0.00	0.00	
56	50000784.00	0.00	0.00	0.00	48172612.00	48172612.00	0.00	0.00	
57	49999400.00	0.00	0.00	0.00	48177352.00	48177344.00	0.00	0.00	
58	49999648.00	0.00	0.00	0.00	48177196.00	48177236.00	0.00	0.00	
59	50001132.00	0.00	0.00	0.00	48182208.00	48182216.00	0.00	0.00	
60	50000072.00	0.00	0.00	0.00	48182336.00	48182320.00	0.00	0.00	
61	49999736.00	0.00	0.00	0.00	48185968.00	48185976.00	0.00	0.00	
62	50000164.00	0.00	0.00	0.00	48188120.00	48188056.00	0.00	0.00	
63	49999892.00	0.00	0.00	0.00	48191120.00	48191160.00	0.00	0.00	
64	50000092.00	0.00	0.00	0.00	48192292.00	48192288.00	0.00	0.00	
65	50000064.00	0.00	0.00	0.00	48192312.00	48192328.00	0.00	0.00	
66	49998760.00	0.00	0.00	0.00	48191964.00	48191972.00	0.00	0.00	
67	49999348.00	0.00	0.00	0.00	48195520.00	48195528.00	0.00	0.00	
68	49999360.00	0.00	0.00	0.00	48198272.00	48198256.00	0.00	0.00	
69	50000796.00	0.00	0.00	0.00	48201196.00	48201172.00	0.00	0.00	
70	49998332.00	0.00	0.00	0.00	48199400.00	48199440.00	0.00	0.00	
71	49999832.00	0.00	0.00	0.00	48199796.00	48199788.00	0.00	0.00	
72	50000024.00	0.00	0.00	0.00	48198184.00	48198168.00	0.00	0.00	
73	50000152.00	0.00	0.00	0.00	48201924.00	48201948.00	0.00	0.00	
74	49978480.00	0.00	0.00	0.00	48184616.00	48184600.00	0.00	0.00	
75	50000012.00	0.00	0.00	0.00	48203656.00	48203652.00	0.00	0.00	
76	49999024.00	0.00	0.00	0.00	48203176.00	48203156.00	0.00	0.00	
77	50000156.00	0.00	0.00	0.00	48200152.00	48200180.00	0.00	0.00	
78	50000796.00	0.00	0.00	0.00	48201756.00	48201760.00	0.00	0.00	
79	50000084.00	0.00	0.00	0.00	48201980.00	48201984.00	0.00	0.00	
80	49999836.00	0.00	0.00	0.00	48203440.00	48203412.00	0.00	0.00	
81	50001452.00	0.00	0.00	0.00	34783420.00	34783448.00	0.00	0.00	
82	49998668.00	0.00	0.00	0.00	41988340.00	41988340.00	0.00	0.00	
83	50000496.00	0.00	0.00	0.00	44096224.00	44096216.00	0.00	0.00	
84	49999852.00	0.00	0.00	0.00	45358608.00	45358604.00	0.00	0.00	
85	49999968.00	0.00	0.00	0.00	46214648.00	46214632.00	0.00	0.00	
86	49999416.00	0.00	0.00	0.00	46862288.00	46862264.00	0.00	0.00	
87	50000340.00	0.00	0.00	0.00	47373760.00	47373784.00	0.00	0.00	
88	49999976.00	0.00	0.00	0.00	47753512.00	47753492.00	0.00	0.00	
89	50000068.00	0.00	0.00	0.00	47956312.00	47956320.00	0.00	0.00	
90	49999872.00	0.00	0.00	0.00	48053268.00	48053236.00	0.00	0.00	
91	49999860.00	0.00	0.00	0.00	48104284.00	48104352.00	0.00	0.00	
92	50000104.00	0.00	0.00	0.00	48127372.00	48127308.00	0.00	0.00	
93	50000092.00	0.00	0.00	0.00	48141808.00	48141840.00	0.00	0.00	
94	49998816.00	0.00	0.00	0.00	48149428.00	48149420.00	0.00	0.00	
95	50000248.00	0.00	0.00	0.00	48156392.00	48156432.00	0.00	0.00	
96	49999888.00	0.00	0.00	0.00	48160376.00	48160368.00	0.00	0.00	
97	49999420.00	0.00	0.00	0.00	48161268.00	48161240.00	0.00	0.00	
98	50000120.00	0.00	0.00	0.00	48165552.00	48165536.00	0.00	0.00	
99	49999524.00	0.00	0.00	0.00	48170304.00	48170324.00	0.00	0.00	
100	50000424.00	0.00	0.00	0.00	48174752.00	48174768.00	0.00	0.00	
101	49999936.00	0.00	0.00	0.00	48177804.00	48177788.00	0.00	0.00	
102	49999136.00	0.00	0.00	0.00	48176812.00	48176820.00	0.00	0.00	
103	50001112.00	0.00	0.00	0.00	48175416.00	48175376.00	0.00	0.00	
104	49999008.00	0.00	0.00	0.00	48179664.00	48179712.00	0.00	0.00	
105	50000768.00	0.00	0.00	0.00	48182968.00	48182952.00	0.00	0.00	
106	50000320.00	0.00	0.00	0.00	48185048.00	48185064.00	0.00	0.00	
107	49999116.00	0.00	0.00	0.00	48185168.00	48185120.00	0.00	0.00	
108	49999540.00	0.00	0.00	0.00	48185800.00	48185836.00	0.00	0.00	
109	50001240.00	0.00	0.00	0.00	48183796.00	48183804.00	0.00	0.00	
110	49999864.00	0.00	0.00	0.00	48186516.00	48186508.00	0.00	0.00	
111	49999896.00	0.00	0.00	0.00	48189108.00	48189092.00	0.00	0.00	
112	49999316.00	0.00	0.00	0.00	48188144.00	48188152.00	0.00	0.00	
113	50000976.00	0.00	0.00	0.00	48191008.00	48191024.00	0.00	0.00	
114	49999120.00	0.00	0.00	0.00	48188080.00	48188080.00	0.00	0.00	
115	50000712.00	0.00	0.00	0.00	48184140.00	48184132.00	0.00	0.00	
116	50000128.00	0.00	0.00	0.00	48191144.00	48191164.00	0.00	0.00	
117	50000060.00	0.00	0.00	0.00	48192680.00	48192680.00	0.00	0.00	
118	49999844.00	0.00	0.00	0.00	48194120.00	48194120.00	0.00	0.00	
119	50000088.00	0.00	0.00	0.00	48194560.00	48194552.00	0.00	0.00	
120	49999932.00	0.00	0.00	0.00	48194592.00	48194576.00	0.00	0.00	
121	50000820.00	0.00	0.00	0.00	31402012.00	31402036.00	0.00	0.00	
122	50000136.00	0.00	0.00	0.00	41220912.00	41220920.00	0.00	0.00	
123	49999804.00	0.00	0.00	0.00	43944928.00	43944924.00	0.00	0.00	
124	49998500.00	0.00	0.00	0.00	45286784.00	45286760.00	0.00	0.00	
125	50000952.00	0.00	0.00	0.00	46153928.00	46153948.00	0.00	0.00	
126	49999760.00	0.00	0.00	0.00	46811668.00	46811648.00	0.00	0.00	
127	50000304.00	0.00	0.00	0.00	47330024.00	47330032.00	0.00	0.00	
128	49999808.00	0.00	0.00	0.00	47726808.00	47726824.00	0.00	0.00	
129	50000128.00	0.00	0.00	0.00	47945296.00	47945280.00	0.00	0.00	
130	49998888.00	0.00	0.00	0.00	48045508.00	48045500.00	0.00	0.00	
131	49998776.00	0.00	0.00	0.00	48104460.00	48104452.00	0.00	0.00	
132	49999952.00	0.00	0.00	0.00	48133632.00	48133660.00	0.00	0.00	
133	49999980.00	0.00	0.00	0.00	48144360.00	48144320.00	0.00	0.00	
134	50000544.00	0.00	0.00	0.00	48149520.00	48149548.00	0.00	0.00	
135	49999248.00	0.00	0.00	0.00	48153360.00	48153364.00	0.00	0.00	
136	50001084.00	0.00	0.00	0.00	48160976.00	48160940.00	0.00	0.00	
137	49999764.00	0.00	0.00	0.00	48167244.00	48167256.00	0.00	0.00	
138	49999236.00	0.00	0.00	0.00	48169600.00	48169592.00	0.00	0.00	
139	50000976.00	0.00	0.00	0.00	48172432.00	48172456.00	0.00	0.00	
140	49999836.00	0.00	0.00	0.00	48172760.00	48172768.00	0.00	0.00	
141	49999864.00	0.00	0.00	0.00	48174680.00	48174664.00	0.00	0.00	
142	49998828.00	0.00	0.00	0.00	48178656.00	48178652.00	0.00	0.00	
143	50001324.00	0.00	0.00	0.00	48182008.00	48182020.00	0.00	0.00	
144	49999308.00	0.00	0.00	0.00	48182832.00	48182840.00	0.00	0.00	
145	50000600.00	0.00	0.00	0.00	48183912.00	48183904.00	0.00	0.00	
146	50000196.00	0.00	0.00	0.00	48182912.00	48182920.00	0.00	0.00	
147	49999992.00	0.00	0.00	0.00	48183568.00	48183560.00	0.00	0.00	
148	49999888.00	0.00	0.00	0.00	48187868.00	48187856.00	0.00	0.00	
149	49997412.00	0.00	0.00	0.00	48186792.00	48186784.00	0.00	0.00	
150	49999672.00	0.00	0.00	0.00	48191900.00	48191900.00	0.00	0.00	
151	50000956.00	0.00	0.00	0.00	48193716.00	48193744.00	0.00	0.00	
152	49999960.00	0.00	0.00	0.00	48191536.00	48191488.00	0.00	0.00	
153	50000192.00	0.00	0.00	0.00	48191348.00	48191376.00	0.00	0.00	
154	49999872.00	0.00	0.00	0.00	48192592.00	48192600.00	0.00	0.00	
155	50000072.00	0.00	0.00	0.00	48195144.00	48195152.00	0.00	0.00	
156	50000072.00	0.00	0.00	0.00	48196320.00	48196336.00	0.00	0.00	
157	50000004.00	0.00	0.00	0.00	48197652.00	48197604.00	0.00	0.00	
158	49997048.00	0.00	0.00	0.00	48193752.00	48193776.00	0.00	0.00	
159	50000056.00	0.00	0.00	0.00	48194020.00	48193996.00	0.00	0.00	
160	0.00	0.00	0.00	0.00	0.00	0.00	0.00	0.00	
