second	tx	tx_get	tx_put	tx_del	rx	rx_getSucc	rx_putSucc	rx_delSucc
2	0.00	0.00	0.00	0.00	0.00	0.00	0.00	0.00	
3	0.00	0.00	0.00	0.00	0.00	0.00	0.00	0.00	
4	0.00	0.00	0.00	0.00	0.00	0.00	0.00	0.00	
5	0.00	0.00	0.00	0.00	0.00	0.00	0.00	0.00	
6	0.00	0.00	0.00	0.00	0.00	0.00	0.00	0.00	
7	14437729.00	0.00	0.00	0.00	13178089.00	13178089.00	0.00	0.00	
8	40498652.00	0.00	0.00	0.00	36665168.00	36665168.00	0.00	0.00	
9	46384560.00	0.00	0.00	0.00	34296616.00	34296592.00	0.00	0.00	
10	53190880.00	0.00	0.00	0.00	34432016.00	34432032.00	0.00	0.00	
11	45207876.00	0.00	0.00	0.00	32110984.00	32110996.00	0.00	0.00	
12	37305556.00	0.00	0.00	0.00	30304776.00	30304772.00	0.00	0.00	
13	48897784.00	0.00	0.00	0.00	32429074.00	32429078.00	0.00	0.00	
14	50143336.00	0.00	0.00	0.00	28153814.00	28153784.00	0.00	0.00	
15	39995324.00	0.00	0.00	0.00	21133304.00	21133340.00	0.00	0.00	
16	41607484.00	0.00	0.00	0.00	24519760.00	24519752.00	0.00	0.00	
17	39568616.00	0.00	0.00	0.00	29469472.00	29469480.00	0.00	0.00	
18	31010210.00	0.00	0.00	0.00	26811406.00	26811398.00	0.00	0.00	
19	47679540.00	0.00	0.00	0.00	38121352.00	38121312.00	0.00	0.00	
20	48012432.00	0.00	0.00	0.00	40068196.00	40068192.00	0.00	0.00	
21	50089140.00	0.00	0.00	0.00	40255820.00	40255856.00	0.00	0.00	
22	46155508.00	0.00	0.00	0.00	37545408.00	37545408.00	0.00	0.00	
23	35086972.00	0.00	0.00	0.00	31770700.00	31770704.00	0.00	0.00	
24	35765816.00	0.00	0.00	0.00	29354322.00	29354322.00	0.00	0.00	
25	51970536.00	0.00	0.00	0.00	38215840.00	38215840.00	0.00	0.00	
26	42659652.00	0.00	0.00	0.00	35421140.00	35421140.00	0.00	0.00	
27	26188800.00	0.00	0.00	0.00	24628582.00	24628582.00	0.00	0.00	
28	24012800.00	0.00	0.00	0.00	23148116.00	23148116.00	0.00	0.00	
29	37706456.00	0.00	0.00	0.00	32292072.00	32292060.00	0.00	0.00	
30	47198412.00	0.00	0.00	0.00	36428272.00	36428280.00	0.00	0.00	
31	37580732.00	0.00	0.00	0.00	30344296.00	30344300.00	0.00	0.00	
32	24307200.00	0.00	0.00	0.00	23019916.00	23019916.00	0.00	0.00	
33	38597984.00	0.00	0.00	0.00	29663972.00	29663940.00	0.00	0.00	
34	54234480.00	0.00	0.00	0.00	34166112.00	34166116.00	0.00	0.00	
35	54929736.00	0.00	0.00	0.00	28540722.00	28540748.00	0.00	0.00	
36	55829032.00	0.00	0.00	0.00	23617520.00	23617500.00	0.00	0.00	
37	47828872.00	0.00	0.00	0.00	22159200.00	22159224.00	0.00	0.00	
38	36206896.00	0.00	0.00	0.00	28682344.00	28682340.00	0.00	0.00	
39	41098396.00	0.00	0.00	0.00	31665136.00	31665140.00	0.00	0.00	
40	33689712.00	0.00	0.00	0.00	27395386.00	27395386.00	0.00	0.00	
41	25696000.00	0.00	0.00	0.00	24555602.00	24555602.00	0.00	0.00	
42	19590400.00	0.00	0.00	0.00	19540736.00	19540736.00	0.00	0.00	
43	27499840.00	0.00	0.00	0.00	23001076.00	23001044.00	0.00	0.00	
44	37778360.00	0.00	0.00	0.00	33964160.00	33964192.00	0.00	0.00	
45	18598400.00	0.00	0.00	0.00	18562678.00	18562678.00	0.00	0.00	
46	19705600.00	0.00	0.00	0.00	19505878.00	19505878.00	0.00	0.00	
47	29816466.00	0.00	0.00	0.00	27263832.00	27263784.00	0.00	0.00	
48	46122104.00	0.00	0.00	0.00	34820744.00	34820780.00	0.00	0.00	
49	53199256.00	0.00	0.00	0.00	36891620.00	36891624.00	0.00	0.00	
50	41665176.00	0.00	0.00	0.00	31800464.00	31800468.00	0.00	0.00	
51	35437164.00	0.00	0.00	0.00	28588168.00	28588128.00	0.00	0.00	
52	39907436.00	0.00	0.00	0.00	30344220.00	30344256.00	0.00	0.00	
53	31862040.00	0.00	0.00	0.00	26352440.00	26352440.00	0.00	0.00	
54	44470860.00	0.00	0.00	0.00	32517980.00	32517980.00	0.00	0.00	
55	24678400.00	0.00	0.00	0.00	21335378.00	21335378.00	0.00	0.00	
56	24731420.00	0.00	0.00	0.00	18067590.00	18067590.00	0.00	0.00	
57	50728996.00	0.00	0.00	0.00	22734764.00	22734760.00	0.00	0.00	
58	42480780.00	0.00	0.00	0.00	21040800.00	21040806.00	0.00	0.00	
59	26719730.00	0.00	0.00	0.00	23625408.00	23625380.00	0.00	0.00	
60	39200056.00	0.00	0.00	0.00	29175730.00	29175750.00	0.00	0.00	
61	28672216.00	0.00	0.00	0.00	23830342.00	23830354.00	0.00	0.00	
62	25977670.00	0.00	0.00	0.00	22427264.00	22427264.00	0.00	0.00	
63	37124232.00	0.00	0.00	0.00	33552332.00	33552332.00	0.00	0.00	
64	28720752.00	0.00	0.00	0.00	25640234.00	25640234.00	0.00	0.00	
65	50540464.00	0.00	0.00	0.00	39725572.00	39725564.00	0.00	0.00	
66	42390788.00	0.00	0.00	0.00	36265468.00	36265472.00	0.00	0.00	
67	33408000.00	0.00	0.00	0.00	32082912.00	32082908.00	0.00	0.00	
68	35993600.00	0.00	0.00	0.00	33875036.00	33875040.00	0.00	0.00	
69	39366840.00	0.00	0.00	0.00	34616532.00	34616512.00	0.00	0.00	
70	50561924.00	0.00	0.00	0.00	41706040.00	41706044.00	0.00	0.00	
71	42200832.00	0.00	0.00	0.00	34626944.00	34626960.00	0.00	0.00	
72	37195936.00	0.00	0.00	0.00	31108742.00	31108730.00	0.00	0.00	
73	50950408.00	0.00	0.00	0.00	38018608.00	38018600.00	0.00	0.00	
74	52491312.00	0.00	0.00	0.00	36796584.00	36796608.00	0.00	0.00	
75	38577840.00	0.00	0.00	0.00	29123860.00	29123860.00	0.00	0.00	
76	21113600.00	0.00	0.00	0.00	20600446.00	20600446.00	0.00	0.00	
77	25689600.00	0.00	0.00	0.00	22206816.00	22206816.00	0.00	0.00	
78	21606400.00	0.00	0.00	0.00	19325924.00	19325924.00	0.00	0.00	
79	28006400.00	0.00	0.00	0.00	17272412.00	17272412.00	0.00	0.00	
80	39774640.00	0.00	0.00	0.00	22279490.00	22279474.00	0.00	0.00	
81	45042460.00	0.00	0.00	0.00	31748640.00	31748656.00	0.00	0.00	
82	28288000.00	0.00	0.00	0.00	24060668.00	24060668.00	0.00	0.00	
83	29518140.00	0.00	0.00	0.00	26336626.00	26336616.00	0.00	0.00	
84	37688060.00	0.00	0.00	0.00	32324752.00	32324760.00	0.00	0.00	
85	25696000.00	0.00	0.00	0.00	25468224.00	25468224.00	0.00	0.00	
86	22297600.00	0.00	0.00	0.00	22253874.00	22253874.00	0.00	0.00	
87	32262088.00	0.00	0.00	0.00	27814664.00	27814628.00	0.00	0.00	
88	48675100.00	0.00	0.00	0.00	39071492.00	39071480.00	0.00	0.00	
89	39184508.00	0.00	0.00	0.00	35093476.00	35093528.00	0.00	0.00	
90	30208000.00	0.00	0.00	0.00	28492652.00	28492652.00	0.00	0.00	
91	28582400.00	0.00	0.00	0.00	27351830.00	27351830.00	0.00	0.00	
92	23014400.00	0.00	0.00	0.00	22516896.00	22516896.00	0.00	0.00	
93	39206156.00	0.00	0.00	0.00	32455510.00	32455500.00	0.00	0.00	
94	39201444.00	0.00	0.00	0.00	30050536.00	30050548.00	0.00	0.00	
95	20403200.00	0.00	0.00	0.00	20100036.00	20100036.00	0.00	0.00	
96	30516632.00	0.00	0.00	0.00	27277452.00	27277444.00	0.00	0.00	
97	35882968.00	0.00	0.00	0.00	30204226.00	30204234.00	0.00	0.00	
98	25708800.00	0.00	0.00	0.00	23849374.00	23849374.00	0.00	0.00	
99	35109368.00	0.00	0.00	0.00	25793532.00	25793528.00	0.00	0.00	
100	42200480.00	0.00	0.00	0.00	25266796.00	25266772.00	0.00	0.00	
101	48334420.00	0.00	0.00	0.00	26522184.00	26522188.00	0.00	0.00	
102	44502032.00	0.00	0.00	0.00	28936996.00	28937020.00	0.00	0.00	
103	21484800.00	0.00	0.00	0.00	19971908.00	19971908.00	0.00	0.00	
104	19520000.00	0.00	0.00	0.00	19028572.00	19028572.00	0.00	0.00	
105	32300800.00	0.00	0.00	0.00	28243618.00	28243618.00	0.00	0.00	
106	31596800.00	0.00	0.00	0.00	30087890.00	30087890.00	0.00	0.00	
107	32608000.00	0.00	0.00	0.00	31748560.00	31748548.00	0.00	0.00	
108	30681600.00	0.00	0.00	0.00	30225296.00	30225310.00	0.00	0.00	
109	22208000.00	0.00	0.00	0.00	21888140.00	21888140.00	0.00	0.00	
110	26598400.00	0.00	0.00	0.00	25910666.00	25910666.00	0.00	0.00	
111	28908800.00	0.00	0.00	0.00	27783344.00	27783334.00	0.00	0.00	
112	25977600.00	0.00	0.00	0.00	25091462.00	25091472.00	0.00	0.00	
113	23427404.00	0.00	0.00	0.00	22179896.00	22179876.00	0.00	0.00	
114	30070196.00	0.00	0.00	0.00	27486952.00	27486972.00	0.00	0.00	
115	15014400.00	0.00	0.00	0.00	14931981.00	14931981.00	0.00	0.00	
116	34379632.00	0.00	0.00	0.00	29548088.00	29548080.00	0.00	0.00	
117	53414760.00	0.00	0.00	0.00	37424868.00	37424832.00	0.00	0.00	
118	49343200.00	0.00	0.00	0.00	35651820.00	35651848.00	0.00	0.00	
119	32273600.00	0.00	0.00	0.00	25679336.00	25679352.00	0.00	0.00	
120	17312000.00	0.00	0.00	0.00	16981560.00	16981560.00	0.00	0.00	
121	37365976.00	0.00	0.00	0.00	21561962.00	21561948.00	0.00	0.00	
122	57049456.00	0.00	0.00	0.00	26769768.00	26769784.00	0.00	0.00	
123	40477660.00	0.00	0.00	0.00	29425254.00	29425254.00	0.00	0.00	
124	27116800.00	0.00	0.00	0.00	24768548.00	24768544.00	0.00	0.00	
125	37600000.00	0.00	0.00	0.00	30388212.00	30388216.00	0.00	0.00	
126	36697600.00	0.00	0.00	0.00	30155864.00	30155864.00	0.00	0.00	
127	33395200.00	0.00	0.00	0.00	30890414.00	30890414.00	0.00	0.00	
128	37006828.00	0.00	0.00	0.00	33329792.00	33329788.00	0.00	0.00	
129	37416172.00	0.00	0.00	0.00	33851344.00	33851344.00	0.00	0.00	
130	25113600.00	0.00	0.00	0.00	24452820.00	24452820.00	0.00	0.00	
131	34201600.00	0.00	0.00	0.00	31348312.00	31348312.00	0.00	0.00	
132	37004320.00	0.00	0.00	0.00	33608940.00	33608940.00	0.00	0.00	
133	42400780.00	0.00	0.00	0.00	36380240.00	36380228.00	0.00	0.00	
134	44597216.00	0.00	0.00	0.00	36579800.00	36579816.00	0.00	0.00	
135	35285488.00	0.00	0.00	0.00	29826200.00	29826200.00	0.00	0.00	
136	29011200.00	0.00	0.00	0.00	27106324.00	27106324.00	0.00	0.00	
137	30284800.00	0.00	0.00	0.00	26315536.00	26315536.00	0.00	0.00	
138	26515200.00	0.00	0.00	0.00	25031408.00	25031408.00	0.00	0.00	
139	41682828.00	0.00	0.00	0.00	32233836.00	32233828.00	0.00	0.00	
140	43104872.00	0.00	0.00	0.00	31353608.00	31353612.00	0.00	0.00	
141	35910364.00	0.00	0.00	0.00	28595156.00	28595156.00	0.00	0.00	
142	39487736.00	0.00	0.00	0.00	25707924.00	25707924.00	0.00	0.00	
143	39989320.00	0.00	0.00	0.00	21149592.00	21149572.00	0.00	0.00	
144	56582476.00	0.00	0.00	0.00	24633280.00	24633288.00	0.00	0.00	
145	52113516.00	0.00	0.00	0.00	34801796.00	34801784.00	0.00	0.00	
146	48915036.00	0.00	0.00	0.00	36191044.00	36191052.00	0.00	0.00	
147	43199588.00	0.00	0.00	0.00	35552904.00	35552920.00	0.00	0.00	
148	31773568.00	0.00	0.00	0.00	29621800.00	29621800.00	0.00	0.00	
149	26941984.00	0.00	0.00	0.00	23466816.00	23466782.00	0.00	0.00	
150	50262744.00	0.00	0.00	0.00	42109608.00	42109624.00	0.00	0.00	
151	50521472.00	0.00	0.00	0.00	41756640.00	41756660.00	0.00	0.00	
152	51321464.00	0.00	0.00	0.00	40320880.00	40320840.00	0.00	0.00	
153	38104640.00	0.00	0.00	0.00	34279616.00	34279656.00	0.00	0.00	
154	31675460.00	0.00	0.00	0.00	27449268.00	27449236.00	0.00	0.00	
155	40646840.00	0.00	0.00	0.00	33819368.00	33819400.00	0.00	0.00	
156	34307040.00	0.00	0.00	0.00	29616328.00	29616304.00	0.00	0.00	
157	52593552.00	0.00	0.00	0.00	37024236.00	37024256.00	0.00	0.00	
158	51987508.00	0.00	0.00	0.00	36631860.00	36631840.00	0.00	0.00	
159	45102900.00	0.00	0.00	0.00	34857572.00	34857588.00	0.00	0.00	
160	0.00	0.00	0.00	0.00	0.00	0.00	0.00	0.00	
