second	tx	tx_get	tx_put	tx_del	rx	rx_getSucc	rx_putSucc	rx_delSucc
2	5268090.00	0.00	0.00	0.00	4471122.00	4471142.00	0.00	0.00	
3	5246500.00	0.00	0.00	0.00	4475654.00	4475633.00	0.00	0.00	
4	5240403.00	0.00	0.00	0.00	4476474.00	4476496.00	0.00	0.00	
5	5277040.00	0.00	0.00	0.00	4473558.00	4473535.00	0.00	0.00	
6	5297016.00	0.00	0.00	0.00	4474049.00	4474075.00	0.00	0.00	
7	5268543.00	0.00	0.00	0.00	4473558.00	4473538.00	0.00	0.00	
8	5286781.00	0.00	0.00	0.00	4471310.00	4471317.00	0.00	0.00	
9	5295134.00	0.00	0.00	0.00	4474211.00	4474209.00	0.00	0.00	
10	5264857.00	0.00	0.00	0.00	4475746.00	4475695.00	0.00	0.00	
11	5245627.00	0.00	0.00	0.00	4475273.00	4475318.00	0.00	0.00	
12	5249659.00	0.00	0.00	0.00	4474763.00	4474761.00	0.00	0.00	
13	5268068.00	0.00	0.00	0.00	4475903.00	4475882.00	0.00	0.00	
14	5333887.00	0.00	0.00	0.00	4470398.00	4470420.00	0.00	0.00	
15	5304439.00	0.00	0.00	0.00	4471870.00	4471857.00	0.00	0.00	
16	5298919.00	0.00	0.00	0.00	4471271.00	4471252.00	0.00	0.00	
17	5247387.00	0.00	0.00	0.00	4469002.00	4469001.00	0.00	0.00	
18	5225867.00	0.00	0.00	0.00	4474831.00	4474848.00	0.00	0.00	
19	5203131.00	0.00	0.00	0.00	4473374.00	4473354.00	0.00	0.00	
20	5221917.00	0.00	0.00	0.00	4475568.00	4475573.00	0.00	0.00	
21	5242597.00	0.00	0.00	0.00	4477111.00	4477128.00	0.00	0.00	
22	5249153.00	0.00	0.00	0.00	4478639.00	4478576.00	0.00	0.00	
23	5256173.00	0.00	0.00	0.00	4474517.00	4474501.00	0.00	0.00	
24	5285856.00	0.00	0.00	0.00	4469950.00	4470011.00	0.00	0.00	
25	5280168.00	0.00	0.00	0.00	4471347.00	4471324.00	0.00	0.00	
26	5305773.00	0.00	0.00	0.00	4472288.00	4472299.00	0.00	0.00	
27	5306797.00	0.00	0.00	0.00	4472044.00	4471979.00	0.00	0.00	
28	5271866.00	0.00	0.00	0.00	4471080.00	4471162.00	0.00	0.00	
29	5254728.00	0.00	0.00	0.00	4474767.00	4474767.00	0.00	0.00	
30	5265142.00	0.00	0.00	0.00	4473802.00	4473802.00	0.00	0.00	
31	5292032.00	0.00	0.00	0.00	4475925.00	4475894.00	0.00	0.00	
32	5283782.00	0.00	0.00	0.00	4472815.00	4472842.00	0.00	0.00	
33	5273680.00	0.00	0.00	0.00	4475014.00	4474997.00	0.00	0.00	
34	5268464.00	0.00	0.00	0.00	4471939.00	4471949.00	0.00	0.00	
35	5291733.00	0.00	0.00	0.00	4471197.00	4471175.00	0.00	0.00	
36	5271743.00	0.00	0.00	0.00	4471733.00	4471700.00	0.00	0.00	
37	5261200.00	0.00	0.00	0.00	4475064.00	4475106.00	0.00	0.00	
38	5295166.00	0.00	0.00	0.00	4476316.00	4476318.00	0.00	0.00	
39	5312263.00	0.00	0.00	0.00	4475736.00	4475739.00	0.00	0.00	
40	5308130.00	0.00	0.00	0.00	4476145.00	4476145.00	0.00	0.00	
41	5288172.00	0.00	0.00	0.00	4471935.00	4471914.00	0.00	0.00	
42	5277103.00	0.00	0.00	0.00	4468666.00	4468660.00	0.00	0.00	
43	5249229.00	0.00	0.00	0.00	4473339.00	4473338.00	0.00	0.00	
44	5223673.00	0.00	0.00	0.00	4474626.00	4474646.00	0.00	0.00	
45	5209603.00	0.00	0.00	0.00	4474062.00	4474032.00	0.00	0.00	
46	5242045.00	0.00	0.00	0.00	4475063.00	4475089.00	0.00	0.00	
47	5291050.00	0.00	0.00	0.00	4472430.00	4472416.00	0.00	0.00	
48	5260403.00	0.00	0.00	0.00	4474111.00	4474117.00	0.00	0.00	
49	5284171.00	0.00	0.00	0.00	4479024.00	4479032.00	0.00	0.00	
50	5293899.00	0.00	0.00	0.00	4478609.00	4478599.00	0.00	0.00	
51	5298533.00	0.00	0.00	0.00	4478210.00	4478197.00	0.00	0.00	
52	5987746.00	0.00	0.00	0.00	2151911.00	2151923.00	0.00	0.00	
53	5913278.00	0.00	0.00	0.00	2129017.00	2129013.00	0.00	0.00	
54	5979348.00	0.00	0.00	0.00	2129006.00	2128980.00	0.00	0.00	
55	6075306.00	0.00	0.00	0.00	2130296.00	2130297.00	0.00	0.00	
56	6005510.00	0.00	0.00	0.00	2126498.00	2126516.00	0.00	0.00	
57	5949288.00	0.00	0.00	0.00	2126566.00	2126542.00	0.00	0.00	
58	5990332.00	0.00	0.00	0.00	2126788.00	2126818.00	0.00	0.00	
59	5953773.00	0.00	0.00	0.00	2130555.00	2130555.00	0.00	0.00	
60	5934875.00	0.00	0.00	0.00	2129838.00	2129838.00	0.00	0.00	
61	6006180.00	0.00	0.00	0.00	2039439.00	2039439.00	0.00	0.00	
62	5709095.00	0.00	0.00	0.00	2910630.00	2909868.00	0.00	0.00	
63	5384390.00	0.00	0.00	0.00	3659412.00	3659246.00	0.00	0.00	
64	5303779.00	0.00	0.00	0.00	3838362.00	3838295.00	0.00	0.00	
65	5261402.00	0.00	0.00	0.00	3955351.00	3955337.00	0.00	0.00	
66	5225918.00	0.00	0.00	0.00	4035396.00	4035357.00	0.00	0.00	
67	5167173.00	0.00	0.00	0.00	4098060.00	4098008.00	0.00	0.00	
68	5121010.00	0.00	0.00	0.00	4153042.00	4153016.00	0.00	0.00	
69	5067085.00	0.00	0.00	0.00	4197605.00	4197593.00	0.00	0.00	
70	5053516.00	0.00	0.00	0.00	4233896.00	4233892.00	0.00	0.00	
71	5017528.00	0.00	0.00	0.00	4271553.00	4271535.00	0.00	0.00	
72	5017752.00	0.00	0.00	0.00	4298340.00	4298308.00	0.00	0.00	
73	5074514.00	0.00	0.00	0.00	4237535.00	4237526.00	0.00	0.00	
74	5097081.00	0.00	0.00	0.00	4311947.00	4311958.00	0.00	0.00	
75	5123582.00	0.00	0.00	0.00	4357367.00	4357350.00	0.00	0.00	
76	5090560.00	0.00	0.00	0.00	4381304.00	4381254.00	0.00	0.00	
77	5070002.00	0.00	0.00	0.00	4395483.00	4395503.00	0.00	0.00	
78	5051476.00	0.00	0.00	0.00	4408407.00	4408347.00	0.00	0.00	
79	5020101.00	0.00	0.00	0.00	4417108.00	4417127.00	0.00	0.00	
80	5038227.00	0.00	0.00	0.00	4422179.00	4422193.00	0.00	0.00	
81	5036753.00	0.00	0.00	0.00	4423712.00	4423658.00	0.00	0.00	
82	5040737.00	0.00	0.00	0.00	4419865.00	4419880.00	0.00	0.00	
83	5037242.00	0.00	0.00	0.00	4417845.00	4417854.00	0.00	0.00	
84	5040698.00	0.00	0.00	0.00	4423892.00	4423868.00	0.00	0.00	
85	5029759.00	0.00	0.00	0.00	4422187.00	4422166.00	0.00	0.00	
86	5031730.00	0.00	0.00	0.00	4420757.00	4420780.00	0.00	0.00	
87	5027616.00	0.00	0.00	0.00	4419215.00	4419167.00	0.00	0.00	
88	5019756.00	0.00	0.00	0.00	4419601.00	4419633.00	0.00	0.00	
89	5077593.00	0.00	0.00	0.00	4437141.00	4437110.00	0.00	0.00	
90	5067531.00	0.00	0.00	0.00	4435761.00	4435742.00	0.00	0.00	
91	5038941.00	0.00	0.00	0.00	4436708.00	4436729.00	0.00	0.00	
92	5017007.00	0.00	0.00	0.00	4437050.00	4437048.00	0.00	0.00	
93	5004143.00	0.00	0.00	0.00	4430759.00	4430733.00	0.00	0.00	
94	5016368.00	0.00	0.00	0.00	4431201.00	4431173.00	0.00	0.00	
95	5043013.00	0.00	0.00	0.00	4436445.00	4436445.00	0.00	0.00	
96	5068966.00	0.00	0.00	0.00	4443265.00	4443251.00	0.00	0.00	
97	5093302.00	0.00	0.00	0.00	4443433.00	4443452.00	0.00	0.00	
98	5109584.00	0.00	0.00	0.00	4447469.00	4447430.00	0.00	0.00	
99	5075573.00	0.00	0.00	0.00	4446260.00	4446282.00	0.00	0.00	
100	5071124.00	0.00	0.00	0.00	4446256.00	4446271.00	0.00	0.00	
101	5060176.00	0.00	0.00	0.00	4446475.00	4446448.00	0.00	0.00	
102	5051729.00	0.00	0.00	0.00	4441944.00	4441933.00	0.00	0.00	
103	5035670.00	0.00	0.00	0.00	4440735.00	4440739.00	0.00	0.00	
104	5012867.00	0.00	0.00	0.00	4440332.00	4440343.00	0.00	0.00	
105	5030531.00	0.00	0.00	0.00	4445548.00	4445547.00	0.00	0.00	
106	5060325.00	0.00	0.00	0.00	4445483.00	4445478.00	0.00	0.00	
107	5042521.00	0.00	0.00	0.00	4448005.00	4447951.00	0.00	0.00	
108	5026035.00	0.00	0.00	0.00	4444056.00	4444092.00	0.00	0.00	
109	5040029.00	0.00	0.00	0.00	4445612.00	4445586.00	0.00	0.00	
110	5054803.00	0.00	0.00	0.00	4447810.00	4447783.00	0.00	0.00	
111	5053660.00	0.00	0.00	0.00	4446692.00	4446698.00	0.00	0.00	
112	5043388.00	0.00	0.00	0.00	4448037.00	4448055.00	0.00	0.00	
113	5020686.00	0.00	0.00	0.00	4449002.00	4449007.00	0.00	0.00	
114	4997499.00	0.00	0.00	0.00	4447649.00	4447620.00	0.00	0.00	
115	4997935.00	0.00	0.00	0.00	4445059.00	4445035.00	0.00	0.00	
116	5016691.00	0.00	0.00	0.00	4446289.00	4446312.00	0.00	0.00	
117	4987565.00	0.00	0.00	0.00	4440608.00	4440607.00	0.00	0.00	
118	4987756.00	0.00	0.00	0.00	4441493.00	4441502.00	0.00	0.00	
119	4998697.00	0.00	0.00	0.00	4442864.00	4442861.00	0.00	0.00	
120	5004001.00	0.00	0.00	0.00	4443155.00	4443082.00	0.00	0.00	
121	5000903.00	0.00	0.00	0.00	4442855.00	4442908.00	0.00	0.00	
122	5048933.00	0.00	0.00	0.00	4450962.00	4450952.00	0.00	0.00	
123	5081917.00	0.00	0.00	0.00	4461831.00	4461816.00	0.00	0.00	
124	5064445.00	0.00	0.00	0.00	4463052.00	4463041.00	0.00	0.00	
125	5020245.00	0.00	0.00	0.00	4453596.00	4453632.00	0.00	0.00	
126	5002377.00	0.00	0.00	0.00	4456217.00	4456219.00	0.00	0.00	
127	4959904.00	0.00	0.00	0.00	4438342.00	4438322.00	0.00	0.00	
128	4970669.00	0.00	0.00	0.00	4440314.00	4440257.00	0.00	0.00	
129	4967068.00	0.00	0.00	0.00	4443034.00	4443114.00	0.00	0.00	
130	4994018.00	0.00	0.00	0.00	4447849.00	4447813.00	0.00	0.00	
131	4988917.00	0.00	0.00	0.00	4447186.00	4447210.00	0.00	0.00	
132	5056435.00	0.00	0.00	0.00	4457154.00	4457094.00	0.00	0.00	
133	5065503.00	0.00	0.00	0.00	4460771.00	4460822.00	0.00	0.00	
134	5067362.00	0.00	0.00	0.00	4461227.00	4461219.00	0.00	0.00	
135	5062067.00	0.00	0.00	0.00	4459109.00	4459092.00	0.00	0.00	
136	5072900.00	0.00	0.00	0.00	4458493.00	4458490.00	0.00	0.00	
137	5058436.00	0.00	0.00	0.00	4460598.00	4460604.00	0.00	0.00	
138	4968955.00	0.00	0.00	0.00	4455222.00	4455238.00	0.00	0.00	
139	4976156.00	0.00	0.00	0.00	4457016.00	4456993.00	0.00	0.00	
140	5005510.00	0.00	0.00	0.00	4454769.00	4454761.00	0.00	0.00	
141	4982072.00	0.00	0.00	0.00	4451268.00	4451263.00	0.00	0.00	
142	5000362.00	0.00	0.00	0.00	4451712.00	4451714.00	0.00	0.00	
143	4761849.00	0.00	0.00	0.00	4327469.00	4327468.00	0.00	0.00	
144	4759628.00	0.00	0.00	0.00	4330065.00	4330056.00	0.00	0.00	
145	4759190.00	0.00	0.00	0.00	4328487.00	4328478.00	0.00	0.00	
146	4829591.00	0.00	0.00	0.00	4343210.00	4343213.00	0.00	0.00	
147	4810703.00	0.00	0.00	0.00	4328684.00	4328686.00	0.00	0.00	
148	4650026.00	0.00	0.00	0.00	4231451.00	4231464.00	0.00	0.00	
149	4637828.00	0.00	0.00	0.00	4226865.00	4226804.00	0.00	0.00	
150	4683030.00	0.00	0.00	0.00	4251703.00	4251731.00	0.00	0.00	
151	5060717.00	0.00	0.00	0.00	4466957.00	4466972.00	0.00	0.00	
152	6044232.00	0.00	0.00	0.00	2146647.00	2146656.00	0.00	0.00	
153	6004224.00	0.00	0.00	0.00	2122130.00	2122129.00	0.00	0.00	
154	6027307.00	0.00	0.00	0.00	2122745.00	2122713.00	0.00	0.00	
155	5937523.00	0.00	0.00	0.00	2122741.00	2122770.00	0.00	0.00	
156	5878217.00	0.00	0.00	0.00	2121469.00	2121469.00	0.00	0.00	
157	5867537.00	0.00	0.00	0.00	2116635.00	2116605.00	0.00	0.00	
158	5851740.00	0.00	0.00	0.00	2004504.00	2004371.00	0.00	0.00	
159	5324361.00	0.00	0.00	0.00	3256692.00	3256087.00	0.00	0.00	
160	5155309.00	0.00	0.00	0.00	3653133.00	3653051.00	0.00	0.00	
161	5096524.00	0.00	0.00	0.00	3808956.00	3808899.00	0.00	0.00	
162	5036582.00	0.00	0.00	0.00	3909178.00	3909143.00	0.00	0.00	
163	4986421.00	0.00	0.00	0.00	3979029.00	3978999.00	0.00	0.00	
164	4945498.00	0.00	0.00	0.00	4038169.00	4038097.00	0.00	0.00	
165	4921743.00	0.00	0.00	0.00	4086937.00	4086931.00	0.00	0.00	
166	4895260.00	0.00	0.00	0.00	4128022.00	4128013.00	0.00	0.00	
167	4865195.00	0.00	0.00	0.00	4162668.00	4162612.00	0.00	0.00	
168	4860145.00	0.00	0.00	0.00	4192950.00	4192960.00	0.00	0.00	
169	4848426.00	0.00	0.00	0.00	4174445.00	4174462.00	0.00	0.00	
170	4879831.00	0.00	0.00	0.00	4180396.00	4180352.00	0.00	0.00	
171	4902411.00	0.00	0.00	0.00	4253502.00	4253500.00	0.00	0.00	
172	4903009.00	0.00	0.00	0.00	4269619.00	4269572.00	0.00	0.00	
173	4762379.00	0.00	0.00	0.00	4160285.00	4160291.00	0.00	0.00	
174	4742365.00	0.00	0.00	0.00	4154353.00	4154303.00	0.00	0.00	
175	4708168.00	0.00	0.00	0.00	4146247.00	4146311.00	0.00	0.00	
176	4703448.00	0.00	0.00	0.00	4150537.00	4150503.00	0.00	0.00	
177	4720320.00	0.00	0.00	0.00	4152809.00	4152808.00	0.00	0.00	
178	4715910.00	0.00	0.00	0.00	4155890.00	4155876.00	0.00	0.00	
179	4718954.00	0.00	0.00	0.00	4159571.00	4159589.00	0.00	0.00	
180	4717905.00	0.00	0.00	0.00	4160404.00	4160360.00	0.00	0.00	
181	4710414.00	0.00	0.00	0.00	4160404.00	4160384.00	0.00	0.00	
182	4710585.00	0.00	0.00	0.00	4159419.00	4159450.00	0.00	0.00	
183	4684024.00	0.00	0.00	0.00	4161189.00	4161194.00	0.00	0.00	
184	4661794.00	0.00	0.00	0.00	4160470.00	4160423.00	0.00	0.00	
185	4667958.00	0.00	0.00	0.00	4160131.00	4160132.00	0.00	0.00	
186	4700690.00	0.00	0.00	0.00	4164632.00	4164633.00	0.00	0.00	
187	4707539.00	0.00	0.00	0.00	4166404.00	4166427.00	0.00	0.00	
188	4674965.00	0.00	0.00	0.00	4163466.00	4163445.00	0.00	0.00	
189	4684188.00	0.00	0.00	0.00	4163195.00	4163175.00	0.00	0.00	
190	4698736.00	0.00	0.00	0.00	4175536.00	4175536.00	0.00	0.00	
191	5063124.00	0.00	0.00	0.00	4433124.00	4433099.00	0.00	0.00	
192	5094611.00	0.00	0.00	0.00	4440651.00	4440670.00	0.00	0.00	
193	5081120.00	0.00	0.00	0.00	4441084.00	4441060.00	0.00	0.00	
194	5085237.00	0.00	0.00	0.00	4438882.00	4438830.00	0.00	0.00	
195	5061272.00	0.00	0.00	0.00	4440034.00	4440089.00	0.00	0.00	
196	5078513.00	0.00	0.00	0.00	4441855.00	4441838.00	0.00	0.00	
197	5077877.00	0.00	0.00	0.00	4444270.00	4444296.00	0.00	0.00	
198	5063546.00	0.00	0.00	0.00	4441277.00	4441252.00	0.00	0.00	
199	5072092.00	0.00	0.00	0.00	4446309.00	4446266.00	0.00	0.00	
200	5055506.00	0.00	0.00	0.00	4445105.00	4445142.00	0.00	0.00	
201	5046268.00	0.00	0.00	0.00	4442664.00	4442652.00	0.00	0.00	
202	5049757.00	0.00	0.00	0.00	4447437.00	4447439.00	0.00	0.00	
203	5059722.00	0.00	0.00	0.00	4446814.00	4446829.00	0.00	0.00	
204	5045208.00	0.00	0.00	0.00	4446848.00	4446782.00	0.00	0.00	
205	5114621.00	0.00	0.00	0.00	4455961.00	4455985.00	0.00	0.00	
206	5101937.00	0.00	0.00	0.00	4457330.00	4457357.00	0.00	0.00	
207	5100594.00	0.00	0.00	0.00	4458078.00	4458015.00	0.00	0.00	
208	5088793.00	0.00	0.00	0.00	4456182.00	4456206.00	0.00	0.00	
209	5065344.00	0.00	0.00	0.00	4449811.00	4449796.00	0.00	0.00	
210	5051071.00	0.00	0.00	0.00	4445761.00	4445743.00	0.00	0.00	
211	5064950.00	0.00	0.00	0.00	4451951.00	4451925.00	0.00	0.00	
212	5065437.00	0.00	0.00	0.00	4452023.00	4452068.00	0.00	0.00	
213	5042962.00	0.00	0.00	0.00	4453572.00	4453579.00	0.00	0.00	
214	5056404.00	0.00	0.00	0.00	4454929.00	4454927.00	0.00	0.00	
215	5059715.00	0.00	0.00	0.00	4456940.00	4456921.00	0.00	0.00	
216	5075374.00	0.00	0.00	0.00	4455576.00	4455567.00	0.00	0.00	
217	5069783.00	0.00	0.00	0.00	4453010.00	4453002.00	0.00	0.00	
218	5060366.00	0.00	0.00	0.00	4453390.00	4453394.00	0.00	0.00	
219	5042260.00	0.00	0.00	0.00	4450100.00	4450071.00	0.00	0.00	
220	5070281.00	0.00	0.00	0.00	4457669.00	4457720.00	0.00	0.00	
221	5104670.00	0.00	0.00	0.00	4467475.00	4467414.00	0.00	0.00	
222	5102283.00	0.00	0.00	0.00	4468328.00	4468327.00	0.00	0.00	
223	5085250.00	0.00	0.00	0.00	4468159.00	4468168.00	0.00	0.00	
224	5085469.00	0.00	0.00	0.00	4471128.00	4471142.00	0.00	0.00	
225	5068289.00	0.00	0.00	0.00	4462715.00	4462680.00	0.00	0.00	
226	5059211.00	0.00	0.00	0.00	4456684.00	4456727.00	0.00	0.00	
227	5066297.00	0.00	0.00	0.00	4456471.00	4456470.00	0.00	0.00	
228	5048825.00	0.00	0.00	0.00	4456137.00	4456125.00	0.00	0.00	
229	5067446.00	0.00	0.00	0.00	4457274.00	4457256.00	0.00	0.00	
230	5045981.00	0.00	0.00	0.00	4457576.00	4457551.00	0.00	0.00	
231	5046350.00	0.00	0.00	0.00	4461050.00	4461068.00	0.00	0.00	
232	5050235.00	0.00	0.00	0.00	4463941.00	4463920.00	0.00	0.00	
233	5032737.00	0.00	0.00	0.00	4463929.00	4463958.00	0.00	0.00	
234	5053008.00	0.00	0.00	0.00	4462121.00	4462116.00	0.00	0.00	
235	5093603.00	0.00	0.00	0.00	4463264.00	4463244.00	0.00	0.00	
236	5094100.00	0.00	0.00	0.00	4463399.00	4463362.00	0.00	0.00	
237	5069038.00	0.00	0.00	0.00	4458156.00	4458157.00	0.00	0.00	
238	5048697.00	0.00	0.00	0.00	4459014.00	4459026.00	0.00	0.00	
239	5038999.00	0.00	0.00	0.00	4463299.00	4463300.00	0.00	0.00	
240	5041526.00	0.00	0.00	0.00	4459064.00	4459100.00	0.00	0.00	
241	5058196.00	0.00	0.00	0.00	4463941.00	4463895.00	0.00	0.00	
242	5098865.00	0.00	0.00	0.00	4473485.00	4473463.00	0.00	0.00	
243	5100617.00	0.00	0.00	0.00	4472439.00	4472500.00	0.00	0.00	
244	5077891.00	0.00	0.00	0.00	4466197.00	4466176.00	0.00	0.00	
245	5063171.00	0.00	0.00	0.00	4461075.00	4461061.00	0.00	0.00	
246	5046167.00	0.00	0.00	0.00	4459611.00	4459626.00	0.00	0.00	
247	5052142.00	0.00	0.00	0.00	4459937.00	4459947.00	0.00	0.00	
248	5032588.00	0.00	0.00	0.00	4462032.00	4462006.00	0.00	0.00	
249	5087751.00	0.00	0.00	0.00	4470175.00	4470160.00	0.00	0.00	
250	5074078.00	0.00	0.00	0.00	4469307.00	4469287.00	0.00	0.00	
251	5052373.00	0.00	0.00	0.00	4466105.00	4466149.00	0.00	0.00	
252	5508190.00	0.00	0.00	0.00	3177230.00	3176425.00	0.00	0.00	
253	5338028.00	0.00	0.00	0.00	3700680.00	3700539.00	0.00	0.00	
254	5273693.00	0.00	0.00	0.00	3865923.00	3865871.00	0.00	0.00	
255	5226829.00	0.00	0.00	0.00	3958270.00	3958251.00	0.00	0.00	
256	5239119.00	0.00	0.00	0.00	4020335.00	4020309.00	0.00	0.00	
257	5235837.00	0.00	0.00	0.00	4049847.00	4049826.00	0.00	0.00	
258	5236229.00	0.00	0.00	0.00	4052143.00	4052136.00	0.00	0.00	
259	5289930.00	0.00	0.00	0.00	4056930.00	4056923.00	0.00	0.00	
260	5276793.00	0.00	0.00	0.00	4058060.00	4058081.00	0.00	0.00	
261	5243756.00	0.00	0.00	0.00	4061900.00	4061894.00	0.00	0.00	
262	5206677.00	0.00	0.00	0.00	3971976.00	3971982.00	0.00	0.00	
263	5159899.00	0.00	0.00	0.00	4077869.00	4077777.00	0.00	0.00	
264	5125091.00	0.00	0.00	0.00	4147240.00	4147273.00	0.00	0.00	
265	5146216.00	0.00	0.00	0.00	4192108.00	4192083.00	0.00	0.00	
266	5227020.00	0.00	0.00	0.00	4231063.00	4231049.00	0.00	0.00	
267	5213324.00	0.00	0.00	0.00	4267220.00	4267201.00	0.00	0.00	
268	5168404.00	0.00	0.00	0.00	4295275.00	4295232.00	0.00	0.00	
269	5134370.00	0.00	0.00	0.00	4326652.00	4326660.00	0.00	0.00	
270	5118806.00	0.00	0.00	0.00	4360934.00	4360904.00	0.00	0.00	
271	5102183.00	0.00	0.00	0.00	4383155.00	4383143.00	0.00	0.00	
272	5107002.00	0.00	0.00	0.00	4395514.00	4395523.00	0.00	0.00	
273	5139072.00	0.00	0.00	0.00	4396000.00	4395983.00	0.00	0.00	
274	5137754.00	0.00	0.00	0.00	4377029.00	4376999.00	0.00	0.00	
275	5086581.00	0.00	0.00	0.00	4419096.00	4419086.00	0.00	0.00	
276	5076894.00	0.00	0.00	0.00	4420535.00	4420531.00	0.00	0.00	
277	5076347.00	0.00	0.00	0.00	4425758.00	4425753.00	0.00	0.00	
278	5104765.00	0.00	0.00	0.00	4429701.00	4429706.00	0.00	0.00	
279	5109480.00	0.00	0.00	0.00	4430305.00	4430289.00	0.00	0.00	
280	5093322.00	0.00	0.00	0.00	4433149.00	4433136.00	0.00	0.00	
281	5122352.00	0.00	0.00	0.00	4430420.00	4430402.00	0.00	0.00	
282	5113959.00	0.00	0.00	0.00	4434698.00	4434712.00	0.00	0.00	
283	5106718.00	0.00	0.00	0.00	4431636.00	4431573.00	0.00	0.00	
284	5106885.00	0.00	0.00	0.00	4434448.00	4434492.00	0.00	0.00	
285	5099509.00	0.00	0.00	0.00	4432981.00	4432942.00	0.00	0.00	
286	5104563.00	0.00	0.00	0.00	4437476.00	4437483.00	0.00	0.00	
287	5123259.00	0.00	0.00	0.00	4435926.00	4435930.00	0.00	0.00	
288	5147731.00	0.00	0.00	0.00	4443076.00	4443039.00	0.00	0.00	
289	5137712.00	0.00	0.00	0.00	4442936.00	4442971.00	0.00	0.00	
290	5110815.00	0.00	0.00	0.00	4442079.00	4442060.00	0.00	0.00	
291	5118009.00	0.00	0.00	0.00	4446422.00	4446383.00	0.00	0.00	
292	5092933.00	0.00	0.00	0.00	4446126.00	4446168.00	0.00	0.00	
293	5077695.00	0.00	0.00	0.00	4439197.00	4439193.00	0.00	0.00	
294	5049839.00	0.00	0.00	0.00	4437881.00	4437822.00	0.00	0.00	
295	5058945.00	0.00	0.00	0.00	4439500.00	4439535.00	0.00	0.00	
296	5078557.00	0.00	0.00	0.00	4444134.00	4444126.00	0.00	0.00	
297	5080167.00	0.00	0.00	0.00	4444797.00	4444759.00	0.00	0.00	
298	5080770.00	0.00	0.00	0.00	4445502.00	4445547.00	0.00	0.00	
299	5080614.00	0.00	0.00	0.00	4442864.00	4442856.00	0.00	0.00	
300	5079298.00	0.00	0.00	0.00	4444462.00	4444450.00	0.00	0.00	
301	5135105.00	0.00	0.00	0.00	4451117.00	4451095.00	0.00	0.00	
302	5136969.00	0.00	0.00	0.00	4452976.00	4452998.00	0.00	0.00	
303	5111098.00	0.00	0.00	0.00	4456765.00	4456733.00	0.00	0.00	
304	5112479.00	0.00	0.00	0.00	4455722.00	4455713.00	0.00	0.00	
305	5127854.00	0.00	0.00	0.00	4457198.00	4457212.00	0.00	0.00	
306	5096212.00	0.00	0.00	0.00	4453899.00	4453883.00	0.00	0.00	
307	5044568.00	0.00	0.00	0.00	4449038.00	4449041.00	0.00	0.00	
308	5006053.00	0.00	0.00	0.00	4443782.00	4443779.00	0.00	0.00	
309	5085640.00	0.00	0.00	0.00	4452020.00	4451979.00	0.00	0.00	
310	5091863.00	0.00	0.00	0.00	4453293.00	4453311.00	0.00	0.00	
311	5091874.00	0.00	0.00	0.00	4456500.00	4456490.00	0.00	0.00	
312	5071849.00	0.00	0.00	0.00	4458895.00	4458927.00	0.00	0.00	
313	5062219.00	0.00	0.00	0.00	4455664.00	4455621.00	0.00	0.00	
314	5097551.00	0.00	0.00	0.00	4460641.00	4460625.00	0.00	0.00	
315	5093368.00	0.00	0.00	0.00	4462118.00	4462149.00	0.00	0.00	
316	5091785.00	0.00	0.00	0.00	4459221.00	4459210.00	0.00	0.00	
317	5128984.00	0.00	0.00	0.00	4458593.00	4458611.00	0.00	0.00	
318	5126825.00	0.00	0.00	0.00	4462238.00	4462227.00	0.00	0.00	
319	5087650.00	0.00	0.00	0.00	4461998.00	4461974.00	0.00	0.00	
320	5081320.00	0.00	0.00	0.00	4460429.00	4460456.00	0.00	0.00	
321	5102134.00	0.00	0.00	0.00	4465425.00	4465385.00	0.00	0.00	
322	5124522.00	0.00	0.00	0.00	4469809.00	4469823.00	0.00	0.00	
323	5102610.00	0.00	0.00	0.00	4468445.00	4468461.00	0.00	0.00	
324	5083285.00	0.00	0.00	0.00	4466049.00	4466034.00	0.00	0.00	
325	5077712.00	0.00	0.00	0.00	4456535.00	4456530.00	0.00	0.00	
326	5049103.00	0.00	0.00	0.00	4452167.00	4452169.00	0.00	0.00	
327	5042635.00	0.00	0.00	0.00	4450821.00	4450795.00	0.00	0.00	
328	5052000.00	0.00	0.00	0.00	4454243.00	4454231.00	0.00	0.00	
329	5069680.00	0.00	0.00	0.00	4460060.00	4460078.00	0.00	0.00	
330	5060262.00	0.00	0.00	0.00	4459773.00	4459764.00	0.00	0.00	
331	5064965.00	0.00	0.00	0.00	4459897.00	4459885.00	0.00	0.00	
332	5056468.00	0.00	0.00	0.00	4463252.00	4463253.00	0.00	0.00	
333	5079245.00	0.00	0.00	0.00	4464078.00	4464037.00	0.00	0.00	
334	5054728.00	0.00	0.00	0.00	4459871.00	4459889.00	0.00	0.00	
335	5065300.00	0.00	0.00	0.00	4461099.00	4461104.00	0.00	0.00	
336	5096745.00	0.00	0.00	0.00	4465051.00	4465052.00	0.00	0.00	
337	5089615.00	0.00	0.00	0.00	4463742.00	4463763.00	0.00	0.00	
338	5093689.00	0.00	0.00	0.00	4465237.00	4465172.00	0.00	0.00	
339	5102538.00	0.00	0.00	0.00	4465210.00	4465254.00	0.00	0.00	
340	5110044.00	0.00	0.00	0.00	4466343.00	4466341.00	0.00	0.00	
341	5094107.00	0.00	0.00	0.00	4462684.00	4462680.00	0.00	0.00	
342	5092934.00	0.00	0.00	0.00	4465271.00	4465265.00	0.00	0.00	
343	5085191.00	0.00	0.00	0.00	4466780.00	4466718.00	0.00	0.00	
344	5083086.00	0.00	0.00	0.00	4467180.00	4467243.00	0.00	0.00	
345	5061179.00	0.00	0.00	0.00	4464505.00	4464475.00	0.00	0.00	
346	5053731.00	0.00	0.00	0.00	4463683.00	4463704.00	0.00	0.00	
347	5055398.00	0.00	0.00	0.00	4460071.00	4460056.00	0.00	0.00	
348	5112988.00	0.00	0.00	0.00	4469404.00	4469410.00	0.00	0.00	
349	5116411.00	0.00	0.00	0.00	4474044.00	4474018.00	0.00	0.00	
350	5120965.00	0.00	0.00	0.00	4473335.00	4473352.00	0.00	0.00	
351	5095407.00	0.00	0.00	0.00	4476866.00	4476858.00	0.00	0.00	
352	6022821.00	0.00	0.00	0.00	2151192.00	2151227.00	0.00	0.00	
353	5984225.00	0.00	0.00	0.00	2127085.00	2127063.00	0.00	0.00	
354	5941527.00	0.00	0.00	0.00	2126109.00	2126131.00	0.00	0.00	
355	5938263.00	0.00	0.00	0.00	2027450.00	2027449.00	0.00	0.00	
356	5497328.00	0.00	0.00	0.00	3001263.00	3000608.00	0.00	0.00	
357	5308910.00	0.00	0.00	0.00	3667810.00	3667672.00	0.00	0.00	
358	5290850.00	0.00	0.00	0.00	3853729.00	3853683.00	0.00	0.00	
359	5284234.00	0.00	0.00	0.00	3960087.00	3960039.00	0.00	0.00	
360	5316320.00	0.00	0.00	0.00	4043007.00	4042981.00	0.00	0.00	
361	5294694.00	0.00	0.00	0.00	4104401.00	4104343.00	0.00	0.00	
362	5192077.00	0.00	0.00	0.00	4158691.00	4158697.00	0.00	0.00	
363	5153048.00	0.00	0.00	0.00	4205740.00	4205715.00	0.00	0.00	
364	5158484.00	0.00	0.00	0.00	4244260.00	4244184.00	0.00	0.00	
365	5162560.00	0.00	0.00	0.00	4273562.00	4273586.00	0.00	0.00	
366	5138429.00	0.00	0.00	0.00	4282621.00	4282637.00	0.00	0.00	
367	5139730.00	0.00	0.00	0.00	4241275.00	4241210.00	0.00	0.00	
368	5145663.00	0.00	0.00	0.00	4334686.00	4334690.00	0.00	0.00	
369	5125688.00	0.00	0.00	0.00	4363748.00	4363779.00	0.00	0.00	
370	5139267.00	0.00	0.00	0.00	4381261.00	4381216.00	0.00	0.00	
371	5121313.00	0.00	0.00	0.00	4399690.00	4399705.00	0.00	0.00	
372	5113046.00	0.00	0.00	0.00	4411636.00	4411592.00	0.00	0.00	
373	5094304.00	0.00	0.00	0.00	4415850.00	4415871.00	0.00	0.00	
374	5097953.00	0.00	0.00	0.00	4421658.00	4421640.00	0.00	0.00	
375	5090353.00	0.00	0.00	0.00	4424447.00	4424449.00	0.00	0.00	
376	5142030.00	0.00	0.00	0.00	4429477.00	4429447.00	0.00	0.00	
377	5155666.00	0.00	0.00	0.00	4430472.00	4430449.00	0.00	0.00	
378	5113497.00	0.00	0.00	0.00	4431373.00	4431414.00	0.00	0.00	
379	5105146.00	0.00	0.00	0.00	4431021.00	4431017.00	0.00	0.00	
380	5112006.00	0.00	0.00	0.00	4433026.00	4432977.00	0.00	0.00	
381	5110390.00	0.00	0.00	0.00	4431407.00	4431418.00	0.00	0.00	
382	5113992.00	0.00	0.00	0.00	4429956.00	4429970.00	0.00	0.00	
383	4844076.00	0.00	0.00	0.00	4315755.00	4315733.00	0.00	0.00	
384	4852594.00	0.00	0.00	0.00	4314782.00	4314715.00	0.00	0.00	
385	4899916.00	0.00	0.00	0.00	4323068.00	4323112.00	0.00	0.00	
386	4906447.00	0.00	0.00	0.00	4324841.00	4324863.00	0.00	0.00	
387	4882396.00	0.00	0.00	0.00	4305384.00	4305357.00	0.00	0.00	
388	4701039.00	0.00	0.00	0.00	4214383.00	4214386.00	0.00	0.00	
389	4703858.00	0.00	0.00	0.00	4214695.00	4214675.00	0.00	0.00	
390	4747124.00	0.00	0.00	0.00	4242228.00	4242262.00	0.00	0.00	
391	5151892.00	0.00	0.00	0.00	4446433.00	4446417.00	0.00	0.00	
392	5137246.00	0.00	0.00	0.00	4449339.00	4449315.00	0.00	0.00	
393	5135300.00	0.00	0.00	0.00	4446092.00	4446111.00	0.00	0.00	
394	5174509.00	0.00	0.00	0.00	4451299.00	4451264.00	0.00	0.00	
395	5144705.00	0.00	0.00	0.00	4451623.00	4451637.00	0.00	0.00	
396	5126323.00	0.00	0.00	0.00	4451979.00	4451957.00	0.00	0.00	
397	5084183.00	0.00	0.00	0.00	4454346.00	4454359.00	0.00	0.00	
398	4878255.00	0.00	0.00	0.00	4326458.00	4326454.00	0.00	0.00	
399	4846351.00	0.00	0.00	0.00	4316739.00	4316688.00	0.00	0.00	
400	4871505.00	0.00	0.00	0.00	4322319.00	4322367.00	0.00	0.00	
