second	tx	tx_get	tx_put	tx_del	rx	rx_getSucc	rx_putSucc	rx_delSucc
2	62505100.00	0.00	0.00	0.00	18094956.00	18095022.00	0.00	0.00	
3	62519124.00	0.00	0.00	0.00	18073154.00	18073152.00	0.00	0.00	
4	51386320.00	0.00	0.00	0.00	35286388.00	35285008.00	0.00	0.00	
5	48061440.00	0.00	0.00	0.00	41673896.00	41673784.00	0.00	0.00	
6	48098120.00	0.00	0.00	0.00	41963496.00	41963192.00	0.00	0.00	
7	51669412.00	0.00	0.00	0.00	44085416.00	44085088.00	0.00	0.00	
8	52238520.00	0.00	0.00	0.00	44554732.00	44554500.00	0.00	0.00	
9	52493440.00	0.00	0.00	0.00	44593960.00	44593840.00	0.00	0.00	
10	52410768.00	0.00	0.00	0.00	44586268.00	44586160.00	0.00	0.00	
11	52396368.00	0.00	0.00	0.00	44581736.00	44581640.00	0.00	0.00	
12	52523484.00	0.00	0.00	0.00	44572912.00	44572872.00	0.00	0.00	
13	52393036.00	0.00	0.00	0.00	44580640.00	44580552.00	0.00	0.00	
14	52451604.00	0.00	0.00	0.00	44567720.00	44567712.00	0.00	0.00	
15	52482624.00	0.00	0.00	0.00	44597592.00	44597544.00	0.00	0.00	
16	52003304.00	0.00	0.00	0.00	44597216.00	44597164.00	0.00	0.00	
17	52259708.00	0.00	0.00	0.00	44612252.00	44612180.00	0.00	0.00	
18	52328488.00	0.00	0.00	0.00	44575112.00	44575088.00	0.00	0.00	
19	52536560.00	0.00	0.00	0.00	44612692.00	44612676.00	0.00	0.00	
20	52358004.00	0.00	0.00	0.00	44602220.00	44602128.00	0.00	0.00	
21	52127344.00	0.00	0.00	0.00	44599024.00	44599000.00	0.00	0.00	
22	52170096.00	0.00	0.00	0.00	44607512.00	44607484.00	0.00	0.00	
23	52383584.00	0.00	0.00	0.00	44593820.00	44593748.00	0.00	0.00	
24	52329000.00	0.00	0.00	0.00	44574064.00	44574040.00	0.00	0.00	
25	52113408.00	0.00	0.00	0.00	44580564.00	44580548.00	0.00	0.00	
26	52437480.00	0.00	0.00	0.00	44593308.00	44593256.00	0.00	0.00	
27	52074584.00	0.00	0.00	0.00	44450744.00	44450708.00	0.00	0.00	
28	49767992.00	0.00	0.00	0.00	43408184.00	43408152.00	0.00	0.00	
29	49002936.00	0.00	0.00	0.00	42552096.00	42552064.00	0.00	0.00	
30	50035636.00	0.00	0.00	0.00	43395728.00	43395692.00	0.00	0.00	
31	52028116.00	0.00	0.00	0.00	44400012.00	44399952.00	0.00	0.00	
32	52459384.00	0.00	0.00	0.00	44599720.00	44599712.00	0.00	0.00	
33	52502960.00	0.00	0.00	0.00	44608384.00	44608320.00	0.00	0.00	
34	52484500.00	0.00	0.00	0.00	44606120.00	44606092.00	0.00	0.00	
35	52178184.00	0.00	0.00	0.00	44602224.00	44602180.00	0.00	0.00	
36	52392180.00	0.00	0.00	0.00	44602952.00	44602924.00	0.00	0.00	
37	52537048.00	0.00	0.00	0.00	44575352.00	44575320.00	0.00	0.00	
38	52299000.00	0.00	0.00	0.00	44595764.00	44595736.00	0.00	0.00	
39	52269296.00	0.00	0.00	0.00	44603088.00	44603032.00	0.00	0.00	
40	52355360.00	0.00	0.00	0.00	44583576.00	44583500.00	0.00	0.00	
41	52528712.00	0.00	0.00	0.00	44606268.00	44606296.00	0.00	0.00	
42	52454188.00	0.00	0.00	0.00	44595764.00	44595704.00	0.00	0.00	
43	52270624.00	0.00	0.00	0.00	44556040.00	44556040.00	0.00	0.00	
44	52172732.00	0.00	0.00	0.00	44566000.00	44565944.00	0.00	0.00	
45	52571520.00	0.00	0.00	0.00	44596488.00	44596436.00	0.00	0.00	
46	52337604.00	0.00	0.00	0.00	44608108.00	44608092.00	0.00	0.00	
47	52220316.00	0.00	0.00	0.00	44604052.00	44603996.00	0.00	0.00	
48	52589800.00	0.00	0.00	0.00	44608080.00	44608044.00	0.00	0.00	
49	52297760.00	0.00	0.00	0.00	44604496.00	44604476.00	0.00	0.00	
50	50573576.00	0.00	0.00	0.00	43742688.00	43742672.00	0.00	0.00	
51	50306176.00	0.00	0.00	0.00	40625512.00	40623984.00	0.00	0.00	
52	46625976.00	0.00	0.00	0.00	42170880.00	42170216.00	0.00	0.00	
53	44766228.00	0.00	0.00	0.00	40673360.00	40672936.00	0.00	0.00	
54	44185464.00	0.00	0.00	0.00	40144144.00	40143848.00	0.00	0.00	
55	48937260.00	0.00	0.00	0.00	43791896.00	43791748.00	0.00	0.00	
56	49410784.00	0.00	0.00	0.00	44279800.00	44279696.00	0.00	0.00	
57	49952772.00	0.00	0.00	0.00	44545064.00	44545084.00	0.00	0.00	
58	49914340.00	0.00	0.00	0.00	44551752.00	44551716.00	0.00	0.00	
59	49381300.00	0.00	0.00	0.00	44168676.00	44168644.00	0.00	0.00	
60	48264276.00	0.00	0.00	0.00	43128416.00	43128356.00	0.00	0.00	
61	48241488.00	0.00	0.00	0.00	43114792.00	43114736.00	0.00	0.00	
62	49356688.00	0.00	0.00	0.00	44205352.00	44205320.00	0.00	0.00	
63	50052484.00	0.00	0.00	0.00	44604020.00	44604000.00	0.00	0.00	
64	49805104.00	0.00	0.00	0.00	44531520.00	44531520.00	0.00	0.00	
65	49911056.00	0.00	0.00	0.00	44557080.00	44557060.00	0.00	0.00	
66	49773388.00	0.00	0.00	0.00	44524544.00	44524512.00	0.00	0.00	
67	50323296.00	0.00	0.00	0.00	44610760.00	44610728.00	0.00	0.00	
68	49671728.00	0.00	0.00	0.00	44461728.00	44461672.00	0.00	0.00	
69	49813712.00	0.00	0.00	0.00	44570896.00	44570872.00	0.00	0.00	
70	49998020.00	0.00	0.00	0.00	44596320.00	44596312.00	0.00	0.00	
71	52565732.00	0.00	0.00	0.00	38530616.00	38529064.00	0.00	0.00	
72	50629624.00	0.00	0.00	0.00	44280464.00	44279876.00	0.00	0.00	
73	50330832.00	0.00	0.00	0.00	44440632.00	44440236.00	0.00	0.00	
74	50096400.00	0.00	0.00	0.00	44343900.00	44343696.00	0.00	0.00	
75	49825308.00	0.00	0.00	0.00	44207464.00	44207328.00	0.00	0.00	
76	46865816.00	0.00	0.00	0.00	42457544.00	42457420.00	0.00	0.00	
77	45834024.00	0.00	0.00	0.00	41704344.00	41704340.00	0.00	0.00	
78	44616892.00	0.00	0.00	0.00	40506984.00	40506900.00	0.00	0.00	
79	49341564.00	0.00	0.00	0.00	43911344.00	43911360.00	0.00	0.00	
80	50338000.00	0.00	0.00	0.00	44601716.00	44601632.00	0.00	0.00	
81	50382428.00	0.00	0.00	0.00	44573312.00	44573284.00	0.00	0.00	
82	50257360.00	0.00	0.00	0.00	44578472.00	44578460.00	0.00	0.00	
83	50286472.00	0.00	0.00	0.00	44591168.00	44591140.00	0.00	0.00	
84	50148732.00	0.00	0.00	0.00	44564848.00	44564768.00	0.00	0.00	
85	50222340.00	0.00	0.00	0.00	44594664.00	44594636.00	0.00	0.00	
86	50308336.00	0.00	0.00	0.00	44585104.00	44585056.00	0.00	0.00	
87	50225492.00	0.00	0.00	0.00	44609732.00	44609760.00	0.00	0.00	
88	50163160.00	0.00	0.00	0.00	44592752.00	44592676.00	0.00	0.00	
89	50348628.00	0.00	0.00	0.00	44610672.00	44610688.00	0.00	0.00	
90	50181756.00	0.00	0.00	0.00	44585644.00	44585628.00	0.00	0.00	
91	52139240.00	0.00	0.00	0.00	40493672.00	40492112.00	0.00	0.00	
92	50611080.00	0.00	0.00	0.00	44310264.00	44309528.00	0.00	0.00	
93	50601008.00	0.00	0.00	0.00	44426672.00	44426316.00	0.00	0.00	
94	50156252.00	0.00	0.00	0.00	44463640.00	44463508.00	0.00	0.00	
95	50608168.00	0.00	0.00	0.00	44563128.00	44562988.00	0.00	0.00	
96	50292404.00	0.00	0.00	0.00	44572920.00	44572828.00	0.00	0.00	
97	50488848.00	0.00	0.00	0.00	44606488.00	44606492.00	0.00	0.00	
98	49197348.00	0.00	0.00	0.00	43883000.00	43882892.00	0.00	0.00	
99	49776592.00	0.00	0.00	0.00	44241584.00	44241588.00	0.00	0.00	
100	47041616.00	0.00	0.00	0.00	42460520.00	42460480.00	0.00	0.00	
101	44858248.00	0.00	0.00	0.00	40734560.00	40734552.00	0.00	0.00	
102	42972480.00	0.00	0.00	0.00	39009724.00	39009632.00	0.00	0.00	
103	49205804.00	0.00	0.00	0.00	43629532.00	43629516.00	0.00	0.00	
104	50221352.00	0.00	0.00	0.00	44521868.00	44521880.00	0.00	0.00	
105	50684220.00	0.00	0.00	0.00	44609040.00	44608988.00	0.00	0.00	
106	50410292.00	0.00	0.00	0.00	44570380.00	44570336.00	0.00	0.00	
107	50503820.00	0.00	0.00	0.00	44602736.00	44602736.00	0.00	0.00	
108	50386452.00	0.00	0.00	0.00	44584592.00	44584536.00	0.00	0.00	
109	50303128.00	0.00	0.00	0.00	44516968.00	44516884.00	0.00	0.00	
110	50567152.00	0.00	0.00	0.00	44588336.00	44588328.00	0.00	0.00	
111	51782216.00	0.00	0.00	0.00	41113184.00	41111720.00	0.00	0.00	
112	50998232.00	0.00	0.00	0.00	44290196.00	44289532.00	0.00	0.00	
113	50696484.00	0.00	0.00	0.00	44471368.00	44470928.00	0.00	0.00	
114	50676088.00	0.00	0.00	0.00	44513484.00	44513332.00	0.00	0.00	
115	50716096.00	0.00	0.00	0.00	44557836.00	44557640.00	0.00	0.00	
116	50554912.00	0.00	0.00	0.00	44607096.00	44607056.00	0.00	0.00	
117	50644340.00	0.00	0.00	0.00	44589572.00	44589548.00	0.00	0.00	
118	50657456.00	0.00	0.00	0.00	44588028.00	44587972.00	0.00	0.00	
119	50374680.00	0.00	0.00	0.00	44587692.00	44587664.00	0.00	0.00	
120	50936448.00	0.00	0.00	0.00	44590396.00	44590320.00	0.00	0.00	
121	50540904.00	0.00	0.00	0.00	44606312.00	44606320.00	0.00	0.00	
122	48911728.00	0.00	0.00	0.00	43703760.00	43703720.00	0.00	0.00	
123	50303340.00	0.00	0.00	0.00	44260036.00	44260016.00	0.00	0.00	
124	47409184.00	0.00	0.00	0.00	42520336.00	42520264.00	0.00	0.00	
125	44961476.00	0.00	0.00	0.00	40769084.00	40769052.00	0.00	0.00	
126	43171872.00	0.00	0.00	0.00	39042420.00	39042400.00	0.00	0.00	
127	49209440.00	0.00	0.00	0.00	43656408.00	43656392.00	0.00	0.00	
128	50679560.00	0.00	0.00	0.00	44588352.00	44588336.00	0.00	0.00	
129	50610976.00	0.00	0.00	0.00	44605432.00	44605388.00	0.00	0.00	
130	50857412.00	0.00	0.00	0.00	44604888.00	44604872.00	0.00	0.00	
131	52602952.00	0.00	0.00	0.00	39835928.00	39834256.00	0.00	0.00	
132	50772804.00	0.00	0.00	0.00	44306092.00	44305388.00	0.00	0.00	
133	50815480.00	0.00	0.00	0.00	44470784.00	44470328.00	0.00	0.00	
134	51090352.00	0.00	0.00	0.00	44551744.00	44551592.00	0.00	0.00	
135	50581808.00	0.00	0.00	0.00	44559612.00	44559488.00	0.00	0.00	
136	50736288.00	0.00	0.00	0.00	44603592.00	44603496.00	0.00	0.00	
137	50695168.00	0.00	0.00	0.00	44593168.00	44593140.00	0.00	0.00	
138	50711388.00	0.00	0.00	0.00	44605248.00	44605176.00	0.00	0.00	
139	50460360.00	0.00	0.00	0.00	44563696.00	44563672.00	0.00	0.00	
140	50897456.00	0.00	0.00	0.00	44587864.00	44587784.00	0.00	0.00	
141	50602616.00	0.00	0.00	0.00	44595292.00	44595280.00	0.00	0.00	
142	50823440.00	0.00	0.00	0.00	44623880.00	44623808.00	0.00	0.00	
143	50679684.00	0.00	0.00	0.00	44609264.00	44609232.00	0.00	0.00	
144	50720376.00	0.00	0.00	0.00	44623464.00	44623448.00	0.00	0.00	
145	50753976.00	0.00	0.00	0.00	44599636.00	44599600.00	0.00	0.00	
146	48990304.00	0.00	0.00	0.00	43689548.00	43689480.00	0.00	0.00	
147	49830920.00	0.00	0.00	0.00	44050924.00	44050928.00	0.00	0.00	
148	47194196.00	0.00	0.00	0.00	42514956.00	42514936.00	0.00	0.00	
149	45476668.00	0.00	0.00	0.00	40900464.00	40900416.00	0.00	0.00	
150	43040180.00	0.00	0.00	0.00	38991344.00	38991280.00	0.00	0.00	
151	51674152.00	0.00	0.00	0.00	38171656.00	38170112.00	0.00	0.00	
152	50566420.00	0.00	0.00	0.00	44262080.00	44261436.00	0.00	0.00	
153	50839208.00	0.00	0.00	0.00	44449972.00	44449612.00	0.00	0.00	
154	50686080.00	0.00	0.00	0.00	44520260.00	44520072.00	0.00	0.00	
155	50845788.00	0.00	0.00	0.00	44576860.00	44576756.00	0.00	0.00	
156	50716284.00	0.00	0.00	0.00	44599768.00	44599664.00	0.00	0.00	
157	50836240.00	0.00	0.00	0.00	44575480.00	44575456.00	0.00	0.00	
158	50644304.00	0.00	0.00	0.00	44582056.00	44582000.00	0.00	0.00	
159	50837348.00	0.00	0.00	0.00	44572024.00	44571976.00	0.00	0.00	
160	50853528.00	0.00	0.00	0.00	44582608.00	44582548.00	0.00	0.00	
161	50567744.00	0.00	0.00	0.00	44589760.00	44589760.00	0.00	0.00	
162	50684348.00	0.00	0.00	0.00	44619840.00	44619788.00	0.00	0.00	
163	50882376.00	0.00	0.00	0.00	44624808.00	44624768.00	0.00	0.00	
164	50938216.00	0.00	0.00	0.00	44610904.00	44610868.00	0.00	0.00	
165	50926432.00	0.00	0.00	0.00	44604956.00	44604936.00	0.00	0.00	
166	50932248.00	0.00	0.00	0.00	44591188.00	44591160.00	0.00	0.00	
167	50708068.00	0.00	0.00	0.00	44596460.00	44596432.00	0.00	0.00	
168	50773932.00	0.00	0.00	0.00	44606836.00	44606816.00	0.00	0.00	
169	50821368.00	0.00	0.00	0.00	44604412.00	44604304.00	0.00	0.00	
170	49053712.00	0.00	0.00	0.00	43872424.00	43872432.00	0.00	0.00	
171	52388404.00	0.00	0.00	0.00	38789600.00	38788120.00	0.00	0.00	
172	47769300.00	0.00	0.00	0.00	42251136.00	42250556.00	0.00	0.00	
173	46322756.00	0.00	0.00	0.00	41686224.00	41685876.00	0.00	0.00	
174	46417720.00	0.00	0.00	0.00	41698368.00	41698128.00	0.00	0.00	
175	50123016.00	0.00	0.00	0.00	44162936.00	44162840.00	0.00	0.00	
176	50720888.00	0.00	0.00	0.00	44576624.00	44576520.00	0.00	0.00	
177	50818472.00	0.00	0.00	0.00	44605180.00	44605136.00	0.00	0.00	
178	50579692.00	0.00	0.00	0.00	44598608.00	44598588.00	0.00	0.00	
179	50658580.00	0.00	0.00	0.00	44609176.00	44609136.00	0.00	0.00	
180	50837472.00	0.00	0.00	0.00	44609696.00	44609632.00	0.00	0.00	
181	50927020.00	0.00	0.00	0.00	44619872.00	44619872.00	0.00	0.00	
182	50653748.00	0.00	0.00	0.00	44591940.00	44591848.00	0.00	0.00	
183	50944348.00	0.00	0.00	0.00	44604856.00	44604852.00	0.00	0.00	
184	50757992.00	0.00	0.00	0.00	44621672.00	44621636.00	0.00	0.00	
185	50837004.00	0.00	0.00	0.00	44592424.00	44592376.00	0.00	0.00	
186	50924240.00	0.00	0.00	0.00	44591980.00	44591960.00	0.00	0.00	
187	50592428.00	0.00	0.00	0.00	44567016.00	44566988.00	0.00	0.00	
188	50971900.00	0.00	0.00	0.00	44612276.00	44612236.00	0.00	0.00	
189	50861392.00	0.00	0.00	0.00	44621352.00	44621328.00	0.00	0.00	
190	51157984.00	0.00	0.00	0.00	44600020.00	44599920.00	0.00	0.00	
191	52637224.00	0.00	0.00	0.00	39594988.00	39593360.00	0.00	0.00	
192	51311312.00	0.00	0.00	0.00	44292376.00	44291720.00	0.00	0.00	
193	51136636.00	0.00	0.00	0.00	44449168.00	44448792.00	0.00	0.00	
194	49495444.00	0.00	0.00	0.00	43788032.00	43787776.00	0.00	0.00	
195	50383700.00	0.00	0.00	0.00	44221688.00	44221592.00	0.00	0.00	
196	48779612.00	0.00	0.00	0.00	43368560.00	43368484.00	0.00	0.00	
197	47253576.00	0.00	0.00	0.00	42211232.00	42211172.00	0.00	0.00	
198	45277400.00	0.00	0.00	0.00	40416256.00	40416176.00	0.00	0.00	
199	49900996.00	0.00	0.00	0.00	43861032.00	43861048.00	0.00	0.00	
200	0.00	0.00	0.00	0.00	0.00	0.00	0.00	0.00	
