second	tx	tx_get	tx_put	tx_del	rx	rx_getSucc	rx_putSucc	rx_delSucc
2	5206414.00	0.00	0.00	0.00	4442767.00	4442808.00	0.00	0.00	
3	5200455.00	0.00	0.00	0.00	4447470.00	4447463.00	0.00	0.00	
4	5245482.00	0.00	0.00	0.00	4441184.00	4441180.00	0.00	0.00	
5	5237731.00	0.00	0.00	0.00	4441189.00	4441178.00	0.00	0.00	
6	5225795.00	0.00	0.00	0.00	4444671.00	4444670.00	0.00	0.00	
7	5244079.00	0.00	0.00	0.00	4443480.00	4443490.00	0.00	0.00	
8	5155122.00	0.00	0.00	0.00	4415774.00	4415792.00	0.00	0.00	
9	5275312.00	0.00	0.00	0.00	4443059.00	4443035.00	0.00	0.00	
10	5271510.00	0.00	0.00	0.00	4448637.00	4448605.00	0.00	0.00	
11	5242453.00	0.00	0.00	0.00	4449427.00	4449480.00	0.00	0.00	
12	5212362.00	0.00	0.00	0.00	4450327.00	4450304.00	0.00	0.00	
13	5253215.00	0.00	0.00	0.00	4450949.00	4450937.00	0.00	0.00	
14	5311625.00	0.00	0.00	0.00	4449419.00	4449441.00	0.00	0.00	
15	5323068.00	0.00	0.00	0.00	4452407.00	4452398.00	0.00	0.00	
16	5313962.00	0.00	0.00	0.00	4451331.00	4451325.00	0.00	0.00	
17	5275046.00	0.00	0.00	0.00	4449916.00	4449920.00	0.00	0.00	
18	5272111.00	0.00	0.00	0.00	4445478.00	4445469.00	0.00	0.00	
19	5207592.00	0.00	0.00	0.00	4441561.00	4441558.00	0.00	0.00	
20	5210694.00	0.00	0.00	0.00	4446212.00	4446202.00	0.00	0.00	
21	5221309.00	0.00	0.00	0.00	4450193.00	4450227.00	0.00	0.00	
22	5719048.00	0.00	0.00	0.00	2446912.00	2446217.00	0.00	0.00	
23	5327726.00	0.00	0.00	0.00	3455001.00	3454849.00	0.00	0.00	
24	5319963.00	0.00	0.00	0.00	3580796.00	3580625.00	0.00	0.00	
25	5240346.00	0.00	0.00	0.00	3714141.00	3714144.00	0.00	0.00	
26	5192290.00	0.00	0.00	0.00	3815050.00	3814955.00	0.00	0.00	
27	5144824.00	0.00	0.00	0.00	3853183.00	3853158.00	0.00	0.00	
28	5090013.00	0.00	0.00	0.00	3968616.00	3968467.00	0.00	0.00	
29	5061162.00	0.00	0.00	0.00	3948062.00	3948071.00	0.00	0.00	
30	5154287.00	0.00	0.00	0.00	4056205.00	4056100.00	0.00	0.00	
31	5199654.00	0.00	0.00	0.00	4039576.00	4039568.00	0.00	0.00	
32	5158409.00	0.00	0.00	0.00	4096075.00	4096028.00	0.00	0.00	
33	5135647.00	0.00	0.00	0.00	4130427.00	4130370.00	0.00	0.00	
34	5107562.00	0.00	0.00	0.00	4149731.00	4149664.00	0.00	0.00	
35	5075518.00	0.00	0.00	0.00	4208629.00	4208566.00	0.00	0.00	
36	5054234.00	0.00	0.00	0.00	4173030.00	4173033.00	0.00	0.00	
37	5060171.00	0.00	0.00	0.00	4243126.00	4243058.00	0.00	0.00	
38	5081808.00	0.00	0.00	0.00	4234724.00	4234714.00	0.00	0.00	
39	5085596.00	0.00	0.00	0.00	4272744.00	4272691.00	0.00	0.00	
40	5071677.00	0.00	0.00	0.00	4303696.00	4303628.00	0.00	0.00	
41	5036043.00	0.00	0.00	0.00	4292166.00	4292132.00	0.00	0.00	
42	5013951.00	0.00	0.00	0.00	4342240.00	4342201.00	0.00	0.00	
43	5012529.00	0.00	0.00	0.00	4316928.00	4316880.00	0.00	0.00	
44	5012333.00	0.00	0.00	0.00	4361481.00	4361418.00	0.00	0.00	
45	4988278.00	0.00	0.00	0.00	4365070.00	4365050.00	0.00	0.00	
46	5001521.00	0.00	0.00	0.00	4368741.00	4368724.00	0.00	0.00	
47	5019278.00	0.00	0.00	0.00	4389766.00	4389755.00	0.00	0.00	
48	5060228.00	0.00	0.00	0.00	4388246.00	4388236.00	0.00	0.00	
49	5047684.00	0.00	0.00	0.00	4394611.00	4394561.00	0.00	0.00	
50	5046100.00	0.00	0.00	0.00	4401411.00	4401319.00	0.00	0.00	
51	5023570.00	0.00	0.00	0.00	4398493.00	4398456.00	0.00	0.00	
52	5024899.00	0.00	0.00	0.00	4393811.00	4393781.00	0.00	0.00	
53	5029762.00	0.00	0.00	0.00	4399228.00	4399245.00	0.00	0.00	
54	5019285.00	0.00	0.00	0.00	4400921.00	4400876.00	0.00	0.00	
55	5007213.00	0.00	0.00	0.00	4404724.00	4404678.00	0.00	0.00	
56	5005428.00	0.00	0.00	0.00	4399676.00	4399671.00	0.00	0.00	
57	4983243.00	0.00	0.00	0.00	4401924.00	4401908.00	0.00	0.00	
58	4956674.00	0.00	0.00	0.00	4401448.00	4401389.00	0.00	0.00	
59	4947834.00	0.00	0.00	0.00	4395060.00	4395036.00	0.00	0.00	
60	4936481.00	0.00	0.00	0.00	4398092.00	4398047.00	0.00	0.00	
61	4977726.00	0.00	0.00	0.00	4396267.00	4396289.00	0.00	0.00	
62	4994119.00	0.00	0.00	0.00	4405945.00	4405891.00	0.00	0.00	
63	5045739.00	0.00	0.00	0.00	4415636.00	4415591.00	0.00	0.00	
64	5072199.00	0.00	0.00	0.00	4417450.00	4417465.00	0.00	0.00	
65	5058638.00	0.00	0.00	0.00	4421355.00	4421317.00	0.00	0.00	
66	5051948.00	0.00	0.00	0.00	4420929.00	4420885.00	0.00	0.00	
67	5033173.00	0.00	0.00	0.00	4420305.00	4420246.00	0.00	0.00	
68	5010469.00	0.00	0.00	0.00	4408857.00	4408843.00	0.00	0.00	
69	4987448.00	0.00	0.00	0.00	4412239.00	4412293.00	0.00	0.00	
70	4975087.00	0.00	0.00	0.00	4408852.00	4408802.00	0.00	0.00	
71	4955783.00	0.00	0.00	0.00	4403939.00	4403916.00	0.00	0.00	
72	5997795.00	0.00	0.00	0.00	2022835.00	2022859.00	0.00	0.00	
73	5598570.00	0.00	0.00	0.00	2818577.00	2817848.00	0.00	0.00	
74	5370339.00	0.00	0.00	0.00	3372470.00	3372478.00	0.00	0.00	
75	5288903.00	0.00	0.00	0.00	3592221.00	3592009.00	0.00	0.00	
76	5237834.00	0.00	0.00	0.00	3648616.00	3648601.00	0.00	0.00	
77	5215014.00	0.00	0.00	0.00	3801953.00	3801860.00	0.00	0.00	
78	5278545.00	0.00	0.00	0.00	3809399.00	3809404.00	0.00	0.00	
79	5248187.00	0.00	0.00	0.00	3911650.00	3911584.00	0.00	0.00	
80	5202419.00	0.00	0.00	0.00	3936081.00	3936040.00	0.00	0.00	
81	5144159.00	0.00	0.00	0.00	4002488.00	4002391.00	0.00	0.00	
82	5145269.00	0.00	0.00	0.00	4056466.00	4056442.00	0.00	0.00	
83	5152218.00	0.00	0.00	0.00	4045040.00	4044984.00	0.00	0.00	
84	5151469.00	0.00	0.00	0.00	4120415.00	4120402.00	0.00	0.00	
85	5173915.00	0.00	0.00	0.00	4089187.00	4089132.00	0.00	0.00	
86	5147700.00	0.00	0.00	0.00	4155035.00	4155025.00	0.00	0.00	
87	5135193.00	0.00	0.00	0.00	4166348.00	4166316.00	0.00	0.00	
88	5122000.00	0.00	0.00	0.00	4184852.00	4184806.00	0.00	0.00	
89	5122508.00	0.00	0.00	0.00	4238161.00	4238075.00	0.00	0.00	
90	5103054.00	0.00	0.00	0.00	4195372.00	4195401.00	0.00	0.00	
91	5090620.00	0.00	0.00	0.00	4274802.00	4274736.00	0.00	0.00	
92	5150225.00	0.00	0.00	0.00	4254086.00	4254024.00	0.00	0.00	
93	5109269.00	0.00	0.00	0.00	4282124.00	4282127.00	0.00	0.00	
94	5096745.00	0.00	0.00	0.00	4313451.00	4313366.00	0.00	0.00	
95	5061204.00	0.00	0.00	0.00	4306676.00	4306694.00	0.00	0.00	
96	5039373.00	0.00	0.00	0.00	4356978.00	4356899.00	0.00	0.00	
97	5031462.00	0.00	0.00	0.00	4333197.00	4333168.00	0.00	0.00	
98	5020848.00	0.00	0.00	0.00	4365497.00	4365454.00	0.00	0.00	
99	5054527.00	0.00	0.00	0.00	4376815.00	4376813.00	0.00	0.00	
100	5042570.00	0.00	0.00	0.00	4375510.00	4375502.00	0.00	0.00	
101	5043475.00	0.00	0.00	0.00	4393621.00	4393592.00	0.00	0.00	
102	5008076.00	0.00	0.00	0.00	4388247.00	4388214.00	0.00	0.00	
103	5031235.00	0.00	0.00	0.00	4393015.00	4393003.00	0.00	0.00	
104	5016320.00	0.00	0.00	0.00	4396049.00	4396028.00	0.00	0.00	
105	5043531.00	0.00	0.00	0.00	4399535.00	4399500.00	0.00	0.00	
106	5042975.00	0.00	0.00	0.00	4397878.00	4397856.00	0.00	0.00	
107	5035608.00	0.00	0.00	0.00	4399130.00	4399081.00	0.00	0.00	
108	5028044.00	0.00	0.00	0.00	4395688.00	4395713.00	0.00	0.00	
109	5086513.00	0.00	0.00	0.00	4402635.00	4402592.00	0.00	0.00	
110	5090464.00	0.00	0.00	0.00	4408331.00	4408320.00	0.00	0.00	
111	5080447.00	0.00	0.00	0.00	4408190.00	4408162.00	0.00	0.00	
112	5061278.00	0.00	0.00	0.00	4414819.00	4414810.00	0.00	0.00	
113	5037230.00	0.00	0.00	0.00	4410963.00	4410895.00	0.00	0.00	
114	5027057.00	0.00	0.00	0.00	4405939.00	4405821.00	0.00	0.00	
115	5032395.00	0.00	0.00	0.00	4404223.00	4404284.00	0.00	0.00	
116	5022466.00	0.00	0.00	0.00	4406001.00	4405955.00	0.00	0.00	
117	5009916.00	0.00	0.00	0.00	4403266.00	4403203.00	0.00	0.00	
118	5019285.00	0.00	0.00	0.00	4403008.00	4403041.00	0.00	0.00	
119	4998617.00	0.00	0.00	0.00	4405556.00	4405460.00	0.00	0.00	
120	5040061.00	0.00	0.00	0.00	4408985.00	4408975.00	0.00	0.00	
121	5056763.00	0.00	0.00	0.00	4413432.00	4413414.00	0.00	0.00	
122	5748769.00	0.00	0.00	0.00	2854601.00	2853223.00	0.00	0.00	
123	5489958.00	0.00	0.00	0.00	3428770.00	3428771.00	0.00	0.00	
124	5347627.00	0.00	0.00	0.00	3643117.00	3643015.00	0.00	0.00	
125	5296863.00	0.00	0.00	0.00	3669027.00	3669030.00	0.00	0.00	
126	5200094.00	0.00	0.00	0.00	3813416.00	3813304.00	0.00	0.00	
127	5186356.00	0.00	0.00	0.00	3815522.00	3815505.00	0.00	0.00	
128	5158803.00	0.00	0.00	0.00	3919771.00	3919692.00	0.00	0.00	
129	5192675.00	0.00	0.00	0.00	3932082.00	3931988.00	0.00	0.00	
130	5185057.00	0.00	0.00	0.00	3996061.00	3996073.00	0.00	0.00	
131	5157530.00	0.00	0.00	0.00	4031134.00	4031073.00	0.00	0.00	
132	5184668.00	0.00	0.00	0.00	4057772.00	4057696.00	0.00	0.00	
133	5172750.00	0.00	0.00	0.00	4121073.00	4121023.00	0.00	0.00	
134	5156420.00	0.00	0.00	0.00	4087200.00	4087228.00	0.00	0.00	
135	5120372.00	0.00	0.00	0.00	4170839.00	4170720.00	0.00	0.00	
136	5135418.00	0.00	0.00	0.00	4152709.00	4152754.00	0.00	0.00	
137	5139297.00	0.00	0.00	0.00	4192775.00	4192678.00	0.00	0.00	
138	5120255.00	0.00	0.00	0.00	4211258.00	4211297.00	0.00	0.00	
139	5102774.00	0.00	0.00	0.00	4213042.00	4212970.00	0.00	0.00	
140	5082795.00	0.00	0.00	0.00	4267579.00	4267570.00	0.00	0.00	
141	5162417.00	0.00	0.00	0.00	4221246.00	4221235.00	0.00	0.00	
142	5126495.00	0.00	0.00	0.00	4296670.00	4296630.00	0.00	0.00	
143	5108622.00	0.00	0.00	0.00	4280007.00	4279983.00	0.00	0.00	
144	5076856.00	0.00	0.00	0.00	4314012.00	4313965.00	0.00	0.00	
145	5068559.00	0.00	0.00	0.00	4337174.00	4337136.00	0.00	0.00	
146	5074595.00	0.00	0.00	0.00	4327068.00	4327059.00	0.00	0.00	
147	5078305.00	0.00	0.00	0.00	4364266.00	4364186.00	0.00	0.00	
148	5101275.00	0.00	0.00	0.00	4354237.00	4354259.00	0.00	0.00	
149	5120934.00	0.00	0.00	0.00	4382845.00	4382773.00	0.00	0.00	
150	5116674.00	0.00	0.00	0.00	4392495.00	4392427.00	0.00	0.00	
151	5106164.00	0.00	0.00	0.00	4384257.00	4384254.00	0.00	0.00	
152	5072540.00	0.00	0.00	0.00	4402500.00	4402438.00	0.00	0.00	
153	5061190.00	0.00	0.00	0.00	4399627.00	4399598.00	0.00	0.00	
154	5045643.00	0.00	0.00	0.00	4401664.00	4401612.00	0.00	0.00	
155	5039064.00	0.00	0.00	0.00	4405237.00	4405205.00	0.00	0.00	
156	5025318.00	0.00	0.00	0.00	4395024.00	4395012.00	0.00	0.00	
157	5068442.00	0.00	0.00	0.00	4399845.00	4399812.00	0.00	0.00	
158	5059053.00	0.00	0.00	0.00	4395917.00	4395863.00	0.00	0.00	
159	5011862.00	0.00	0.00	0.00	4397295.00	4397282.00	0.00	0.00	
160	5069092.00	0.00	0.00	0.00	4400807.00	4400794.00	0.00	0.00	
161	5055095.00	0.00	0.00	0.00	4403445.00	4403464.00	0.00	0.00	
162	5061710.00	0.00	0.00	0.00	4407687.00	4407653.00	0.00	0.00	
163	5079318.00	0.00	0.00	0.00	4407021.00	4406970.00	0.00	0.00	
164	5078919.00	0.00	0.00	0.00	4411659.00	4411679.00	0.00	0.00	
165	5055294.00	0.00	0.00	0.00	4406045.00	4405977.00	0.00	0.00	
166	5030012.00	0.00	0.00	0.00	4406431.00	4406451.00	0.00	0.00	
167	5005126.00	0.00	0.00	0.00	4401173.00	4401143.00	0.00	0.00	
168	4987693.00	0.00	0.00	0.00	4405443.00	4405416.00	0.00	0.00	
169	5098340.00	0.00	0.00	0.00	4417796.00	4417773.00	0.00	0.00	
170	5126205.00	0.00	0.00	0.00	4415458.00	4415389.00	0.00	0.00	
