3372
2638
2889
2775
3482
3009
2821
2659
2438
2382
3361
2962
2733
3475
3793
2606
2710
2557
2611
2735
2700
2709
3822
3615
2954
2696
2925
2835
2887
2871
3971
2862
45052
3054
35275
2913
3658
3919
3799
3434
3262
3142
3380
4068
4309
13098
3933
3568
3707
3552
4109
3998
3723
4846
3548
4319
11082
16506
4006
3495
4278
3927
4458
3699
3735
3824
3898
4022
3350
4005
3889
3653
3293
3326
3204
3640
4014
3585
3806
3386
3462
3520
3281
3594
3359
3484
3243
3070
3476
3335
3200
3168
3625
3192
3201
2842
2893
2991
3888
3148
3150
3026
3334
3017
3020
2868
2855
2981
3023
2625
2910
2891
2779
3018
2652
2715
2764
2825
2832
2526
2771
2562
2627
2648
2713
2616
2480
2613
2391
2447
2525
2500
2387
2435
2334
2332
2363
2342
2317
2394
2234
2274
2248
2211
2193
2178
2165
2201
2160
2183
2164
2162
2172
2148
3798
2184
4150
2293
3507
2683
2218
2519
2561
2452
2608
2170
2680
2222
2337
2238
3129
2688
4165
2632
3432
3532
2514
3384
2392
2424
2389
3423
2510
2375
2379
2459
2202
2441
3437
3317
2210
4017
3790
2203
4313
16218
2425
2762
2799
2974
2917
2963
40103
3838
3562
2592
3586
3043
3413
2439
3105
2888
2643
2878
2524
3055
2553
3087
2516
3260
2257
2361
3753
3746
3396
2473
2909
2214
3237
3570
2327
3682
3983
3558
3049
3449
3444
3884
4003
4042
3115
3340
3583
3314
2368
3289
3902
4013
3483
2489
2538
3064
4315
3084
3689
2677
2599
3007
3463
3309
2176
2593
2359
2282
2371
4718
2503
2233
3320
3004
3886
3750
3298
2591
2894
2760
3324
3082
2726
3920
3740
2704
26850
2939
2983
2984
3304
2620
3170
74562
2380
2179
3868
2774
3107
3100
4465
2330
2423
2237
2229
3404
2509
3272
3517
3421
3073
3094
2386
3899
4216
3742
2564
2853
2714
2623
2463
3365
3399
2232
2263
3420
3215
3033
3488
2867
26717
2858
2657
3717
19400
3694
4180
3428
2255
2740
3509
3332
74405
4658
4429
4032
3116
4214
3526
4229
3233
10894
3045
2769
3090
3216
2451
2365
3561
3448
3431
3531
3800
2844
2589
34612
3246
2570
2543
2431
3122
3060
2403
2535
2684
2583
2551
2522
2863
2600
3368
3079
3227
4138
2926
3537
2744
3019
4783
3677
3560
3617
3544
3809
3113
16934
3701
2802
3993
2466
3702
3519
3904
3490
2752
4756
3628
3125
4100
3076
3224
3671
2948
3584
3485
3114
3503
3543
3487
2865
3285
3355
3253
3338
3890
3352
3169
3760
2847
3288
4142
3012
4503
2907
3103
3202
2780
2754
3268
2756
3403
3739
2804
3814
3251
2546
3457
2806
3388
2731
4129
2554
2689
2725
2869
3154
2470
3756
2377
2578
2831
2484
3470
2326
2249
2497
2261
2273
2163
2768
2200
2168
2131
2161
4094
2817
2266
2413
2331
4610
3566
3574
3662
2988
2719
2968
3157
3907
38047
2216
3085
2883
2544
3081
3373
2185
3088
3719
2864
2813
2555
2838
2177
3593
3286
2749
2476
4154
2478
2374
2197
2660
2773
3768
4521
2395
18770
2182
14356
3322
2301
2319
2729
2198
98383
3460
3597
2145
2405
2797
2621
2793
3364
2966
2961
2641
4035
2577
2444
2192
2819
2751
2603
3167
3173
3077
2734
3502
22044
2668
2253
3905
3610
2486
3164
2801
3128
3145
3655
3935
3160
3901
2370
3807
3436
2686
3496
2576
3528
4370
2852
2861
3165
3696
3443
3397
3591
3383
3398
2597
3569
3433
2834
3646
2701
3732
3425
2539
3014
2885
2381
3660
3056
3276
2190
3120
3634
3219
3067
4186
3282
12702
16012
18586
4359
2690
3037
2436
3578
3358
2758
3801
3703
2419
3291
3664
4108
2501
3622
3834
3185
3685
4001
2929
4132
3915
2471
66938
3955
3053
2795
2517
3109
3374
16762
3505
3480
3603
3754
3344
3866
3187
3731
3111
3627
4179
2866
21744
3769
2978
3714
2354
3222
3554
2609
2579
3950
4096
2124
3279
22619
2590
2109
3728
3166
4277
2721
2118
3733
21466
3456
2824
4806
75275
16241
2872
4275
4509
2095
2615
4536
3492
2093
3303
3323
3857
2693
2085
2903
2950
10497
2530
4257
2299
3960
3722
3290
2079
2304
3589
2765
2084
2808
3956
3504
2290
2078
3917
4307
2455
3143
3385
2594
2322
3244
2064
3292
2204
2069
2993
3181
2063
3864
3144
3180
3205
3022
2050
2837
2309
2049
3611
2730
2048
3833
2896
3038
2588
2537
2199
2567
2302
2495
2453
2582
2479
10631
2574
2313
2312
2373
2333
2196
2215
3777
3659
2268
2492
3940
2905
2288
2673
10003
2481
2428
3836
2055
2074
2067
2569
3784
3000
2631
2056
2065
2508
4173
3089
2054
3048
2080
2297
3123
3325
2089
3650
2099
2307
2115
2156
2927
2076
3280
2100
3534
2239
2691
2097
2119
2140
3894
20671
3362
2930
2086
3147
2082
3191
2860
2102
2108
2132
3027
48561
3521
3117
2916
2075
2989
2087
2637
2066
2655
3850
2104
2117
2129
3159
3074
4168
2629
2911
2073
3172
2231
2736
2090
2528
2062
2105
2792
2071
3178
2836
2956
3527
2091
2786
2059
2103
2827
2077
3266
2681
4436
2096
2856
2061
2101
2870
3347
2417
2070
2083
2778
2058
2934
3269
3843
2362
2068
2088
2672
2060
2851
3196
10873
2072
2572
2057
2081
2053
2052
2051
3895
3036
3179
2092
3666
2094
2296
2494
2127
2114
3567
3068
3556
2106
3451
2098
3619
2433
3130
2123
2130
2949
3295
2110
3576
2465
3422
2122
4149
2116
4019
2845
2159
2349
2291
3697
2113
4033
2144
2241
2545
4264
2125
3096
2314
3897
2107
3389
2134
106179
3035
2252
3812
2143
3588
4177
2120
3211
3942
4223
2128
3207
2158
2912
4786
3675
2126
3469
2133
2422
3515
3926
2112
3614
2147
2398
3789
2111
2223
3351
2195
3761
2220
2448
2264
2737
3118
4671
3261
3791
3580
3300
2902
66558
2236
3855
3376
3573
3477
4028
2246
3729
3721
3688
2434
3545
3193
4203
2634
2477
3008
4515
4504
609378
3442
3869
3445
3151
80238
3994
2781
3454
3908
3737
39654
2275
2121
3310
3319
2898
3137
2666
2138
3284
3712
2464
3366
2141
3676
2493
3329
2207
2818
2339
3341
2766
2602
13319
4248
3228
2645
2656
2408
3575
8732
3349
3028
2697
2284
3195
3307
2353
2839
2421
2587
68543
2166
2707
3189
3407
2378
3078
2975
3606
2346
3138
3381
2687
2890
3331
4600
3375
2790
3497
2650
2174
3030
3764
2584
4473
14205
3763
2396
3990
2320
3047
2596
4144
2294
3500
2356
3626
2383
4605
3546
3175
2323
3194
3452
3609
2669
3095
4011
2279
3587
3356
3002
3819
2442
2938
3132
3042
2357
3808
3183
3410
2298
3720
2437
3493
3506
3367
4185
3632
2336
69064
2235
3649
3051
3931
3711
2982
2335
2415
2610
4015
3302
2601
4247
3438
3339
2782
2306
3301
3065
2958
3651
3590
3946
18274
3415
3716
2206
2271
3318
4057
2876
2999
2873
3208
3674
3862
23877
2830
3596
2558
3435
3176
2426
3242
2630
4081
3011
3430
4107
2458
2153
3238
3348
3880
3962
3468
3541
2969
2355
2964
3152
3781
3133
3621
2139
2973
2194
3881
3932
3557
2225
3673
2618
2242
3141
3563
2750
2315
2340
2205
2921
3616
2328
2568
3247
4130
3670
10629
2604
3024
2598
2245
3126
2281
2712
2940
2810
60084
2416
3461
2580
2559
3858
2265
2358
3220
4089
3863
3245
10819
2976
76268
2457
3745
3003
2772
2393
2472
2534
2980
3523
2230
2228
2720
3598
3846
3104
13755
3832
2468
2886
2694
2443
2285
2937
3057
2849
3976
3551
12569
2549
3025
2796
3748
3013
2575
3974
3110
3239
2254
3221
3727
2429
17978
3146
2812
3392
2505
3975
3171
3766
3693
2491
2289
3010
2682
4188
2446
2410
2136
3953
2880
3006
3091
2857
3327
3896
2935
2892
3669
3429
3206
3223
2488
2931
2642
3957
3353
4409
3447
2767
2667
3736
3845
2695
3918
2932
2945
3785
14072
3001
3779
3161
2990
2685
3029
3478
2490
3687
3409
2702
4070
2785
3599
2512
3217
2305
2617
3853
2542
3153
4183
2321
4550
2224
4137
2800
3969
3134
3633
3579
2272
3354
2676
25235
21949
2753
2985
2692
3604
3631
3254
2295
2895
3851
3458
2270
3663
2149
3124
2639
2427
3982
3811
2267
3612
3772
3131
3315
2986
3618
52709
2586
2209
3108
2154
2191
2521
2350
3092
14403
3648
3961
23064
4134
2739
72803
3665
2879
3450
4160
2928
3241
3565
3186
3473
2523
2698
3058
3102
2970
2277
3641
3930
4159
3412
2311
2946
4279
2167
3121
2748
3140
2722
3678
3405
4655
3229
2137
2152
2135
2150
2151
2189
2186
2188
2180
2219
2240
2286
2343
3813
2399
2402
2345
2397
2414
2432
2469
2418
2498
2485
2595
2658
2540
2678
2504
3072
2761
2807
2763
2624
2741
2699
2882
2848
2759
3236
2965
3149
3086
3263
3112
3075
3259
3135
3199
3294
3417
3127
18299
3050
3101
3283
3471
3446
3378
3240
3394
4052
3516
3203
3826
4480
3312
2187
3498
3747
4088
3730
3387
3668
3823
4020
4347
3234
4036
3878
3916
3783
3513
10977
3865
4385
4401
4371
3524
4021
3996
3921
3765
3549
3778
10434
2404
4037
4358
4031
3231
4426
3647
3235
2955
2788
3345
3162
2987
3270
2755
3547
2919
3278
3313
3213
3184
2798
3499
2996
3571
3424
3299
2995
2563
2942
2573
2705
2967
2400
3255
2548
3472
4420
2527
2994
2884
3305
3741
3273
2607
2487
7956
2952
4072
3852
2979
3533
4356
2384
2511
3106
2462
2566
2671
3061
3816
2897
2360
4079
2344
3071
2461
2972
2390
2351
3792
3965
2259
4422
3044
3984
4292
4127
3046
3453
3672
4196
3577
3252
3601
3815
2385
3408
3550
2411
2502
3099
2717
2854
2924
4208
2670
3709
2565
2732
5035
3174
2633
10325
3357
3258
3401
2467
2791
2816
3210
2718
2276
2250
2784
3093
4301
2341
3501
2412
2506
2636
3620
2708
2654
2212
2420
3820
3910
2533
3267
2244
2449
2496
3804
2310
2843
3623
3360
2585
2943
2738
2850
3265
2833
3959
2997
3486
2662
3989
2747
3097
3139
2743
2977
2300
2243
3871
3249
2742
2348
10082
2901
3040
2757
3780
2208
3802
2675
2612
3214
2711
3198
2474
2706
3875
2560
3859
3275
3414
3316
4259
3441
3271
4063
3039
3529
3250
2456
4008
2936
3518
3226
2364
3683
3692
3465
3427
2770
4399
2881
3382
2454
3342
3522
2823
3595
3538
3333
2971
3343
3016
3021
2875
3363
2475
2899
3582
3643
3644
2287
2829
3418
3508
2352
2644
2171
2908
2614
3525
3274
2915
3642
3393
3031
3704
2316
2841
2280
2951
3069
2581
2181
3155
3297
2628
19087
3426
2518
3218
4061
2247
2175
2221
3514
2347
2483
2324
3540
2547
3466
2520
2482
3080
2217
2226
2653
3885
3635
3032
50289
2724
3232
3419
3190
3321
3440
2944
2376
2605
3402
2308
2507
3230
3467
3624
2556
3512
2318
4639
2920
3063
2303
2536
3645
2369
3182
4140
3530
4573
2146
2157
2169
2173
2155
2142
2292
2213
2283
2262
2409
2256
2366
2407
2372
2401
2338
2460
2619
2665
2571
2622
2803
2635
2789
2723
2822
2777
2918
3158
2794
2809
2998
2859
3034
3066
2826
2923
3005
2906
3257
2904
2278
3391
3163
3052
3636
3700
3489
3336
3536
3411
3212
3119
3177
3464
3724
2814
3369
3406
3715
3759
3874
3944
3758
3951
3539
3652
3698
3581
4069
2805
3876
2959
4162
3773
3873
3903
3559
3805
3997
21968
3686
6453
3248
4384
3770
13855
3861
3938
3970
3945
3774
3661
3922
3684
3474
3842
3256
3328
3390
3667
2663
2550
2745
3656
3400
2541
3439
3296
3083
3287
2941
3059
4334
2957
3062
2783
2269
3311
2840
2728
2776
2674
2640
2515
3188
2532
2746
2815
3098
2922
2727
2450
2900
2445
2531
3264
2388
2499
2529
3680
3197
3602
2440
2430
2367
4575
3041
3991
4084
3136
3860
3370
3877
19880
2646
2820
3015
3306
3542
2679
4265
3277
2626
2260
3308
3377
3553
3555
3494
3818
3209
2846
4551
3564
2325
3337
2933
3856
2716
3510
3786
3346
28021
3395
23006
3491
3535
4696
2329
2877
2251
3455
22322
3639
2960
3225
3691
2874
2947
3330
2664
2258
2649
2953
2647
4362
2787
2651
2661
2703
2914
3479
3156
2227
3867
2992
2513
2406
2828
2552
4293
3638
2811
3713
3738
3481
