16483
11529
14158
22166
9815
353328
886597
77208
613365
567090
549174
850624
83913
119192
70446
16212
106975
567669
12749
645046
268886
651566
19850
287555
36184
18065
7451
12159
7472
18406
27452
73177
114903
556329
571300
97036
585412
653222
353779
22028
544180
17097
72785
33624
276731
77056
65700
18209
504795
28790
14788
15863
276921
17471
30684
96427
13857
20675
514193
10163
653627
71016
590893
16128
50996
21432
11842
117163
18905
852115
30492
9314
46113
9823
23726
5740
23295
650306
92664
71318
548969
635117
15344
271308
73285
23631
9645
19061
24340
51203
535899
30730
9583
67604
9539
7099
35294
16118
19389
20472
25564
117082
65683
70585
89657
17362
13744
86935
50881
13074
9316
11993
65930
14327
27860
16997
20258
8210
24596
122658
9544
540988
310049
22459
27345
22115
77348
14648
14581
26845
70428
15343
74937
17003
21869
858371
8538
94248
15142
25616
14988
13417
34540
75488
101249
23645
21235
13099
118474
111916
65911
28094
40754
39150
12491
13194
674188
14666
13538
17778
16918
34474
41773
19109
648097
21721
14739
8083
12750
290722
39193
12257
14510
12385
72904
5985
30381
128266
11024
77704
34434
30835
13561
114057
49596
14643
10486
39060
23597
23680
68008
410206
84650
22092
23702
25072
17031
7784
11599
652928
30275
14299
15744
19231
69439
21594
11689
12483
20567
31650
13462
8804
21072
98144
11606
30715
27587
10956
14732
12710
21288
12488
15449
11246
17082
10787
12863
15916
20021
15501
32113
26205
6459
74173
15025
10415
22793
19165
12306
6147
8438
619697
518555
75877
14557
12988
18500
125525
13374
17338
41086
31298
36508
59872
91480
14324
24273
11692
32679
11354
19280
7092
14724
593079
40136
20787
74436
10188
271038
66911
271195
69178
9963
25665
17440
18556
14798
18026
10418
12140
36590
18864
277831
18752
26055
541569
76737
11627
8155
13550
9788
16194
117033
11366
79561
17963
14134
25415
21267
45518
19490
27213
71323
43375
31795
18636
21466
9605
11645
19339
20166
113564
31675
19739
12985
58837
16448
24955
18907
8315
29001
58716
11443
21397
16070
12351
11811
7035
27070
95917
31315
13042
84952
128946
66418
31599
19615
16205
31198
50665
13909
30575
24061
13605
10892
14198
21016
14395
30630
9108
112938
8044
85807
10332
18397
622634
33913
11999
50898
14974
23509
13668
26139
19923
15509
6903
15455
10004
31358
23819
18760
19993
50219
578772
8234
60591
21005
75263
31389
60420
81393
7921
15818
12323
23132
16848
42122
13127
13473
19654
12909
14512
117133
17930
8817
527099
18400
14814
27057
7959
13929
15614
21749
9833
22432
9417
14336
12111
22861
34673
10745
15387
76555
7973
9498
9098
17277
72873
109157
10624
21538
53690
915523
12639
18211
20139
643760
48493
9096
20755
10848
10996
70340
12730
17279
38572
12733
7749
20552
15958
24272
15011
14664
28522
12874
27672
21828
43180
18163
20890
15601
9641
10782
28768
11457
24572
14826
18977
8879
6264
17942
23052
32254
614599
10249
10052
17580
30277
15061
79378
17523
39653
11496
13562
15896
7321
14840
18491
15899
11190
14002
54990
21461
13829
26313
16698
17303
41601
7704
11417
13927
12878
11117
21387
38249
567587
15537
15668
7559
20052
18241
9801
27085
7649
14697
19591
13235
97498
72869
20267
13635
23030
11086
532146
58454
11002
579602
9172
22625
18342
11787
6035
5572
596451
197909
13708
96179
9080
70444
115228
74446
11404
11872
7896
106638
11669
19166
110361
7406
9263
20502
26594
16613
10789
7142
14684
20723
11468
64919
11775
7442
23546
14461
14162
16366
42772
13780
15298
8895
25566
47680
26525
25348
18260
18316
19744
9671
12558
16893
53724
9091
10256
15529
7236
27173
9528
25480
31985
70540
83838
8563
21401
34865
7990
8906
14932
28152
7220
15672
23697
11870
20671
11431
17747
26073
10169
19100
97469
114382
21642
9192
28920
20716
10549
12023
9723
11492
10205
18978
6363
19652
7633
18080
125961
18370
36228
11749
11133
53088
12072
65909
21779
6796
5995
116285
20296
97551
75187
26969
50620
28011
80734
123557
22825
5632
48429
19815
126515
15897
554166
16854
7863
21982
70018
15742
21814
22644
38329
17365
15843
8484
14430
14588
59613
72482
11438
12697
18037
7305
21790
71220
36214
388585
20594
12168
11452
14498
5356
71036
13159
9237
15103
16929
11090
26663
24797
6851
13200
14784
13077
8853
9737
9341
29098
72268
31241
30456
8139
16771
574492
14831
21531
13522
13765
16934
17830
15823
24856
11593
48840
47980
16336
7480
25742
13286
15652
19167
9450
66592
14407
7813
11185
8975
8839
12956
18007
15674
11742
15906
19047
77924
25844
11096
43288
19007
7012
9366
8534
4645
12438
863828
125158
96897
13921
14465
13123
318107
12268
13689
18726
20769
73338
16605
17112
18558
23205
13481
11723
11803
22987
28060
36079
6782
35362
10299
22457
11139
80325
54830
19566
74419
11053
10940
26944
11331
18673
17011
18710
24879
21690
27064
14972
11609
19711
24657
8307
14399
26325
12629
16949
13623
16399
13034
107057
17568
572305
9106
17081
15090
10450
27025
26008
19323
34596
24523
11319
117347
23805
33503
53988
18435
29956
11960
9202
11683
31223
14756
39070
19155
32948
9153
23124
13666
10286
23492
651064
14063
16228
39868
7936
10220
14920
110659
13864
11018
14941
39439
11477
10132
18735
18668
72935
11885
20364
529176
128048
13545
25788
15355
283113
27964
18194
23316
11416
10972
117387
12424
21705
10783
594081
14281
20590
19936
13754
40738
12433
15272
43268
18567
17056
21940
5937
33483
7128
26851
42350
21477
9867
8557
20193
27016
19106
10277
11022
74820
9658
31130
10269
39953
64854
10264
36448
25429
14912
14774
26642
14126
9534
27410
30780
16414
18235
9546
6232
22534
15064
28717
17165
18043
12253
46884
16932
71822
10365
19224
26358
24513
15166
19829
65811
16015
128622
12866
9121
9634
30843
23318
11892
440855
14113
9551
78193
23066
56349
27847
21751
15577
12605
73965
6905
12271
15080
10818
25041
12409
12118
22339
14153
8552
7030
12604
17895
70811
121579
73325
90997
51552
26482
24203
14799
8989
35440
26391
6327
39537
19197
14872
9502
12969
15468
8207
13239
8593
8100
18646
39546
7818
12093
24721
11363
6207
37064
8605
20880
34080
22064
13875
22042
19801
71654
17799
20356
26174
23877
13577
15774
551641
15480
16803
6476
20270
16048
12685
12719
18215
14473
34254
15858
14734
34105
24788
66511
14894
7125
4890
13444
18294
36785
28407
8628
9845
115953
15657
24083
110233
22990
43289
5943
21306
14116
545555
12655
71812
95638
21984
9516
23703
14742
8362
25985
34547
15399
9586
13726
14721
14306
10455
14824
73670
20670
13167
13196
10077
10927
15066
10012
9642
8984
16696
6383
7804
48618
568973
590545
70040
13565
15551
115831
21958
20399
16393
11165
81400
28308
38894
48116
21019
22454
129176
14712
7689
547474
28688
576762
10673
8540
14837
38628
21758
17466
67241
6146
322619
10377
15829
10691
11677
17569
18937
14892
16911
12584
13618
28748
91161
54518
10764
10724
20715
56742
12504
19852
12206
807547
11702
16924
16062
9500
15044
17543
20151
40405
10595
16307
13201
19635
108711
74093
17652
9862
11276
16334
12041
6237
10198
20277
10786
14963
14071
28030
25445
19979
123663
20783
15215
14031
13229
17055
17439
25324
20924
126457
6965
12675
81396
21991
22173
15751
20075
12811
8250
10644
15088
8939
14813
19940
17694
10506
5281
38963
10434
21025
23149
541672
586825
6667
12678
8078
5543
8428
18108
9718
28212
20040
90734
23701
42517
31003
14682
19107
19826
26649
125489
22147
55018
33340
11462
12502
26142
28457
13575
20968
57106
13905
15365
20859
13753
13598
15973
77907
8596
119346
11933
29732
18697
15327
22527
87319
11880
542417
28493
24428
13024
28526
10114
7664
25314
38233
117331
11986
13963
39914
15669
18537
14074
12267
20300
17692
113990
20312
9735
19040
47400
5788
18507
20711
16678
10413
33616
21645
8093
29173
13986
15163
10046
30267
44186
9789
26392
8663
31486
29596
9328
76251
6504
17363
13217
92368
12911
13870
12359
28016
79553
11126
19823
23949
24689
21739
11675
9201
13895
16454
17420
13865
42647
67205
21996
91128
40609
818848
583906
14674
10021
6813
22304
12028
95832
8886
23606
223334
12013
33311
96437
31524
19184
24216
15185
38007
22341
14165
73559
25486
56800
9871
39048
14703
116795
9213
18086
12197
16578
9808
7481
19686
18407
24564
22215
24809
9012
21310
8343
31933
14699
11704
15171
72537
25858
49632
11943
35761
29659
13006
7929
14750
12849
8045
13697
23209
24336
17434
19410
80946
11041
8729
12452
17669
8529
10409
8978
11913
12881
15055
19678
9232
14337
62037
8297
21926
127981
10715
26941
26690
5624
14618
8728
56467
20823
33754
22589
13594
18084
12888
22011
20268
28758
21809
11429
12380
12831
24085
23558
29468
48416
37296
16988
33005
43509
9044
12959
10442
17132
16510
13113
11244
3332
13295
95109
11094
15640
13567
81571
22857
15194
126805
13518
67195
24110
14955
7602
19076
11660
14406
22842
18741
10304
10903
13958
70032
19731
95905
532486
10967
18514
9282
17065
11120
565599
10139
11052
12496
17776
9869
11976
25339
15012
14489
15371
14428
128841
22882
15454
15516
20902
9785
77296
17856
12181
37282
10594
17781
11179
10583
23369
11797
16104
11859
833418
19366
8627
23662
14222
14421
12611
10637
21559
9215
11210
112519
43536
10311
14841
12828
7313
14893
75610
74941
62038
17373
10627
10279
11680
18417
26343
76973
122224
14738
16640
14926
14305
12682
7547
91609
11031
12119
74923
13067
13064
4869
15069
11320
17136
23863
9472
15658
108826
12872
27050
14989
31098
332492
23851
7659
14771
12885
14166
10162
23279
38644
17576
27590
16037
74518
20830
292736
12495
10177
21130
13272
9311
7893
24628
45056
26885
14497
12752
6623
10400
5186
8664
124959
50398
17348
30706
32527
11147
17650
12816
11371
18591
14916
933118
15098
19039
17819
16649
12924
29865
13642
32858
22452
16195
75574
13831
15749
21125
12951
31665
179259
80492
22687
17447
603260
25297
650890
546924
117057
19691
65797
17142
95715
19420
65816
24771
17884
8208
13336
72189
23385
27353
20049
7951
67920
91875
7900
18886
34147
9919
11619
20871
14834
13385
21587
10887
18843
35238
5103
33928
10788
11762
7055
14823
16691
19687
10182
9306
9640
11348
6473
25201
7290
6404
7549
11343
339206
12403
14787
10937
11403
16318
11626
12778
13084
15019
10196
13379
9193
7117
16519
10679
8263
12191
14055
14260
8412
19079
13536
123497
20347
9956
9325
120350
10115
20474
10359
9807
47458
40763
53274
11708
20076
18044
12342
13354
31839
21826
22639
17222
15673
16714
14418
8907
16798
9824
6921
6864
11355
8064
18483
27809
13466
8691
4653
10272
97737
29934
579947
19911
6694
22564
12165
17632
16880
11445
10360
17266
20437
29064
11312
11661
18313
160874
24294
17251
20633
863933
109576
11271
11426
10866
18657
16681
19386
12512
25866
56587
8803
15280
50823
18341
9687
13959
114981
26458
14874
80529
10298
44993
15784
26721
60782
9394
18598
9813
16259
29148
116642
10154
9866
10969
13163
7218
19310
9332
12739
14355
10584
8594
11444
9256
7518
19930
7296
125013
69053
10611
12877
35127
27899
6575
22666
10520
14662
18993
6158
28102
8066
75381
26422
9174
10672
92904
104643
12858
15204
13271
15769
12239
8580
16300
10911
11306
19350
16933
23570
5036
10336
14310
9725
7342
16424
7769
11568
20767
113643
11707
10924
14300
22396
26416
81426
43889
7972
12431
13628
14318
12444
17342
14548
8575
15269
11739
10326
23611
12305
13461
10728
9116
14155
13983
12455
35605
11632
12950
97403
8467
19399
14453
14135
9677
17815
97818
11048
32938
8323
571137
12312
7246
68393
53589
19714
18466
23727
554101
60210
15311
12376
14946
120177
15813
12844
8141
9456
54981
80315
8820
22245
21277
29936
17919
22455
11479
11360
14338
20512
15432
22135
15301
13408
27567
19684
26990
23122
15990
13630
14737
6536
10073
545367
96272
9597
14973
95379
20024
50715
18332
75583
13302
33998
33627
13651
19150
20208
21087
25584
8585
16163
11998
13371
9616
13686
11843
5759
12281
9670
20260
21194
19622
7366
29410
10540
14601
8142
41341
18785
24266
16215
7273
10559
10174
14910
8709
95706
20738
76596
14378
10682
8268
18981
15439
12508
10116
10810
14445
20035
10308
15110
21852
9069
12263
10412
10194
9903
24941
54096
15208
19867
40116
12147
12313
14760
15696
21917
15892
11861
12570
7982
12408
18562
24485
6386
8937
13249
10043
11697
16052
8463
11963
12786
8124
13410
20806
15276
15526
6579
13029
6165
12429
12517
19959
77302
16436
11927
16199
10092
18249
9308
16305
28418
10855
27735
14046
70788
14070
21117
6600
19434
9650
13323
12154
29027
12680
32398
11741
20918
9886
8236
16705
12388
18510
15603
72343
16664
11752
17860
16361
14635
15874
36832
377604
127110
12691
25151
71573
114799
31222
15267
8568
27158
20825
13197
10880
17162
10606
20125
24822
18576
10086
6836
5892
18441
9024
121988
8943
15754
6902
15839
9358
16368
11944
12469
16585
16341
13694
6932
8809
13172
97213
33203
68793
11776
114748
29709
74586
14649
8184
32785
12215
17955
8172
13868
6675
15943
6200
13288
19078
14850
12756
20264
20073
10547
17804
12848
19775
43640
17835
16287
12097
20383
6634
18650
9467
13472
12532
12990
15781
23671
15940
11134
13943
9991
5318
81831
10600
40691
13993
19009
8218
11341
14651
16143
7565
888212
8239
73185
24080
18029
11214
18161
10650
16886
15357
13206
7886
18984
7267
13966
20654
9452
138387
6642
9129
12101
11844
12069
19707
14312
7188
10199
9493
10487
13505
10184
8885
10852
7715
11359
14680
10766
19401
13256
8265
24153
19701
19932
14078
12042
5277
10891
9921
12662
52070
10984
11251
14179
17139
18268
18384
8678
8807
16485
17546
6569
8910
14723
21446
5146
9855
6666
22223
10333
17810
7169
7449
9457
6794
10665
11785
14139
9794
9610
9317
19604
11092
8261
9864
22569
19290
19571
16571
13312
15422
7566
6486
19181
5622
7444
649606
414952
67049
43494
17323
627111
596146
26506
65831
122104
13676
10742
16801
25777
15003
13579
14254
15462
10781
15400
11905
15115
8334
11561
13835
9674
62005
53783
17246
16823
18776
9259
14450
37849
11665
17295
114994
20230
39886
16224
14403
11706
10405
15176
9986
11670
14731
37528
29642
7123
19927
8181
10373
11644
19577
19179
18917
15737
19719
22501
17924
11820
8159
156422
10968
22368
9387
6379
65744
67075
11448
16147
13121
13507
17933
27948
68850
567995
7514
97018
19564
18818
33539
12510
6289
10103
19412
11082
11028
12304
9412
15936
32246
11774
10215
11127
14599
7185
7879
9435
7148
9363
11391
9763
9668
11155
14835
22154
19052
14391
14358
8567
12964
16115
13826
19130
8964
14000
74058
11647
10953
16967
10964
11195
26066
15567
11232
9074
17167
10512
6168
16647
18024
20785
23304
27763
7630
9683
8225
12208
7427
28411
10488
12793
12635
59006
9805
6519
18248
4752
10245
8638
10930
15830
13578
26013
20397
8863
8034
12973
21134
19845
10110
5417
18877
9197
10815
13661
6863
8005
6508
17312
11375
10851
13329
6850
8258
11720
16970
5299
6749
5310
14923
19904
116839
24285
14304
13533
9601
16098
14011
11981
12623
41507
16278
9327
6529
4022
5621
6849
97536
641148
127717
20047
27143
16900
11853
636759
15627
17201
18924
6995
15096
14441
7859
9849
15918
122879
15016
9378
11346
32340
11136
21560
352077
22735
22180
116417
9929
25790
18767
10719
97696
10070
10689
12196
24368
96319
18789
8492
6365
8808
9391
68110
53375
14449
14555
120100
11746
17075
8197
20194
14435
12123
14776
11121
65359
7034
26175
13819
17901
9095
12590
30012
10209
8135
14044
14749
36511
27534
11288
18545
19670
9204
9440
13535
8856
16461
10993
18739
9959
9926
13252
11824
15589
18895
13392
4917
9941
75110
14032
10414
12564
7047
14486
5446
16376
11559
11084
12981
11580
5586
25828
11344
7840
13979
9850
10638
15910
9111
5911
8279
18918
15380
8695
11015
7429
8680
9351
13458
13520
8403
7974
6241
22101
16761
10555
19511
8790
10320
13226
7173
12814
36346
15216
7687
16719
12980
9796
8544
11249
18347
16047
11071
9561
9741
12321
15979
16306
12620
7631
273807
7957
6578
5051
8517
7765
8925
12370
8662
11135
30621
12063
7811
7858
6859
11922
14039
15352
8462
18509
15722
12551
9504
23530
19794
11347
7757
66019
10428
19532
9339
9835
12738
20659
6745
19094
10834
10533
7933
7064
18437
14789
19468
91940
97144
29673
17381
55002
13218
13071
117930
18180
22503
15374
53933
14343
16122
33603
19702
17267
15593
19920
12799
16207
10422
8432
14298
13103
36891
9773
17298
14677
568001
10570
15128
15034
18015
19550
30029
95995
25356
15482
67444
17050
8969
5598
11001
11266
7090
10987
6805
67038
13609
10895
12092
17473
7588
13749
75794
11110
17527
21126
11206
25537
15150
15460
18247
6890
14003
19449
21999
28819
20410
15884
8946
13675
73301
8633
23483
13143
11806
18147
6080
17574
15662
14667
7670
12776
11642
8392
19194
12594
11056
11589
8731
24958
15535
7655
10343
13008
33375
15345
18304
11781
21325
21106
20858
6771
18148
11874
6615
8431
17606
6182
8725
13509
21096
6613
7846
15328
7343
13465
4297
9449
9878
8962
5512
18019
13679
14340
12780
11241
14513
43462
14657
10380
5798
11654
8427
17037
6999
5116
17369
12094
6070
12021
11330
5144
10111
8508
67248
12260
15706
9928
5822
8475
9979
6669
7763
7501
14580
9292
8232
66754
10017
5786
6273
10932
10187
7861
10727
6886
12344
13094
8266
6599
16901
16285
8026
8707
12539
9219
12569
15510
11314
8622
7698
13659
11199
15707
12706
22349
9288
7374
7901
8949
5139
7794
26829
8081
17083
289243
19319
15351
7072
56331
44836
89238
16437
8280
78990
14504
17209
14598
60225
551741
23854
73577
10562
9334
19610
13355
15127
15507
70235
77555
11793
27118
7235
12915
12516
41701
15553
17788
64850
17827
600635
10145
6452
21662
29123
45741
12525
14911
14646
23778
120317
19901
14220
7402
16638
10949
552895
11537
12132
11357
9786
16417
22067
10429
26585
19277
15636
12492
5858
8810
10040
8916
12894
16164
26143
42808
14480
11324
14629
6417
12474
6285
7384
30602
24011
7782
313984
7856
116514
20060
10392
11939
10629
9710
9203
15819
20278
13267
15800
12815
10961
12636
23542
19510
14454
8103
14802
12378
11471
10618
7637
7663
11174
7415
19864
7497
121464
6431
9354
15799
6244
8801
10006
8378
13157
47479
12228
14815
9480
8548
15232
9016
9996
5158
9695
9793
11879
11779
8974
19388
9470
11291
7752
6645
8165
5655
6915
14607
5964
14119
9220
12918
7459
13907
11125
10565
7421
15299
9418
5577
8506
11464
4204
17635
6405
8422
18273
9584
6712
14584
7357
9957
8503
7721
9647
7266
9254
17990
9045
5850
8257
9133
14621
5597
9469
18179
12420
11405
9337
7795
10142
5028
8904
17353
6737
5095
7669
7672
5296
4633
9638
5128
12308
6809
9048
5686
4500
7580
6187
13437
10975
6049
9379
12529
31738
9532
10812
9114
10553
7359
6039
9235
9214
16367
9922
6696
7080
69697
16390
24452
19237
91353
45237
18272
12296
26315
24131
10059
11273
24855
8435
11263
121776
13372
26177
10124
14368
10587
20680
19272
12434
282866
15882
23870
21243
15377
528567
11657
10347
65710
7026
12668
14244
12576
11804
13150
24857
127238
6478
7837
15985
13844
10421
15265
18213
10879
14278
21047
96526
9344
12453
8440
12346
8765
23392
13316
10338
11178
7258
26882
5962
8982
79916
12949
122420
14476
14909
14211
13165
5151
13490
8924
17467
12695
8730
8642
648732
22920
73196
18738
7871
18028
17599
10316
9287
6411
60677
10515
8951
8902
9055
14702
10105
12187
17499
10328
13872
4248
14475
10321
6458
6750
18824
12273
23433
15775
6453
15209
14345
10453
8891
6622
11917
13778
10795
12145
9152
5530
16467
12393
9745
9403
10578
18949
12399
26927
8429
9488
5292
66556
7154
6959
12182
10876
10155
6722
13705
4791
5284
15782
7820
8621
16017
15087
10007
6719
6997
6287
13129
12002
7542
8125
7328
6443
5372
5821
10250
11882
11379
8128
6063
7411
6548
16081
4634
19017
7257
10980
10126
11634
14490
21409
11413
9369
11641
10902
9280
7198
6571
8573
10649
8606
7535
6498
4864
12574
22348
20396
6382
4556
7102
11945
7289
10941
9820
13341
9297
11839
27663
27802
7271
4519
14570
9520
5164
9748
9746
8645
25173
15755
8872
9104
7476
6728
11066
6824
6563
6364
5273
12742
8871
7330
5039
21654
9776
5424
5966
13650
8051
13262
9490
4856
7438
7652
4143
5467
13001
36724
8913
13044
22784
18942
6534
14384
11076
15837
10071
7907
9859
35790
25212
22241
15450
36200
25500
23015
73217
109329
10125
23256
17230
72056
40529
19729
7582
16686
7685
9015
23135
33548
278599
275275
37789
12160
21535
26223
95759
15002
122701
8577
18116
12975
27428
10586
9383
13891
16230
77122
13587
619785
31303
11353
17223
114963
5037
68924
15187
12601
16357
10744
13692
21245
14805
12783
16401
8767
18851
22168
20753
15671
14291
9853
14316
13851
21452
20645
12129
23566
11721
15929
6984
16595
10108
9618
6602
15229
11078
14363
8324
10424
17702
7897
12673
7201
5925
7848
21618
6392
10317
9166
12372
20163
8837
4815
6209
23767
17320
7437
14080
12188
11212
6475
7307
14138
5244
7190
6360
6679
16350
14285
9478
9960
6741
7376
10701
7874
10499
7106
14531
7351
5887
28653
9749
13284
10087
10571
9624
10931
8862
7495
10036
7644
6707
7762
6688
11316
6495
7241
8023
8490
17352
13720
12133
7913
3483
7353
14361
7466
10596
11552
7233
7916
16468
8106
15049
13540
6216
7005
7657
6425
6308
5889
9881
9290
5221
8267
3401
37286
6236
9547
8409
13373
5895
9236
6426
11865
6606
11156
5917
6337
4449
8958
5540
6497
10463
5692
17567
6348
4302
7219
14525
10966
5131
8054
5531
8430
6314
7872
8686
11310
7232
7071
8704
5781
8554
10045
7163
6803
7989
7510
5408
13940
6401
9927
10319
5811
10498
8786
4881
11889
8111
14571
8515
8768
10062
7294
18757
7641
7906
7279
5997
6446
6056
6384
6089
5974
4275
9041
7286
10339
7755
6664
8028
6950
7210
3612
9474
5716
15481
15517
4242
22921
34431
12914
22821
12890
9557
34927
19580
39632
25250
23668
618987
13908
10777
13622
10846
15927
11562
16596
95113
13351
612948
7646
90604
18281
8742
7350
23710
8313
13728
6808
12800
14880
19298
20263
32802
17404
20485
7310
10164
19456
12233
22358
15372
14534
11851
10933
17749
73327
20822
16908
11625
45615
36882
10645
9374
10153
7671
14631
14654
23878
6723
19163
9994
9386
9082
23524
6717
7662
18717
15463
21379
6535
13541
15703
15905
14957
9982
8042
12462
8646
7197
12518
19139
9360
10867
7050
18782
13301
10075
13617
10008
6011
15720
11849
15789
9453
8021
10243
15465
9281
4985
14516
13969
15429
6248
17034
15565
7119
8648
9061
6811
8116
111789
10693
8926
30834
6815
6632
9688
5653
5129
18908
6450
9509
6514
7788
7591
9942
13388
13485
6210
6687
8847
12320
8381
9076
7625
5015
4829
5659
9777
5728
8314
7699
7554
4771
6852
4140
11914
6510
10704
5282
8914
5829
6827
4919
11390
13174
7880
11520
6275
7816
15846
14374
4695
5247
7484
7440
8049
5365
8375
8841
6893
5258
7058
9140
12043
6085
8480
6577
8849
4766
13230
10106
5495
7928
8654
8168
7586
8401
8514
6223
14152
12737
4857
13305
10362
5414
9559
18587
6732
9346
8188
5035
5224
6169
5863
15113
7836
5012
6117
9291
5752
9981
9884
8542
5735
8014
11822
15071
7393
6668
9067
8347
7158
8859
5978
6568
8751
8364
5555
13996
8934
5698
8976
67203
8144
7347
7825
4991
9109
6686
8057
7013
11061
4451
6810
5290
29991
22566
17485
19909
33823
22333
68165
18171
16269
5855
13854
12113
11794
14431
22051
93171
6654
6785
34793
4803
565330
23541
19396
6172
8426
639577
92236
12049
9194
16087
8774
556966
24563
16403
15390
42837
277975
90977
29241
39661
23148
40259
24186
15405
653348
28344
16531
19792
12853
22443
18475
110389
14537
7468
19727
28617
10741
9714
14247
26609
10275
11011
12648
21578
19595
48033
6542
10809
9002
20811
12484
12148
12193
17347
7534
10588
9870
9822
5392
25382
21731
8336
12098
7159
9143
5783
8166
10407
10989
6969
12781
4440
8749
14020
18873
8344
567076
13265
7824
7799
8415
8620
10140
14715
22483
8784
12454
16837
15852
8923
12846
6683
4654
7640
8327
8444
6704
9806
12936
14367
12039
6601
10767
648336
6879
10718
6119
14758
6128
19672
10905
7132
13183
6802
9216
7712
6083
9092
13035
8626
7373
5058
11838
7332
6586
6393
5516
9604
7537
6261
9496
5833
7002
7647
6482
8960
10057
8298
7926
7603
10219
6099
7378
11613
8247
6065
6818
11560
3852
8319
8553
8038
7178
5256
13340
7790
11653
7545
6375
8811
7464
4086
9944
11253
6705
6030
5154
9396
7317
9035
4543
4937
9066
7259
7389
7365
6214
5736
5754
5615
9313
6503
7431
8238
11581
5313
6923
7968
12465
7558
13268
11929
10441
5380
6001
8905
8303
16846
4831
8068
8842
7140
7736
11030
9595
10241
7527
6964
8389
6817
7410
7312
8703
9518
8003
5043
6976
6800
5854
5538
5181
5647
5086
6122
6303
7778
6336
9821
7416
6718
5040
7001
7014
5068
5648
6469
5860
6724
6349
10060
4587
7392
5725
9059
4354
7213
4875
4924
9229
8824
75120
13431
15287
11578
311073
14901
78722
31496
11602
54339
14066
12879
530750
14142
15210
66419
615924
9799
26707
11571
76224
15417
13004
19937
8634
26183
16476
10900
13547
10663
25272
55859
16028
68833
136870
9655
14025
10923
11840
30741
10386
9043
13890
9027
10151
18976
6790
72324
22925
19668
10082
92936
7829
11040
95984
6729
8027
9690
23596
9294
13869
10620
7595
7839
6867
7354
11620
34771
9198
22088
7850
16469
8532
15297
10837
12199
10828
23850
37982
9331
11000
9137
34677
17514
6466
10047
18955
23423
9913
12957
79713
13886
9814
9371
6928
11137
11713
7325
7507
6132
6267
5894
6396
13718
18356
5250
14034
11300
10807
7029
15238
16923
14488
14192
8487
12573
8146
13737
14864
6409
8216
9772
8151
7088
12610
8095
9413
6580
10608
14733
7254
11810
9750
13214
5575
5827
6288
6316
8823
8067
7869
6962
8994
11554
12587
7311
9802
8102
8074
10168
13612
8615
9865
5557
5452
4731
10541
10640
8531
8901
7735
12702
6833
7729
7174
10089
6652
5229
5161
6269
6930
6639
4657
4833
4827
6515
4908
5510
10734
5749
7061
4566
8134
4030
5828
5782
5445
6747
7587
9743
5210
6653
4751
5558
6309
3789
4778
8711
4694
6920
5981
5571
5920
6574
10263
6703
4990
11428
5748
7479
10289
7403
4957
6792
5565
7463
6472
5236
4632
11817
6974
8143
6558
5820
5423
5733
6095
6774
6194
12925
4758
5022
5222
5491
9491
5153
6397
5832
6257
7255
17714
7754
13571
6027
11605
7985
11012
6114
11600
12470
5494
8650
8365
7110
4315
5260
6605
7226
9105
4870
6693
9762
5685
7764
9211
9086
6101
5431
6951
4773
6982
7161
9433
4425
5751
5456
5994
5825
4175
4137
5327
6046
3783
6311
8857
7420
7038
5009
6156
6010
5670
4904
4161
5109
4905
5026
6788
4989
5796
4764
4433
4866
629272
10076
65746
10897
9728
6429
22082
13527
94545
12761
16001
12804
12162
26253
122874
45927
8882
14168
15474
14056
8211
27471
27192
11293
24412
9912
8747
13021
7724
15963
17996
44328
71961
15385
14051
9305
9704
16748
21485
11112
10659
9025
11260
27620
10227
10612
12171
19499
34436
16379
14101
14264
11460
11406
19022
8002
27777
627722
15725
7124
21644
10808
14463
7456
17077
13747
9628
16763
10290
16494
12004
18178
15564
7192
22897
9550
6077
7963
51846
12027
10712
14529
11208
9156
8478
11033
16173
12048
6437
6540
13231
16268
6180
13115
7648
5963
16034
11623
15619
22267
10364
21635
10235
10962
12809
13030
14622
12653
14375
9414
7797
7333
12646
9930
5451
10919
6913
11948
8748
14484
11923
6277
10051
18835
11097
9424
7008
7443
6344
6691
10580
17283
19768
17974
12091
5535
6994
11332
10042
9630
16168
6408
8865
11958
5246
9376
10102
6572
9345
14566
10700
7426
5315
9040
11715
7860
11215
9969
8345
7085
6825
7882
14104
13140
8382
6133
8631
8433
4684
6556
5941
5191
7852
5856
8693
10602
6983
6266
6211
7772
6290
15538
10285
5405
3275
5027
5694
4513
9908
7355
3938
5679
5350
7622
6720
8377
4894
8157
4800
8029
3466
9838
4861
8309
6793
8245
4680
5760
13813
6262
8237
5840
4251
6190
6020
4088
6934
9570
11039
6614
4775
5301
9050
7270
9856
3513
8339
7208
6162
9598
5741
6456
5836
4780
6848
4261
3791
4405
3954
9961
6362
7970
4580
6013
4505
6278
9260
6910
7914
4835
6084
5067
6591
3944
8058
5789
5604
4719
5522
7865
3835
4093
6499
5199
5361
5404
11596
8226
11116
5592
5049
4233
6678
5355
4348
8502
5348
6731
4952
4797
6292
4498
7041
5676
6869
4753
5498
6948
6131
5973
4598
4005
4655
6740
6238
6468
5367
5088
7617
5682
5469
7500
4792
4608
4306
5563
4987
3935
8061
5242
15599
3984
6183
3986
3940
4439
3748
5599
3155
14424
19457
19716
17864
12016
16038
15053
64989
7419
20132
17891
24358
5228
17215
13489
11823
17005
546637
16966
31707
10521
13913
926931
6637
9669
8755
18983
12873
26557
22075
13152
18021
12373
114721
17076
15418
6221
15228
7314
32423
20000
78646
15073
16917
9425
23986
534523
12266
34818
10642
19031
42252
39522
11245
69428
39451
12110
11910
14634
13893
7722
11197
10916
9359
10875
24639
9230
17308
13497
15313
22670
5428
10255
11629
6321
19922
12150
18286
10511
11530
10845
11587
12976
9277
24602
14001
13142
5265
15686
11728
18665
13632
10431
14785
17339
12278
8331
7594
16805
8371
8088
7805
16466
17405
5576
8750
11771
23494
8898
10064
10503
10901
11113
11857
9501
9825
13069
11418
14572
7244
6299
11612
9298
7127
8464
12198
11295
12732
18604
6764
9831
7051
10440
7743
7032
9267
14773
12272
6887
7248
6690
12834
9239
4482
9393
7490
8138
10061
4779
13186
9999
12427
9682
6975
10376
21562
11453
8441
13586
12155
13281
11954
11321
6451
4950
11924
6896
8574
13613
9615
4413
7003
6924
7486
4999
4555
5743
10054
4568
8524
5235
7448
6835
9377
7679
9102
4191
8543
7399
10714
7249
5179
6870
7082
10433
4331
4727
6612
7262
8713
7372
6699
8973
10626
6439
8715
5063
7716
10454
3576
6538
4390
8537
5913
5871
6218
5406
6412
6141
6179
10173
7814
6140
9454
4496
6291
6562
6816
5019
6748
4265
3537
5936
5903
3673
4321
6650
6992
6247
7136
3899
5805
6455
5596
4865
6447
6215
5818
5195
4949
3407
5121
4152
8073
4501
3384
4660
3580
6333
3268
7470
6372
5527
9132
4478
3536
4314
7620
4876
6161
4121
3457
4416
7738
4214
6151
19186
6040
8264
5645
7341
4228
6871
3521
11590
4369
4900
4446
4111
4646
5023
4516
6609
7274
3524
4193
5884
4621
5110
4781
8674
4000
6371
3512
4280
4469
5824
4578
4330
4418
4379
4004
4495
3485
4051
4686
3564
5317
6341
3825
3847
4915
4246
6003
2918
2799
5429
5843
2522
4252
4177
5777
3405
5363
3648
4172
6736
3460
5111
3893
7550
6440
5198
4347
5304
4967
4464
4806
3698
4604
5046
3611
4163
4050
3721
3909
3235
4951
3421
3087
3404
3462
2989
4404
3070
3552
4476
2235
25082
9931
414790
94630
12059
12201
9770
30836
45029
15168
23216
21240
18069
72950
7777
13078
11546
7417
19488
30284
21259
13731
18989
22978
13766
9364
51206
80117
26478
17841
74134
14591
17134
17791
29777
635141
28545
8223
7922
10995
10439
23458
9064
7335
16738
16171
17380
127665
46919
12616
15234
9028
12910
23725
11252
10015
10211
29852
15153
7260
12618
11182
11915
7502
13494
13068
10005
10906
8175
21265
5723
7043
12892
7081
10729
8086
12029
8705
51062
19960
13716
11384
12970
15902
14936
7247
10181
6055
6973
20173
13047
5867
57918
12115
9322
10197
7018
8541
11940
11863
8154
10112
10963
10753
12840
18536
7815
15521
9494
9085
15759
6058
6970
11088
11075
11433
7541
4934
13786
11317
15198
8737
6032
10960
8482
19582
16656
6725
9660
8623
15544
13486
15712
18320
9588
8869
9667
7176
9243
11573
9571
9663
7634
9958
5359
7199
8653
5872
12082
9062
12256
13051
7391
8194
9608
6307
6205
13769
9101
8085
5387
6630
9430
10778
4320
9415
6557
9613
8361
11083
5085
18308
8814
9769
8449
9160
7867
10893
9795
6428
11352
5487
6674
8600
5601
9223
5269
6374
6155
5476
7546
7903
6416
9909
4283
6390
4215
11932
6442
5349
10502
5402
7292
6854
5196
8383
4884
14509
4267
9030
5561
4329
4483
3914
11486
6488
5115
5613
5503
6329
4089
4898
6105
6770
4020
5642
5922
7133
5696
6324
5013
9157
9722
6224
5393
4665
12325
7004
5536
7256
7183
5385
9617
6633
5890
7214
6909
6139
9283
6370
7327
5422
7006
4718
27917
5254
14456
4698
5521
7568
15408
5533
5175
6208
3998
3776
3992
6544
4421
4853
4891
4243
5089
5170
5394
5939
3949
4586
3813
4569
4787
3931
5072
3981
3529
4024
4340
3029
4395
3886
7065
7114
4223
4424
4216
4382
3676
6937
5145
2990
6015
4520
3555
4366
5159
2511
3585
4131
6217
3476
4123
3138
3659
3440
5416
4162
4119
4069
5980
4687
4474
4027
3785
3438
3389
4565
4232
3561
2962
3715
5959
3511
4094
3414
4995
3500
3233
2871
5524
4245
3296
5612
3209
5014
3876
3527
3068
4629
3447
3807
3071
3479
3579
3863
3021
3113
3663
3346
4075
6461
2827
3533
3265
4073
3868
2551
3132
3892
3900
2861
3857
26907
3797
6500
2389
54285
3289
11770
3540
6607
3677
3735
4386
4226
3830
3862
4332
3195
2413
2441
2673
3186
3690
4926
3660
3174
2655
2530
3240
3018
3478
2539
4067
2281
3523
2436
3506
2583
4158
3287
2459
3244
4428
2064
2993
28963
22323
8000
21787
87848
18508
11338
12958
17351
17595
15891
630186
8473
27660
107711
79860
86512
8603
23655
12983
18891
573389
21376
20909
9252
13344
13263
52175
34108
12773
14366
27365
15570
32010
16711
27812
17273
17336
70029
14171
8479
6735
12405
39207
18743
75141
17549
14769
17950
22125
9753
24218
16648
73402
13037
10097
11799
11219
15426
73026
9874
13367
12446
25534
15606
13059
8305
13445
18551
18395
11323
67220
6733
11798
18403
6399
6986
21160
12875
10939
7329
9003
5938
9181
18572
20795
68197
12412
9240
13796
7658
7812
11153
11987
10979
10430
6243
6877
7036
7111
14177
9444
7171
14320
11527
13972
7511
10603
7910
12194
7821
24872
13299
14711
6730
7340
6170
9758
6483
11183
8101
15857
6354
7604
14506
13283
5851
10363
13646
8289
11690
10368
9998
8899
7661
9809
11475
6560
8760
5582
4693
7934
11394
19112
9599
7899
9715
8016
8198
12240
9037
13758
7166
6980
9275
9967
7741
7826
6061
8050
10496
9541
7304
8321
5846
6102
5091
9155
9014
4471
7937
6037
9700
6649
8609
7475
6780
5030
5683
14420
6791
4838
12269
11659
7793
4845
6553
10525
9525
7780
10419
7627
3728
7684
6062
8030
4493
3495
3655
5644
7539
5050
8110
8569
9299
5580
5838
6174
5438
8649
6229
4955
8458
6952
6369
7561
7162
6033
6031
5797
7947
8335
6641
5569
7608
4132
4709
6189
6385
5024
4953
4041
5634
5639
4343
4249
4376
9717
5118
6144
4813
4942
5916
5201
4935
5401
6989
6271
8676
4986
6127
5458
4599
5033
5704
3860
3626
3687
4288
5143
6677
3302
4247
6814
4257
7094
4914
4911
4909
8048
5583
4272
3471
4256
6595
4277
5388
4441
3514
4748
3936
5875
8121
3601
4541
5311
5166
4609
3106
6295
5976
3451
4878
2923
5482
4145
3519
3531
5810
5308
2986
13219
2299
12782
4090
13419
3853
24848
3022
3888
3757
3145
3610
4628
2882
3968
2883
3245
3032
3470
2557
3403
3855
3744
3578
3200
3461
3098
4183
2529
3274
2805
2905
2902
3784
2611
4767
3957
2476
3694
2867
2776
3373
2758
2554
3480
3463
2592
3596
3962
2878
2388
2807
2819
2304
2412
2674
3163
2517
2669
3193
2544
3623
2589
3242
2709
2916
3452
3350
2555
2750
3637
3602
2763
2661
2987
2945
3701
3361
2597
3382
2606
2765
2510
3023
2654
2789
2929
2919
3181
2828
3472
2357
3134
2702
2738
2619
2764
2370
2545
3182
2430
2226
2814
2581
2736
2231
2349
3109
2442
3135
2239
2593
2564
2721
2063
1901
2783
2500
10699
2668
7942
2268
6069
2068
18557
2102
10685
2092
6023
2112
22085
33169
25605
10607
8825
18904
9523
14259
13484
9399
16149
13690
21140
17195
89103
21784
18470
19365
14124
24377
23398
21442
369251
9740
20498
131050
9529
21299
118958
9730
7651
109969
71481
10959
51393
72743
15831
92059
9077
23257
18553
10233
12789
12930
15070
10148
11233
580217
20523
9889
27496
21637
9535
10160
6185
37606
7469
15915
18744
11026
16064
118422
66631
20438
45508
7491
5083
20036
14412
17355
19338
21827
31525
11140
9078
17102
10730
11235
14968
15558
6589
4997
8332
7718
14945
4461
8437
13145
7696
5841
8743
11398
11871
4776
15578
12993
6328
10234
6627
26619
13502
16565
7593
10193
13282
10213
7385
7418
20141
11272
19161
7789
16915
13935
13515
18318
13017
10592
8455
10737
9747
6129
12577
24860
4388
8723
7885
7930
9607
11315
7383
8986
17849
13644
7509
7172
10010
17008
14284
8971
8562
23182
10130
6638
8911
13910
12541
10823
9784
6359
5594
7628
4954
5353
5912
8996
13041
7883
8283
7275
12851
6935
20099
20991
5470
11809
10955
9226
6175
6477
6317
6541
9970
16925
8643
13498
9978
6301
8932
7626
6181
14714
10291
6201
6936
5665
5914
11586
8812
6050
5213
7367
4658
7070
4726
6617
5529
7898
5287
12578
5307
5724
5940
4810
6711
8941
7911
7761
7636
6587
7737
7195
5248
5461
5208
8367
5623
4730
5184
8174
5762
8369
5758
6071
6395
5773
5211
5501
8806
6926
3574
4619
8442
4218
5769
4837
5629
3425
7530
4430
5727
4961
7360
9759
3423
9629
6253
5763
4572
4372
3606
5674
4253
2831
4150
4846
3861
3560
3498
5771
3974
6198
4920
4293
4683
4746
3515
6501
4854
3925
5672
3418
5945
5566
5084
3385
4973
3437
5305
5142
4438
6231
3588
4594
3203
2785
3572
3608
4167
4042
3896
2172
4708
4147
2836
2896
4326
3979
3707
3262
3538
3809
4583
3703
4241
2749
4109
3821
2737
4039
2526
3168
3983
3376
3977
2582
3762
2806
3313
2392
3426
2727
7744
3162
12282
2957
2305
8957
1957
2324
2711
2133
3015
3039
2096
2217
2632
2247
2080
2248
2185
2447
2390
2863
2208
2139
2227
2143
2153
2329
3220
2030
1998
2771
2687
2309
2283
2225
2536
1922
2184
2228
2672
2396
2047
2090
2109
2873
1533
1958
1819
1870
2558
2023
1607
2342
2421
2124
1956
2230
2381
2307
2091
1776
2985
2040
2162
2548
2083
2233
2360
1854
2157
1927
1874
1877
1871
1987
2125
2035
2302
2316
2433
2132
1872
2338
1903
1780
1989
1693
1751
1876
2051
1574
2029
2046
1620
1867
1890
1945
2103
1794
1562
1726
1826
1760
2081
8929
18263
16749
9768
16562
13619
27182
21967
14929
10231
10978
14393
15242
13147
21356
23314
19828
15495
18162
34748
6029
30919
3222
21892
2537
11294
2251
22025
15952
30598
14499
19527
19757
17016
34000
10582
16397
94651
5711
12209
15023
12001
13827
11988
16899
19521
14640
13867
17629
24331
76767
29719
12122
21298
65584
15880
9466
7345
18586
51629
8800
17484
13134
12440
18577
12374
6857
6670
8830
11888
24243
9765
10847
6315
18092
13669
9895
8828
12835
9582
11247
9920
8448
14373
8799
17688
26652
13833
5105
14582
5552
12404
9880
12854
14853
15302
5710
17387
11955
12553
14766
9142
24863
12307
6949
10305
10639
11104
84910
8460
16446
8147
8329
14035
12224
15196
8903
20773
8047
19763
13326
22307
10324
13600
24516
7551
2658
12302
2772
7864
14292
11800
10399
8149
15324
9555
9934
9764
11032
14075
8656
8578
19391
6019
7079
9135
7364
7202
7298
8384
6420
18912
13532
9262
10385
9296
24210
13179
9713
6142
16441
10538
9046
6763
8791
4784
8145
4334
14647
5984
7791
8318
10573
10309
10248
6137
12166
7878
8118
13032
7060
7810
6929
5113
6823
9834
8043
5928
4841
7496
5441
7331
6616
8156
8338
7524
6305
5194
5813
11825
4739
5667
4676
8090
6406
8096
8466
6438
6283
9437
5915
6551
4912
8209
18534
10836
7216
5102
4832
6702
6880
10058
6872
4959
8610
3816
4271
6546
6661
5946
5336
9828
5932
6914
5874
5298
3738
4328
6624
6490
4406
5168
20235
8360
6873
6761
7950
5119
5927
4885
11029
6212
5178
4620
5485
3545
4173
5793
4842
4772
5346
5331
4637
6306
5929
4266
4054
4417
4059
5066
5324
4282
5770
5865
4083
3819
4122
4371
3059
3836
6584
4975
5551
4859
4046
4701
4579
4798
5432
4153
5108
4009
3365
3012
4487
2664
4651
2627
3700
4510
3130
4394
4225
4103
3717
4001
4084
2373
3921
3953
4984
3745
5047
3640
2935
3557
3198
3820
3832
3448
3223
3050
4380
2715
2563
2889
2800
3212
2732
2473
2752
3952
2653
3368
2445
2401
3731
3206
2444
2246
2808
2398
2574
3249
3053
3270
2677
2485
3367
2403
2665
2466
2297
2468
2402
2624
2448
2519
3103
2397
1679
10827
2136
8727
2893
2178
6885
1792
9558
1943
11458
1938
25538
1979
17444
1861
9712
1714
2608
1603
1928
1537
1951
2074
1542
1438
2010
1675
1758
1963
1742
1647
1860
1452
2087
1704
1629
1406
1646
1383
1787
1520
1490
1632
1391
1350
1370
1678
1451
1557
1436
1138
1400
1284
1623
1341
1494
1317
1195
1321
1158
1486
1078
1146
1216
1293
1397
1359
1354
1432
1529
1356
1282
1116
1242
1057
1135
1165
1133
1134
1171
1100
1114
1117
1230
1215
1026
1006
127824
9779
12050
82813
30549
21098
37628
18305
37923
5377
89514
22636
16710
109028
299162
76913
9164
69856
111130
15179
7320
15294
10176
11673
26736
284106
44706
42806
14511
16402
18170
18671
26316
14302
21653
67899
13566
62899
11412
7352
13456
21629
15059
21630
15451
16141
13260
41797
14360
25970
9719
11008
11422
15847
66808
49486
23085
8402
4789
6933
16283
17992
13601
12514
10096
16909
27200
11154
13946
9165
18438
10697
7984
12262
15139
10661
11333
7413
11765
11191
7909
8635
17430
19099
75345
7770
8525
8658
18375
8866
11758
11085
15644
8355
5328
8328
5650
9285
6681
5122
12125
5934
16315
9022
8351
24814
10826
7552
11392
9207
11480
6597
5171
7461
14226
9988
7033
7446
8829
8204
9248
9955
11744
7222
8032
7969
9804
16177
11328
8685
27682
10378
7337
7505
13319
22035
14394
20088
8851
12051
7046
10518
9410
6840
9633
8349
11243
13366
15258
7073
8754
8692
9980
7445
8359
14009
5949
8935
7656
4703
4692
7692
9637
5987
9914
10318
8461
12066
9224
5857
3631
8133
6138
5044
5600
6625
4224
7768
9419
6987
3917
5001
5879
6846
16985
6671
15205
661
681
699
718
623
621
625
634
609
615
600
607
617
11504
55242
16775
112615
14380
18126
12243
12612
6481
33016
14210
14818
10746
15420
8098
13510
13435
9367
25054
22917
28831
12036
79436
105016
17701
10899
9619
7097
15471
11093
15941
6866
18425
3272
18236
9395
14549
9458
8647
5834
7118
2264
94455
6418
13664
1759
69128
1595
14980
1866
10523
6302
32582
2126
9400
6502
15359
5077
9798
3854
8077
3798
75415
1673
14670
8308
7845
6097
17643
4259
33076
6695
8041
1461
38567
4492
8260
15304
8446
6978
49440
12833
15333
15871
8761
6684
11494
9697
7238
16574
16073
7841
17744
8833
8788
6421
19254
25838
21532
544348
11655
13270
278801
11482
15667
16146
12223
8630
7450
16790
32689
8390
10107
21214
9081
10246
11345
21317
11261
5173
12229
12656
23365
20247
12112
10079
9622
14843
8870
5844
8357
7759
12247
10839
2372
11979
8292
10536
2271
9578
6512
13879
2084
15585
74074
6449
1909
4480
7186
12876
613140
70373
10898
5684
15490
6082
2113
12582
12916
4757
1617
8368
7139
4713
2801
8148
5209
5079
2265
17615
3409
13000
6150
7785
1868
16712
10721
13811
7966
12499
1098
6620
9020
18581
5322
7398
5230
9479
3298
14696
2298
5176
3636
6265
1753
10831
13513
11337
1583
7252
5654
10013
5712
6268
1522
16795
1511
9950
8539
10335
1681
8366
1543
6202
1856
6582
2675
24179
7638
9812
5255
6034
12723
6113
5979
10482
1088
7781
7730
5663
6206
4538
6115
5971
6135
8659
9065
4714
5289
11437
6009
10031
4606
7678
6361
4341
5123
5497
4716
3960
7334
5395
8241
6608
12156
4641
8880
12939
11959
8770
7686
7719
7776
4704
5787
6961
4858
11277
4450
5321
5341
6387
4844
4081
4732
5489
4711
4672
7042
4617
5241
3924
9727
4820
4932
6511
5905
86538
6680
6766
3878
6570
5276
1821
3970
17051
4453
13149
5677
9039
6330
8059
4573
8117
5956
19128
5400
8738
4087
5891
4612
8947
3411
6644
4558
2618
3692
7306
6008
1684
4365
19538
3763
2257
3732
4562
4883
8972
4663
6091
5935
5869
4601
16040
5093
3362
3505
3123
3259
3581
4239
864
3994
7303
5038
1034
5150
6347
2943
3321
3370
6078
4260
5112
2971
2897
4499
8831
3562
7958
3959
3441
5948
5809
3613
5554
4802
6883
3887
685
4976
3386
3243
2978
2491
3594
2908
3453
3396
15453
3598
1442
3702
2635
6629
3217
3327
2951
2182
2733
3171
3104
2610
2427
3295
3026
2443
3083
3111
2788
2683
2216
2759
3412
3805
2538
3569
2573
2833
2725
2928
2528
2150
2753
3844
2768
2461
2384
2327
2314
2967
2404
2232
2644
1859
2173
2362
1817
2001
2890
2678
2369
2395
2495
1936
2366
1971
2062
1988
1761
2027
1904
1779
2044
12290
1858
2003
1916
3929
1702
5581
1578
4116
1809
2879
1855
4125
1659
4389
1665
4092
1788
3415
2022
4254
1900
2926
1604
3496
1810
4344
1713
14658
1896
4327
1223
4700
1517
11257
1571
16839
2049
1265
1240
3881
1418
1093
1386
1682
1463
6858
1666
1224
1367
1155
1569
1124
1218
5590
1481
4164
1273
16913
1339
2972
1318
993
1276
3277
1226
1015
1160
976
1082
4237
1236
3642
1184
1423
1148
3342
1137
3144
1128
3685
1099
17952
1007
782
1064
730
1180
680
1079
706
869
2646
1048
6996
984
648
1061
9526
4472
649
1187
10217
5589
8474
3758
4860
3073
9527
612
589
8472
25551
5877
28058
81179
12084
22279
8510
14102
15323
9249
18759
13343
23693
10138
9760
12591
9549
13233
33873
36009
16453
12904
9289
13043
75108
65749
5768
12327
31199
21815
20782
18936
12757
49592
21775
22385
32226
13234
626387
65669
12285
18259
15233
6754
16312
15762
35934
9678
4717
75306
78262
12580
16284
26350
6532
16174
1791
11778
14005
13010
12231
10575
810
12024
884
8465
20103
39510
767
7149
731
24821
772
6698
5101
15602
10221
18906
7881
15683
15331
7890
8189
23111
624
13805
4401
8363
17969
8818
4313
11313
629
8020
29160
2311
7598
2855
19625
3211
11180
9409
14231
13793
5197
11725
11564
16029
71158
10888
15713
13711
6957
11522
15250
7109
12660
19351
18393
6345
6435
10483
7988
11681
10657
5479
9189
8450
16388
7084
11864
9836
8625
8301
10484
9702
16645
5447
13624
7066
10564
7134
4925
8736
7979
6596
14768
11151
8150
14351
7297
9774
18376
5437
9455
6643
7428
15561
16394
7975
1848
6259
14947
10915
1576
7571
3395
8836
4491
9531
1484
16577
1089
6281
1365
5876
1262
7513
1892
7983
1924
8414
1458
11852
1412
4582
1126
6819
3504
4992
12225
7319
3714
8193
3971
6709
4268
5774
9623
10225
1204
7723
998
5921
7803
10410
3684
9517
14214
5839
17513
7318
9780
6054
9512
13781
887
8948
11869
9058
973
6592
6079
4818
1023
3653
5295
8152
6549
6284
9427
8717
8813
6829
3897
5263
7703
12559
9463
5262
7654
6598
11072
4929
5187
5548
7269
13918
10802
4557
21359
7250
8281
9401
646
7203
74568
27180
6120
635
12607
2787
7177
2816
23653
7130
6400
631
12891
3761
16148
627
8205
9875
89325
8741
5240
4333
5459
4229
4503
7817
6274
5232
5982
11184
4667
9019
16627
5333
5466
9916
7379
4014
5271
8001
4357
4196
3563
7122
6445
5048
5904
6895
4613
4872
4509
6487
3778
4545
5506
4462
3522
5386
5163
4308
4053
5147
3867
4882
4511
3767
4186
3347
2934
2790
4811
3547
4120
4799
5556
5140
3980
4227
4980
5886
6325
4512
3822
1547
5591
1373
4754
8222
4828
7156
4506
34368
2657
16016
4016
23442
4850
3865
3391
1059
5135
1084
3269
1142
3288
1228
5193
1068
3051
1316
3901
1025
3517
1043
3007
2642
3951
6954
3898
2885
3995
3786
3416
4902
4015
1016
3719
13670
4745
13274
3848
4317
2938
3666
2701
5896
3315
5384
3582
17414
4575
5283
4213
3090
4336
16608
3124
9460
3094
8688
3469
4822
10545
2963
22071
5309
3225
3488
9151
2578
7424
2845
5847
2804
8108
3987
17331
3387
10242
2577
3945
4091
2795
12086
3192
13557
2859
3075
107370
4431
6539
7734
13280
6184
3041
2717
7116
29654
4448
19329
11893
2915
7578
7165
6493
2869
2518
36810
5504
13109
2887
2569
2520
2202
2249
3349
2756
1920
2728
2276
2900
2237
2379
2380
2543
2367
2007
1886
1977
2120
2553
1974
2255
2826
1804
1966
2279
1899
3014
1917
2359
1687
1596
1839
1480
1830
1849
1711
1763
1582
2011
1558
1944
1640
1430
1895
1402
1937
1689
1457
1549
1313
1251
1238
1538
1325
1419
1277
1212
1515
1345
1151
1259
1272
1050
14783
1159
5017
1290
4457
1227
6911
1194
4034
1487
4201
1300
1038
1045
1186
1063
1055
935
881
989
967
835
924
961
853
964
885
882
1058
840
809
3742
856
3729
854
956
722
668
948
698
13995
676
3766
691
941
638
21236
605
3741
620
3627
614
5699
608
606
3982
590
4624
85782
78623
4281
7870
27983
13801
97538
11666
67269
9893
3185
12699
3669
13110
5477
12654
11351
639
4907
45166
2630
9047
9968
6251
2405
12847
3030
5188
2496
11772
3794
4956
3759
10799
13180
4444
7567
8105
15656
29559
2970
7798
2160
11935
8471
6727
80970
86690
2524
4593
10662
8109
19974
10443
16663
14085
5673
21913
7938
8224
10049
13086
12821
8675
8269
24369
79926
18090
20386
10568
18174
68675
18382
9829
9130
20324
22847
17337
16092
83606
8091
73945
7599
14459
10938
22558
11678
75069
2994
12944
40080
8966
29215
13339
15798
14868
11598
18419
8387
11224
16181
4548
51173
12277
10647
9057
16193
10651
22711
6403
95222
9094
12670
8306
6714
15412
4391
87618
14857
12077
7538
4002
10346
11740
4936
9445
14855
7919
9887
7104
17719
5947
7207
16329
33793
7941
6838
13521
7434
759
7562
14108
4768
3654
19476
645
1421
4642
14614
3772
11399
8504
3590
12142
9787
622
618
6993
10044
3322
3705
7819
2207
12291
11372
3915
14042
8203
3241
6892
12382
8732
6876
4517
9775
11921
7131
7618
10080
6758
7683
9964
21102
8379
12871
11984
10411
10935
9612
9565
11194
7053
11181
13637
9782
7020
12506
7243
11114
7610
10970
7677
7695
4921
6012
12974
7129
6312
5390
12566
7611
5695
5812
6789
5690
11763
7182
7946
6721
6685
6026
5721
11118
7062
8661
7707
10016
5329
11491
7145
6159
5090
7720
8196
7091
8762
7302
6294
17639
9754
7287
6783
14763
8341
7613
8388
7229
7017
7407
4319
8860
5398
5005
8894
5511
7964
4889
6697
9335
9589
2704
5092
9910
8821
2722
6240
7650
5338
5680
5714
5734
5626
5986
4849
2451
10037
4062
5870
5300
4130
6410
5656
4814
10020
6057
8348
1765
4550
9036
12609
1808
3905
30705
700
4037
6430
13332
717
6787
4893
5358
17174
4361
11577
4615
9653
3961
5488
652
4958
1548
4058
596
12381
4910
5643
598
1556
17986
5968
597
6655
9390
4209
4824
7756
4669
5409
4747
3646
4099
3680
5189
5746
3474
6358
4681
6884
5342
2407
4289
4238
4235
3723
4038
3573
5274
3318
4026
3317
3477
3947
5303
4110
4643
4095
2992
3038
4397
2595
2599
3072
5227
4362
3911
4689
4200
4581
3657
3260
4236
4003
3355
3593
2939
3550
3093
2605
2906
3419
3417
4847
2853
1191
3381
2751
3202
4697
3062
3402
3420
3539
3208
3340
3392
3297
3465
17168
3239
5595
3255
6566
3331
9423
3689
5480
3178
6878
2812
2523
6300
3630
6043
2998
10630
2707
8385
2686
9333
2355
2927
2169
3264
9352
2219
7107
2837
5220
2914
3323
2313
69414
3388
8533
2431
12768
2712
3231
3333
26555
2874
9392
2258
3846
2875
2301
2145
4385
2326
918
1999
2760
2922
2912
2426
10396
2822
2775
2234
17948
2269
10355
2525
20306
2408
2880
2187
3250
2365
66222
7433
1995
6106
2607
8337
2453
2884
4729
3706
5636
13712
2107
3278
3428
1346
16629
4031
1972
2175
13745
5864
2116
535575
7100
3675
2223
5991
6110
1939
1610
4796
12672
6912
2245
10803
9122
3595
1625
2053
2479
14323
4290
1762
6226
24402
1656
2598
2333
1864
1739
1725
1530
1833
1664
1476
1889
1680
1671
1563
1706
1500
1508
1519
1323
1424
1203
1097
1256
1269
1411
1298
1531
1297
1202
1147
1361
1071
1163
1197
1101
1219
1153
1014
1039
928
1066
858
1042
949
814
894
771
845
830
791
723
704
842
678
690
701
729
587
633
611
610
27958
582
2781
576
3808
603
8637
575
2542
9860
11764
21372
8405
13014
8509
12992
7175
21939
15048
10262
2515
15134
857
28533
823
9679
799
10144
851
22079
862
11608
4286
14479
69430
13125
12249
23537
5780
16843
5007
10791
4871
15763
8639
37990
9187
29014
6672
12120
8775
17054
10337
48740
10599
38686
7281
24927
2361
16543
4485
23272
2968
14458
7284
15479
8248
15305
2410
87709
5056
15948
91325
13724
5500
17297
5335
27221
6326
112553
9566
20969
9075
43152
4636
12715
5618
11299
6297
16344
7854
13876
15768
3057
12886
42153
2354
4595
7263
1736
13294
7316
7153
3221
5483
2065
41685
2865
4436
5117
2482
1727
16797
13191
7492
3473
3226
10775
7828
7581
2637
9266
6340
13031
12705
1949
4970
4300
4463
11025
15121
6559
6628
2982
11435
1573
22269
8706
2706
871
5603
21703
4194
15152
6908
15105
8519
42158
71267
9897
6943
11862
17069
16827
17383
13641
11601
8909
8535
8843
11751
17451
5251
8739
9302
9987
6768
14175
16971
8271
14838
7997
6353
14589
28752
10481
23005
7120
10350
12763
8611
3311
13939
21287
6635
12163
4656
951
7141
80516
6756
2351
17495
2656
7167
2979
9136
2411
10531
1835
16865
12293
7576
4078
11128
6778
15060
5031
8878
8447
17314
7992
6826
15513
14151
5669
7098
6276
11386
7405
20545
11275
11414
16770
12265
52553
7706
1887
10325
10609
8712
7045
11595
1991
5344
1919
5340
9482
6520
6517
5778
19750
18261
24839
16223
1962
9295
68715
6016
8127
9261
8285
25645
2038
6583
1703
6956
14779
12747
2066
9810
1570
9350
2186
5988
1841
6024
9729
21493
9989
13941
8781
14028
1553
6246
1257
8881
5559
2296
8933
10738
5885
5204
18464
8340
27944
6002
6700
5708
13464
2835
2364
5025
19596
16523
2286
4614
2282
2761
6958
8242
1857
7083
14544
2417
2891
4036
6213
7436
3743
988
10371
10276
6856
4928
5152
4291
7059
2680
36388
1510
7665
2846
3151
950
6742
2585
8112
7635
6048
3292
13436
21804
2988
1336
15970
1497
7519
8120
2571
5425
5732
8136
2045
9420
2343
7283
12151
1267
920
10131
8035
5807
8170
9038
5965
8346
16065
10179
4836
7807
12210
7170
9303
5560
8956
5950
11934
7766
7773
6889
13762
6145
6235
14038
6651
4901
6398
6868
4805
5082
17968
8178
8979
4296
5761
5434
6474
4968
7512
5806
7025
7583
6979
5018
7358
6242
8896
5468
5439
4738
8046
5718
8572
6967
3688
6927
4826
9905
8062
3276
9205
3481
4370
7526
7231
2521
6123
7200
5689
14616
6773
7516
6812
11649
6779
7272
6076
2483
4640
9693
8024
23113
4198
7917
7688
21811
3656
17095
5651
2437
5462
14425
5713
13582
6479
2052
3641
3359
41128
8629
6769
3710
6662
15791
3374
6726
4941
8689
3837
3408
7344
3092
6897
1329
7619
5156
10755
3541
4661
1568
4273
7023
5073
3309
5149
1132
5475
965
6366
3803
4112
7843
4182
2435
3889
3116
4294
7923
4532
4502
4133
3424
4222
929
6204
4185
3978
861
5207
5080
5351
3252
4205
7474
3760
7563
1644
4165
6496
101505
3283
6901
5703
5297
4221
1669
4801
3383
2634
10656
7847
3934
4782
1577
3166
11716
5513
58302
10501
3117
5185
3369
5794
3214
4534
6619
5608
2137
3856
1615
6067
5042
11395
8655
9018
5831
6108
10569
8325
3081
4021
9879
1686
13153
5134
6045
115482
5616
3543
37429
7422
3516
4258
11007
3894
2695
6109
10030
979
5426
4203
5326
9090
3644
30657
5249
3833
5790
14576
4414
73099
12955
3377
4045
3948
3754
4741
3316
4765
3629
3143
2726
3752
3599
3330
3559
3442
4115
3845
3427
4407
2705
3638
3941
3439
4077
3043
2575
4138
3422
3150
3207
6415
3013
3227
3137
2295
2947
3937
2730
2700
2956
3047
3058
3858
2651
2917
2531
3765
2755
3141
2662
3173
2830
2072
3884
3312
2487
2376
2069
2797
2347
2901
2151
1766
2308
8668
2170
21473
2504
25974
2983
18412
2440
6350
2623
4011
2601
10069
2193
4880
2177
4734
2475
5267
2429
5779
2460
14385
1929
4408
1692
6847
2238
12937
2467
8513
2278
19081
2477
13189
2188
19448
2332
1291
1829
4202
2013
19662
2117
11646
1968
1287
1802
4148
2119
1185
1910
1320
1947
36726
1793
1179
2181
1208
1589
15356
1813
1049
1642
1125
1905
8526
1590
29380
1827
1018
1730
4627
1812
15962
2004
1119
1420
3589
2002
910
1847
859
1645
17892
1471
883
1512
7557
1377
888
1613
875
1399
3475
23163
6881
3942
1489
4460
10438
19962
23984
8295
1021
1749
5739
6522
10757
6916
10694
13237
2165
1374
7211
21895
2856
20030
13452
1095
1925
1591
739
6334
7540
14390
9971
1086
9724
1585
9510
4618
31974
22305
5029
1129
1831
1541
3624
5909
13916
9876
5003
3668
2200
1495
2541
4947
13414
7309
7555
1337
9227
1352
2931
4192
11387
10725
3827
5547
5316
1278
816
5715
26356
9244
7069
14193
1229
3366
10865
4360
16107
2131
1378
750
18295
1144
1017
1168
1075
1189
982
872
776
905
901
849
815
721
846
751
677
712
673
642
651
641
657
604
595
586
594
588
569
566
14268
17243
19514
12366
13531
14117
13469
32733
8792
18383
14726
15109
8521
20377
7681
13603
12671
9173
16460
14950
15834
109078
13154
15546
10716
18094
12598
118238
34059
4795
19413
5866
23064
4219
73032
13948
9733
5568
11802
1385
21833
1694
20242
1473
70969
1410
72645
1639
8938
5440
11759
1413
24147
3157
12775
1555
23592
4126
19586
5823
10925
7007
9088
4855
9222
4755
24926
22507
15689
7976
22086
10546
11674
7792
9411
1201
11676
67211
11434
60979
17540
10576
10951
86364
10844
3337
13936
11783
10143
12913
22680
9245
11102
8977
10387
9234
14740
14705
23201
96757
12071
9576
8419
11567
10910
15992
18781
14030
12658
12345
10191
27099
8586
11342
14466
12053
17160
11108
10991
10918
10067
9168
13170
9596
6953
6342
13821
8726
8835
19603
10478
17886
10773
12692
5977
10863
7457
18502
23265
12362
11615
7412
9489
9271
13418
22817
13118
17953
1744
8333
12903
4035
8624
1453
22874
11101
12583
10390
10214
16395
16237
10159
12493
6940
5550
10083
2455
14917
10000
20096
6941
11684
14859
4104
9356
11909
75632
8275
11131
11173
17557
14269
7138
1344
8789
3568
5518
12356
5225
4536
7605
7660
6233
16263
6096
1065
15723
8494
9115
11014
7209
1092
11511
12437
6391
17063
6966
5611
8397
14326
5562
5842
18461
6759
5918
14541
7931
833
20346
2244
9382
5660
746
7980
1984
13569
10267
4346
4611
4918
3866
8495
15396
3156
8582
5330
6797
5481
8350
6922
5859
4762
4690
2909
5218
3618
18887
1976
9001
7503
5819
752
4176
2089
7809
8489
7564
802
3796
6373
9524
5034
5815
749
6081
1796
13899
40968
6111
8714
6068
3314
6830
7767
797
5133
11238
7607
7902
6648
5354
5474
13987
8004
5061
4823
4108
3281
3817
12400
4080
3619
5702
3801
5107
5008
3304
3964
4887
4217
3502
4518
5357
4352
4442
3691
3378
19906
3356
3683
3261
3443
3592
3079
3036
4648
3834
2682
4393
3583
2260
2513
4374
4783
3341
3818
3494
3328
3768
2930
3912
3920
3597
2818
3282
2535
2549
1838
1564
1285
1363
1696
1485
1176
1270
1360
1244
1190
930
1005
1255
1145
1076
1085
1143
1214
1036
1120
922
1011
934
990
911
1022
789
821
792
836
775
793
844
848
686
735
806
650
637
715
626
577
581
565
583
580
558
562
20388
9439
11630
37694
30261
27262
13529
9054
10492
7146
8099
14095
10804
11274
15598
72978
9206
6706
7758
12770
10312
82241
13911
23539
616869
17186
20406
15796
18862
18948
31478
8772
13345
9890
10038
12109
9940
14253
15188
13740
6073
8892
25343
87756
16677
14186
9247
12067
7830
8795
7126
14502
8411
15241
14695
550549
17616
30086
24287
12746
13999
14106
46757
10469
11385
11265
12339
14593
6222
13146
8190
24959
12652
15583
21392
20192
12758
17592
17270
6891
115224
13580
11420
9819
18302
7308
9508
15072
10403
6463
14949
10561
9353
16345
29400
12461
8406
90887
16568
15492
7987
6744
12007
15310
13965
8908
10281
11685
16479
10157
7529
99500
72223
11514
12375
6509
8614
10917
13546
11834
89933
6059
10202
72316
6861
10280
11098
12477
13413
12560
13638
8997
24328
25520
8273
14416
54252
7690
7028
15803
9837
7096
16298
9536
22107
11490
9848
9699
13937
20506
15648
11410
13581
9840
18066
3126
9771
2071
6286
3256
6154
2849
34316
2729
8491
2798
6631
2209
1382
2335
10621
2266
1456
2214
7888
2198
1708
2146
1516
1820
20730
2820
1303
1634
1338
2075
4318
2741
3633
2005
1328
2458
1192
27287
4263
2060
3910
2273
8342
2319
9811
1824
6377
1783
2503
2039
21335
1828
13451
2100
10408
2210
3750
1795
6346
1609
2356
1990
2588
1926
6618
1782
10558
2205
2870
1724
5450
1435
14432
1747
9056
1709
4551
1358
2864
1437
5045
1559
4262
1390
7435
12085
1599
6454
2681
5719
7645
1797
5826
4429
1657
11695
3118
4351
1225
1618
3634
5167
2959
1635
1507
7240
2839
9451
1545
10532
3184
4537
1587
5701
3661
3122
2734
18844
1649
5219
16138
2154
1233
1661
4040
58873
2714
8561
1312
4945
8797
2977
5442
1536
3360
14942
3152
13126
1429
6585
16060
2561
6464
1597
4199
7731
2584
3645
1633
5226
11177
12945
3788
1332
5054
3149
1387
5074
2579
1606
7441
2792
1614
7915
2659
1335
1880
1586
4284
3310
1506
4017
3734
1572
2393
1575
2422
1326
2603
1612
3247
1441
2469
1527
2547
1454
2042
1380
2596
1364
2021
2108
2043
1601
2028
1505
5931
2385
1492
554
2898
564
3324
546
4178
551
4149
570
2580
574
5574
552
23355
547
3487
560
3621
555
6963
543
13710
545
710
548
692
542
716
544
14959
550
5878
540
656
535
4135
539
12174
537
707
538
10090
2256
9231
541
8039
26166
1624
9210
870
534
16955
273168
2070
9949
13255
532
2955
2961
3548
13975
1662
16378
3740
39006
9492
521
4840
11478
1756
17462
64894
11356
5325
3176
22701
5215
6256
1554
10884
5391
13257
4066
8326
520
9592
6368
17391
3004
4316
6917
4777
5436
2748
4136
5192
1621
12531
5975
6853
779
8967
519
9279
14982
3301
6157
3431
1459
10732
4574
10678
764
7849
518
5275
12386
2240
3674
3518
1672
4169
9141
4588
5138
517
2952
7011
2793
3357
8200
1250
5766
10402
667
8718
516
3429
6565
2821
1651
1561
4102
12447
672
10133
512
89598
20378
2488
1722
1482
4888
5383
10033
14960
513
3121
9562
2899
11714
1427
11878
5969
7944
659
8766
514
16651
8858
14414
3352
3841
1422
13342
3895
6064
4399
7184
515
3449
8129
2261
2562
1823
1652
4048
838
523
2550
9462
1491
5808
94759
12501
7242
5658
9128
6304
9004
1772
522
4190
8080
1439
13717
22281
7710
7544
3224
2813
12060
16660
1395
525
12377
10470
1518
5190
7387
10557
7326
2933
3966
524
14507
15015
1710
16449
81175
14266
4964
1567
1539
11503
4298
530
8753
4312
1396
760
10824
13307
4400
10027
1918
15956
2976
526
96595
68243
1964
5726
8679
7971
11566
10240
118215
1499
11610
4567
528
18085
7775
1691
788
16784
9384
9148
1655
1674
4076
654
527
15624
1394
770
41217
8987
6751
4170
1619
11506
6258
533
45372
1921
17653
9034
14676
2050
7056
8758
529
3253
17046
1748
7733
4324
536
35749
8592
2218
7908
6798
531
11528
553
952
567
2489
556
1032
549
3042
557
1182
568
1052
563
3756
559
867
561
1069
1786
959
3086
619
1009
1781
5961
917
3795
644
3444
25485
15691
3199
3769
3672
632
3726
5933
1697
8069
1000
2843
628
1307
5537
17604
4515
3188
4057
697
761
7075
6352
8286
10500
926
5496
683
748
1140
10507
2079
11786
9005
3219
747
863
21911
14294
2098
25120
1150
4419
662
832
13033
5104
1658
7642
940
3267
713
841
10947
7168
14438
16291
2576
705
873
1074
9233
17903
2924
3238
745
907
1106
3736
741
913
4508
3017
937
3906
1295
2670
755
3371
1405
4071
837
4055
955
2745
970
4626
886
3991
847
3749
944
3299
1020
3916
1028
3234
23179
3802
1626
14661
938
3800
9877
7892
1873
1915
11551
981
4206
16822
9177
8025
1798
21038
1161
4065
53681
28981
2386
1770
9402
1183
6074
34245
14311
3056
2142
5614
1166
4437
18796
9178
3722
1946
12218
1231
3565
26988
6738
2850
2016
15367
1274
75303
11062
3902
2041
3609
1302
16398
666
3526
2614
1139
24253
7108
2492
1113
31568
10341
1584
1127
1908
1213
1973
1102
2222
1310
1948
1445
3551
2287
1355
2031
1349
2323
1281
2141
1368
2559
2762
2432
3300
2189
3345
24427
585
8011
5165
3034
3196
20271
578
2615
5923
5057
2703
65432
571
11158
7680
2416
4006
18431
579
2622
5990
3108
3891
110457
572
6673
11956
2710
3872
18520
592
4896
13428
3285
2620
69338
613
2134
5369
3999
3713
13856
616
5137
4610
4916
2969
73562
5668
4816
7113
3139
26820
687
4938
3406
7728
693
4906
4378
3890
3077
6894
3169
4923
3280
4068
3489
5722
3216
6604
2941
5542
3913
6647
12987
6166
3232
5364
3643
3530
10066
7277
3293
5697
13338
6524
4564
7462
3246
8270
21252
13782
3525
8104
2767
5323
3549
5020
3671
3781
4819
6356
5967
6250
15827
11461
15625
7531
4630
6621
3969
6234
4023
7439
4070
15246
4488
6164
5546
4473
29796
1993
5764
19861
9159
8007
4345
48469
12397
12335
1249
9323
3591
2220
10216
8183
3720
8160
4825
11636
14190
3965
4350
9902
14089
1851
14023
12450
9176
1205
5415
128460
15141
4322
40987
4128
6260
2438
9841
12489
12276
7520
3849
8523
8201
4528
4585
21968
2497
5141
8566
7787
1222
3739
18109
11548
6781
15677
10050
4743
3074
7021
10307
7506
3398
3204
35600
6188
9574
3614
10904
5065
2743
8785
6676
3967
1342
6191
7991
14487
7747
6112
6000
4304
15870
6090
18884
5800
14990
605131
8470
14040
2716
5157
5791
16724
4670
8708
3410
16442
20977
6134
21839
4552
5320
5125
18001
4127
5264
8394
10550
3903
4301
11240
12387
3799
6052
5908
4715
3885
5032
3097
4710
6767
5463
4355
3824
4373
4742
13519
5412
5757
4965
15174
5585
8757
28682
19154
13245
9107
5801
12736
4307
4529
6888
6988
6537
4903
6017
6239
6865
5873
3615
9123
10186
6692
12679
4250
13136
6389
4590
8244
8588
6413
5368
5435
9977
86035
4664
11229
17058
8055
49582
5270
6663
4180
6822
3664
3842
10237
7482
7714
9087
89737
31115
8769
13945
17089
19769
20129
13038
6547
6060
37658
5465
11643
78120
5526
8408
10458
10195
21123
4639
17091
14069
8522
10406
7533
12585
9976
5136
9885
15155
7606
5688
12926
11393
7230
11833
11370
2587
9552
8840
7866
5730
8670
10247
15533
12555
19943
1769
4759
13087
5449
24431
8536
1121
12859
25937
2191
5420
24289
10128
8391
60131
3129
8398
11884
4278
5795
634184
2056
12270
13757
3266
13828
15961
2512
11264
8546
5970
14978
16117
2975
11768
24631
5706
22915
75047
2166
7356
10095
8169
17036
18494
12368
4411
6086
5955
3237
7553
1067
7573
35305
6567
14114
2334
8983
21205
9319
77848
7239
40614
2118
7349
5217
32191
11439
6550
28997
9304
9917
8481
19838
74763
22151
6657
3067
13346
18653
7694
9268
4008
9726
270751
5747
25329
9581
7054
17291
5852
7802
5169
4879
21861
6985
17475
5830
11508
18699
16533
17477
15035
9943
8212
67514
7711
236484
12076
9791
13007
18390
11996
11105
101901
9183
9656
8875
17554
5678
18761
6919
9626
4969
5370
13970
8413
4028
10894
4899
11555
4452
8370
7386
8296
8556
6470
7504
8192
9182
8294
6441
7955
8310
5002
6845
18329
6219
17925
14093
9476
14052
12472
13592
36170
11226
6942
6806
12416
70836
8353
12054
9381
14938
6298
6610
15637
2995
3011
7323
13492
7390
2786
13957
9569
4114
11989
3142
7282
16520
7522
9818
3100
59752
24386
5717
78466
4725
2663
10323
5570
18184
3114
2505
9911
5114
20100
3435
6107
26224
8887
32783
3458
2294
12832
18963
5419
3095
12867
8876
2903
8599
15100
3828
7377
14627
10473
17286
8065
6126
16820
5352
30177
25089
17670
37409
8153
11931
29455
8780
16439
14369
14656
18925
13060
9293
13185
6322
17614
7264
13885
13228
13523
16957
10091
12137
7143
7228
7953
8512
110765
9953
15500
15452
9422
21196
10297
17932
9503
8017
9208
15807
10774
585011
70911
8992
8497
12414
19694
13548
18840
15062
39349
9127
13168
7585
8436
15922
11846
27818
15243
8505
105368
12259
34382
18167
31556
24146
9447
8316
37011
24899
12919
16994
10167
48677
13246
10185
9579
9783
6842
9320
10516
18563
5880
7077
12487
20963
31256
16165
14558
10204
6422
2057
20497
11472
10099
8950
8199
8673
5339
8457
8936
22603
4208
36703
18589
18504
13709
10619
13840
10152
5900
23371
11550
15245
21843
13989
75342
6594
12464
30264
43177
14328
21683
13308
69618
61963
16235
90706
584
573
593
599
602
591
601
653
679
675
665
703
671
702
724
733
807
762
784
824
769
890
852
971
915
1002
903
839
1047
1030
1051
1080
1162
1104
1294
1193
1122
1131
1299
1286
1206
1392
1239
1220
1283
1268
1785
1474
1108
1775
1648
1330
1416
1403
1816
1393
1292
1465
1690
1941
1803
1834
1409
1622
1837
1677
2018
1734
2155
1805
2161
2114
1676
1746
2478
1913
1616
1959
2055
2167
2250
2270
2486
1882
2572
26216
1932
2894
13583
6807
1600
2456
10838
18487
1551
2346
38103
5744
1875
2077
15125
35026
7040
2913
71444
77624
2026
2289
73796
21615
12338
3230
13415
9053
2481
4082
12852
1324
2176
2378
12038
79215
3112
38943
11396
4139
2293
2809
2740
3215
2688
2190
2904
3482
2858
3586
2648
2964
2966
3712
3035
3697
2920
4166
4230
2565
3840
2815
3864
3390
3997
4597
3180
3125
4129
3078
3764
4927
3308
2932
3647
6753
3542
3089
3085
3709
3486
3658
4494
4477
7000
3010
3379
4151
3662
5288
4434
4240
5478
4106
3170
3806
4524
5486
4363
3963
4933
3771
5075
5662
4793
3996
4117
5064
5617
4559
4010
4808
4234
3236
4817
4862
30053
5637
4677
4171
3497
5397
4809
4427
5096
6862
24069
5899
6193
5306
12020
5473
11990
3503
7253
6203
7473
7016
1232
4685
6104
1109
5862
5399
6148
1053
4486
10670
8012
1012
6230
8215
9146
1073
8612
5720
7521
1304
5509
4688
8944
1130
16116
5421
10295
1181
4124
9007
9442
4337
4096
7726
12289
1462
10517
8243
1241
12319
8094
6588
4154
12005
5427
9380
8287
8320
7251
9556
14107
6160
22865
8299
7423
7676
7346
8231
8469
11340
14517
7362
5553
4851
6465
7862
7194
8701
5954
6093
4490
8652
10752
16094
8888
6636
7285
4530
4435
8945
27306
15785
26375
6419
7927
9338
7838
11132
12497
11009
10821
21394
17382
11027
10771
13039
6319
8915
18411
11488
5453
5849
11805
6471
108869
8483
9426
6762
7432
11782
7217
7877
7458
11743
8013
45259
13293
23328
5646
14237
9448
11270
10585
11446
14718
7224
8816
13334
9209
9990
10747
11736
14289
35206
11296
14401
8684
27805
3670
9888
12078
5294
16631
13253
5901
4335
3456
7361
8496
4455
10459
7338
11170
3189
2720
6195
6263
4007
30570
7556
73491
4722
6028
23452
8579
5319
17957
11498
7725
10113
24183
7101
11588
2895
8551
8202
5403
8900
8953
7668
15499
16888
19349
8434
7774
8921
107594
14858
11171
7779
11658
13348
68220
12534
15239
88400
23379
13742
12953
21144
8291
8965
15836
25711
16152
75085
69213
9766
7144
18047
11754
25042
16099
13752
17494
24552
9540
33765
24118
18460
31310
14010
10393
15271
14029
20598
12355
10296
17729
8173
13396
18458
11968
18603
9368
70814
15875
14563
19218
20448
13276
13011
23876
23199
11576
8699
9651
52828
11146
5413
655
6507
4100
669
10769
19941
16023
758
8052
10527
10497
719
5888
9385
7835
732
13822
7031
10471
742
10467
8547
943
738
16326
9736
5373
860
8550
11699
5989
865
10180
21582
942
5848
3651
904
876
906
1013
997
912
946
1019
999
1010
991
1029
1174
1044
1254
1309
1327
1353
1246
1371
1252
1408
1217
1806
1534
1188
1264
1314
1524
1447
1306
1768
1493
1535
1311
1333
1449
1478
2015
1732
1701
1840
1552
2409
1967
1448
1884
1801
2085
1719
2099
2243
1777
1731
2123
2439
2206
1931
2315
1983
1738
1955
2415
2533
2088
2290
1667
2383
2262
3499
2499
2391
2472
2779
3177
2363
2613
2834
2602
2224
2507
2267
2685
2494
3175
2645
2694
3183
3044
3933
2291
3161
3501
3040
3254
2782
4141
2428
2770
4475
3747
3829
3507
6335
3445
8163
3258
3919
3686
4056
7748
4735
7666
4207
4292
4744
4195
4966
3943
6351
5633
3877
3989
5293
5444
3603
6716
5200
4702
4299
3908
5334
5214
4794
3831
6682
5502
4996
4740
6163
9533
5237
10019
6025
9521
6331
5520
5523
5593
4447
7227
5681
9031
4323
12219
7204
4358
5802
10994
5099
5379
5953
10763
5127
5996
5245
6153
790
737
727
773
819
827
850
908
972
968
969
975
880
1046
1376
1199
914
987
1040
1164
1296
936
983
1081
1347
5926
1123
5261
19132
1200
4432
11495
1444
3930
19121
1275
1107
5567
1263
3779
7717
1221
4770
12999
1450
4542
7965
1331
11569
10973
1470
986
6053
1237
4179
1407
10222
1369
1315
1260
10759
1488
5525
1723
1388
1638
1404
1526
1196
2352
1372
1550
9537
1767
4356
1685
4353
1853
2991
1627
2350
1431
4157
1773
28654
1514
10698
2000
1740
1630
41035
1477
1503
1750
7596
1846
11521
2017
7189
2014
1544
1641
1842
2371
5539
2020
2454
2330
7425
2374
27784
2095
1764
2300
19681
2406
8636
2012
10688
1878
13208
2203
13955
2823
4274
3160
13559
1863
8019
1893
8991
2242
9125
2284
4962
2534
2773
2212
9975
2746
6489
2306
9756
2147
6946
2886
11130
2509
3730
2211
17234
2652
14225
2888
15386
2641
2590
2325
2272
5455
19632
2420
4181
1911
2960
8545
13606
2802
2954
2097
2568
11441
13070
2236
7876
689
2303
2948
4868
3652
9519
2078
2696
18863
15931
2713
3146
2387
2784
2925
3566
3063
2842
3777
3101
2780
2942
3115
3617
2844
3907
3904
3091
2036
2965
3213
3065
3882
3009
3850
3584
3628
4479
3556
4287
3348
3716
2676
3279
3546
3229
3704
3727
3201
5661
3790
3336
3049
3976
3257
4107
2946
3510
5578
2958
4377
4311
6526
3159
3191
7087
3172
4705
6658
4134
1885
7400
5016
7939
15770
4497
1608
7151
4760
7961
9021
5709
1814
13468
5389
1707
9698
2824
2024
9484
3567
5675
9118
5514
3430
10796
6505
11189
4359
6646
4409
5493
5021
1981
3775
14641
4737
10452
3284
6225
5893
8246
6332
12348
3397
1631
4982
17074
4960
2339
3733
9839
3187
7027
5630
2106
5755
5687
3928
2419
4749
22380
4930
4295
4647
10136
5835
2457
4465
12765
5343
2310
7093
8776
4589
5212
5378
13610
5253
5206
6293
1836
6021
4897
6828
5898
3725
2174
3307
2034
6245
11710
4231
3286
6036
4074
4118
765
5671
2612
5952
2860
4786
8187
7221
2690
6270
17185
5155
6255
5223
30874
3394
23672
5182
3804
4422
25709
5097
5278
6098
9307
3046
4994
4342
3031
7600
15033
5999
20983
7675
6192
5407
8425
4309
2766
2254
4979
8230
22202
8177
123798
2643
5640
8883
8089
8794
5902
660
9309
10039
9429
4159
896
3399
6066
10882
9590
7382
5203
6925
13741
5055
11207
6801
8126
7193
7452
16240
7179
6918
9162
4410
8845
9051
4720
5234
6136
6143
11517
10056
5958
9499
12790
6660
13938
8959
6533
7508
8123
9711
6100
5541
12025
7548
12044
7705
11816
5098
17733
11848
16214
9147
31895
6339
6279
9461
8220
4659
7488
10254
7063
15978
6784
8815
84526
6960
4867
8889
7853
17393
17159
17620
54996
6593
18155
4596
8657
9169
5062
1888
16041
11709
12456
6971
7894
7827
11122
1822
10708
7918
7048
1902
11227
7609
7465
8060
12707
6355
7800
4981
11757
3711
9428
8854
4913
15464
6576
2168
7674
10322
3102
9742
11283
9321
1417
8330
13984
17774
2121
16906
8700
20999
6199
8374
5784
5484
11637
8677
768
9199
9389
10870
17384
10946
10790
10686
7691
11459
18339
11145
7485
6176
7299
6990
10474
9985
9348
11258
5814
10260
17306
26408
7009
9665
2640
15523
10514
4843
9966
22226
17753
6900
5545
13199
6611
6659
8918
10165
8380
2881
19367
17486
3843
13934
6906
112302
11557
8300
3811
12079
2215
5216
11336
12012
9188
7709
877
2689
28387
5897
7523
14839
17740
8219
10178
16874
8404
14519
13240
8999
22796
54154
14883
34829
6092
17870
9906
12018
9150
67181
7381
9923
10232
71588
22131
6462
22184
10653
6320
8507
22404
5664
10166
13241
18307
34794
81073
9126
12908
8565
30290
10854
14975
4728
9611
14073
55123
3793
4974
69223
9120
21951
3320
29540
19793
2567
13903
454140
2616
13648
796
19773
23202
111884
13061
16346
35391
16314
18555
18312
9703
20669
14524
7024
13097
15539
40506
48538
664
5528
3871
630
5505
684
805
1157
1381
1003
1154
1532
1414
6022
1897
11074
1580
43998
1653
12823
1598
8022
1907
12439
1715
15821
1754
20432
2058
50163
1755
13203
2149
66247
2037
1914
2368
2019
2183
2156
1818
1790
2508
1985
2105
2288
2811
2129
2424
2032
2353
2423
2450
2684
1933
8570
1997
2586
2911
2471
2838
2318
1923
2158
6991
2944
3019
2735
2847
2803
2546
3084
2274
2375
3263
2692
2708
4303
3604
2636
2292
3353
3020
4060
2480
28303
6457
3873
20290
4146
7700
4533
12586
7943
21542
4625
7572
3605
8671
4527
16974
6310
12486
4652
7823
4276
4592
5767
5070
5729
4600
4948
5775
5130
4547
3076
5564
7206
6252
7693
10677
9594
5252
9246
7078
10835
6528
7150
8214
6977
4769
4097
8158
3639
5374
6149
6944
5731
4270
7925
8282
13361
4392
7727
6968
5652
9191
5202
9032
5041
6448
7152
8867
5641
6434
4468
8493
7682
8848
3679
9026
10597
6561
11334
32525
7487
13015
12967
19480
5148
9567
13981
5312
11791
5799
24322
11836
9404
11911
4188
6603
34297
9654
11279
11159
14638
4571
8584
8488
8558
9554
15247
12989
16702
9900
10798
12221
6513
16615
8660
15170
16210
9340
11895
9907
41301
10002
10554
12279
9265
14562
18836
21805
14123
12301
32799
25331
14140
13395
6955
11687
284992
11269
7089
8773
72879
3338
8955
7615
17017
4032
6494
674
8006
7019
14204
19470
7623
13166
10814
40689
18819
12127
27154
16071
28980
24474
18896
36808
15193
658
696
663
640
636
688
708
647
670
694
682
757
777
711
800
780
785
843
778
889
822
808
932
994
1111
1115
978
1024
947
996
1033
1105
1070
19207
3635
7187
3554
5454
2470
10751
2981
3088
2400
1211
2312
10432
3228
734
2936
3436
3468
2691
2639
3179
2794
4459
3558
2910
3306
1975
2810
2463
3271
3128
3413
4079
2872
3131
3990
3923
4033
3003
3678
3008
3693
3433
4570
3052
3197
3534
3737
3575
4061
3532
4978
2769
3450
3002
3985
4526
3823
4018
4481
3875
3001
4873
4098
4892
3492
12033
6843
4790
16002
5930
3099
5960
7932
6007
3939
12175
3110
2465
4047
10944
4944
1950
4212
8746
5004
1778
5360
10451
3325
4736
8213
2213
7348
10303
1235
5853
643
7339
10170
5738
5366
5756
5635
5883
11255
5816
8304
6665
4649
4616
9664
7575
7616
8186
4679
9103
3879
9548
6424
7597
5742
8601
11717
7945
11789
5257
7844
6492
5657
4443
6626
5418
7086
5332
7293
5268
6296
6282
7363
10104
7396
21289
10282
5845
7796
8352
7295
7577
13591
17248
8037
9329
8782
5410
7801
13836
2197
6087
11223
13912
9673
12065
6760
7543
8070
6938
9483
7822
16222
16975
5906
9861
8500
13247
529634
7895
10985
9530
4724
11543
7388
7515
76395
9892
8985
107624
14470
8826
5792
7713
11622
8179
26134
10817
21601
6907
11380
14307
6343
11058
5345
12180
3136
3544
10331
1301
10445
8667
6485
3746
8595
22787
9365
5280
6939
6381
21307
9827
38996
11430
6573
12367
15444
19024
14161
27367
88907
10750
8499
8598
7394
11287
10988
16009
67386
10860
27485
12796
9113
10146
74249
9375
14583
88737
68451
7884
12457
8877
84580
396770
12762
10212
14297
17582
12087
117772
18008
12107
11964
3467
45467
11887
3303
15980
8884
9720
10172
9011
14256
25854
19098
14691
6491
14579
2999
16760
5753
5126
736
5745
728
3508
753
763
804
916
977
927
960
1175
980
1248
1141
1091
953
1173
1167
1149
1136
1027
1041
1072
1056
1198
1280
1389
1288
1434
1771
1210
1308
1319
1289
1207
1660
1496
1425
1528
1498
1752
1743
1467
1832
1464
1716
1729
1670
1728
1523
1565
1960
1800
2061
7935
10805
2138
2425
5238
17385
2201
2204
2277
2394
2128
2196
1757
2757
3000
2570
2747
2667
2921
2718
3140
13108
3335
16121
3810
3194
2953
2566
2949
2094
2490
3251
6121
2731
9186
3158
1178
2857
12161
3028
8745
3838
70209
2778
3484
4988
3372
3491
3826
3344
2980
3528
3814
3708
5286
4184
4349
3400
3682
3780
2825
5376
4812
3839
3535
4220
3334
4603
3190
4605
5549
3553
5059
3870
4155
3956
4577
5052
3724
8302
4939
3751
3273
4931
4723
8072
5472
4049
5076
4834
4696
6739
5006
4063
7998
4522
6834
6227
4631
6882
7981
6898
5579
6152
12557
6427
4895
4874
4467
8669
7044
12589
7745
5772
5544
12040
4396
5972
4085
6972
9372
6005
7181
6004
4514
6527
10416
75637
10029
13607
5314
6433
8114
7498
8549
18922
7889
12251
6072
4644
5910
8764
11205
9707
17722
9543
4142
12767
19105
8167
10861
7808
7702
12906
16036
12298
14376
9948
6414
10101
8399
10850
8206
7010
9933
8771
19862
11484
9269
9238
11949
8838
4470
8832
7499
7395
9218
7268
10703
19127
8240
6734
12889
10382
11507
12000
5691
5998
12357
11524
12217
8140
13997
8993
18825
13222
7667
10353
10868
9522
5649
9898
12674
17180
7370
45746
10009
17445
9361
15346
11222
10427
12047
11815
19518
23347
8407
12838
278871
22826
10068
13467
24300
13138
8559
30383
38634
17725
17184
46356
9846
51460
10853
15607
11250
67237
24321
66413
11467
18428
18430
11470
16757
91960
18748
23670
24853
12341
13446
24976
18054
14252
756
754
709
714
743
787
744
817
803
925
828
818
1094
974
1008
1083
919
6480
1169
41588
1426
11305
1513
7621
1455
8616
1602
13982
1588
1643
1721
1379
1942
1357
1560
1654
1683
1636
1415
1978
1509
1953
2164
1799
1594
1688
1881
1807
2516
2144
2263
1980
1940
1934
2073
1891
2067
2317
2009
2358
1965
2171
2345
2194
1986
2285
2506
2937
2626
1992
2414
2059
2452
3064
2629
2829
2974
4269
2464
2498
2854
3096
2336
3153
2697
3120
2159
4403
4484
2744
4325
3291
3587
4607
3787
5448
4940
3061
3148
3571
6042
3859
5534
4623
9731
4699
12505
8927
5606
3869
4168
4019
3812
4852
3607
9343
4972
5471
8644
6018
4381
4712
5457
4338
4622
3509
5507
5587
6656
5837
6249
4650
3755
5882
6378
8137
6124
6380
5776
5069
7905
6552
8040
7315
8130
4255
6772
4830
7494
7833
4044
72111
4848
6713
7517
23156
9781
3792
6795
7380
12426
6338
7205
6860
9163
6518
5106
7701
11603
10982
12901
8827
6564
7223
5433
14565
18893
15349
8191
7291
9659
6555
5285
10287
15933
6196
8564
17654
11766
9336
5411
11035
13971
9573
11900
9407
10485
9342
14202
11163
12317
5638
11733
9681
4675
15545
16800
8009
1969
63974
6701
14860
5861
25979
35945
15895
20905
15391
37034
13178
8454
6094
11850
24488
16563
36957
4886
9568
19637
3699
14833
1698
23500
8589
7245
15726
11099
4563
68299
14112
60463
8477
19876
10776
18420
19424
37748
111291
96819
69367
33127
78703
22259
783
720
726
97162
695
6047
725
740
909
985
1271
1375
1433
4279
1894
3105
1460
1961
5132
2527
1883
2104
1930
4072
1994
6776
2152
4553
2122
6708
5233
2446
2591
5584
2148
2163
1483
2552
2532
9100
2501
3922
2241
2399
2322
5610
2973
10885
2841
2693
3054
3006
15727
2817
2796
4043
2556
17807
2502
2724
3718
2791
10560
3782
2377
5737
2852
2484
3363
1843
11361
3625
2866
8852
2474
2617
3622
2647
3454
2649
2633
820
3033
2321
3024
3037
2628
2449
3649
2229
2840
2832
2996
2851
14694
2621
20774
3918
70518
3319
8682
3167
8665
2679
4804
2950
4387
11547
7855
5239
1540
7215
9932
1428
13794
5492
7300
4774
1351
15145
5000
1469
9184
4668
1784
5628
5693
14592
8613
4602
6041
5371
3343
6228
9904
5279
1952
4540
10270
6757
8063
5100
7049
10696
1718
4013
6075
7962
7375
4285
4426
4368
6530
6590
2560
4523
4863
8113
21634
15531
1699
9013
5183
8400
6531
13360
5259
3927
6947
11186
6313
4807
5881
7999
6775
5803
4197
6394
5160
3973
11259
7180
6543
2331
7740
8527
16756
6525
10695
9357
7952
6743
6831
5519
7234
4706
7155
5362
7076
8591
11079
8421
6125
8097
9797
6014
4105
6357
9899
11286
4398
6804
5302
5666
4174
899
5508
20688
10354
9924
4707
2115
7196
9564
7288
4554
13508
10720
16313
1501
8963
7157
1401
7832
15466
5817
10593
11037
1579
8180
7414
1475
18359
3993
10616
7614
4584
9505
15581
4504
17579
9545
3774
16248
11513
4445
1663
8702
7579
7831
88911
8036
10094
5957
68082
14690
12105
11856
10762
6839
13192
9692
9145
13843
2280
8252
20580
8396
8752
12026
5919
11735
5515
1996
69317
1935
16100
10389
2192
9023
25328
8254
1970
7404
4666
8690
16733
22976
9312
544335
7868
21484
7164
120961
786
68592
17264
56692
17156
3375
30331
4466
12521
67734
5010
1700
14272
2609
9639
5272
18497
781
2348
766
798
88739
825
7786
834
2179
813
774
831
801
12254
795
891
15532
923
10236
811
5382
868
6521
812
878
3048
794
4678
829
16274
855
933
898
874
902
7280
1001
11565
1037
1054
9901
1004
11875
1258
954
1096
112887
992
3290
1112
2940
1090
1170
1502
3147
1334
3874
1209
3016
1266
3154
1243
2625
1110
1366
893
1322
1384
1156
1525
892
1521
1446
11463
2876
7948
26859
3248
2025
12108
3082
5120
13151
2862
2777
16789
3493
2594
26341
2754
23777
2774
3490
2252
3294
3773
19881
2892
3459
4635
4101
8518
3620
55927
3667
3326
3127
3815
89734
2877
3133
4052
4977
2638
54161
4691
3358
4367
4412
16717
3210
9609
4375
3066
3165
14317
2699
3305
3354
7278
3446
4662
4785
3464
3972
8376
4733
4160
5177
3060
3107
4187
5868
6177
4535
3955
8182
3946
3665
826
3570
866
7732
879
4591
5053
5700
4756
3027
3696
3616
12801
5942
2320
380554
8278
15909
15083
6388
89792
10896
8423
8687
8087
11465
9251
4489
8716
9330
11436
11231
4983
2418
8008
18991
4671
6998
4189
8082
4339
8164
4402
2997
6467
8115
8354
9068
3926
14996
7095
5243
16063
14889
6837
7121
9190
18848
6436
9149
11700
9767
3753
8393
9217
963
5078
3005
8227
4763
6752
5627
13701
18442
10779
10023
12624
9752
80770
7887
16725
5464
9221
12117
8576
5499
6444
7592
7525
7276
7401
10327
8010
10504
5094
6103
8516
7842
9951
20146
19489
20201
15043
5602
16112
8587
71310
5588
14518
14729
12186
13187
71572
5460
71930
11006
7037
6186
20544
8031
25597
7447
66082
17795
68810
2493
119737
12463
10990
67931
264323
1234
38312
7750
8931
957
11424
1152
4839
15862
1077
22984
939
2868
1177
1172
1343
1245
1261
1247
1466
1279
3205
1362
3950
1348
1650
1733
4305
1898
1504
1566
1472
1668
1546
1717
1637
1468
2666
1440
1581
1844
1869
1845
1605
3339
1592
1912
1741
2054
1628
1593
2275
1611
1906
2140
1745
1815
2344
2462
2006
2340
7022
2742
7115
2033
18792
2135
2739
1862
5620
2604
5750
12131
3520
19732
5231
127284
3351
15076
5337
19758
5162
21308
3329
5124
4420
4943
4998
4310
3380
3975
4560
4721
6051
5605
4576
5071
5011
4544
3364
3632
4821
5532
5490
3770
7708
4454
4383
5765
10081
4423
4113
4064
11368
5924
4012
4549
1062
4415
4210
5430
4025
5266
3988
5983
5081
7589
5573
4244
4525
4531
4963
6323
6931
8604
7978
2008
6167
5804
906971
5944
12333
7453
13824
6044
15285
6118
11650
4539
13285
11297
7454
13164
10251
13425
13555
9284
11592
7967
8805
14871
6088
8920
37198
8501
12353
6786
5619
6832
4674
4946
10274
7135
6715
8864
14246
14604
17735
9993
7851
11402
7324
8763
9580
24395
10598
15873
13236
10731
5785
18046
9200
11858
12743
20188
10542
16054
3958
8607
5396
12458
36100
9858
21340
70760
9253
11166
24650
4682
19157
108400
78380
89458
13119
21724
1031
24048
70074
22611
18048
23804
7265
10315
32830
21470
13290
15911
38433
6116
13215
11994
19263
12884
95699
10943
21044
30486
14821
24608
9154
13093
20349
13597
10203
14084
9434
30539
1305
16349
888337
12316
9180
895
900
1811
897
5443
945
966
921
962
958
931
7105
1087
5607
1035
4971
995
5707
1103
4877
1060
1253
1398
1118
2514
1340
2660
19087
1825
6841
1479
15257
1737
22557
1443
6799
1712
1695
1735
1774
1865
2127
1705
2130
1720
2199
1879
2076
2434
1852
1789
1850
1982
2082
2110
2048
2195
2259
2180
2111
2328
2341
2382
2723
1954
3119
3880
2086
3434
2650
3069
2848
3455
2253
2101
2984
2600
3932
2719
2221
2671
2698
2337
3055
2093
3080
3025
3600
2631
3045
9506
3432
3681
2540
3164
4922
3393
4761
7368
4546
3695
4507
5174
4561
7891
4384
6516
4673
8452
5625
5291
2907
8759
3650
17193
5705
6173
24134
4993
5172
3883
3851
4264
4144
5180
3577
4029
3218
4456
6821
5087
7261
8079
9572
4521
6197
6220
6367
4458
5992
6178
5381
4364
8256
7455
7057
6855
4788
8033
9515
4211
9757
4156
5907
8162
5517
5060
11073
14801
6875
