295208
117435
635679
580809
585770
79296
950972
18153
69816
27367
12830
9219
76733
596696
583378
20796
112648
117310
121678
32610
117627
587600
20538
17466
19899
77397
75310
22808
121739
24028
19649
23122
71057
21690
15095
72683
18217
19396
26970
20166
124255
315791
57738
119280
70940
46523
126281
77348
578604
117871
55697
73420
34516
613153
36861
127366
124295
613315
126033
78898
119826
32848
350102
824501
542990
19051
554594
602053
589236
76833
15466
53052
52977
18771
14770
73531
43908
25521
14267
14228
11975
14724
10106
607976
560260
116767
77653
440329
124663
583532
78145
70990
35596
21024
51854
81428
588433
85617
33732
71825
41856
108949
77632
99762
32481
262645
123582
23852
594400
582859
99640
55819
582595
21532
76604
20358
946296
17794
128137
46465
36735
46713
126957
556723
17974
74899
54956
69703
107126
39527
20393
115699
25985
602272
26050
20529
16415
602862
41519
389195
37399
43105
61640
23287
34323
56149
69911
26418
67691
17450
18998
17987
16886
588483
19679
15183
14266
116854
36067
14397
586668
13760
18000
13707
20829
40038
126112
38858
30218
30718
15212
104754
23169
580264
31293
51218
80177
27249
33578
637555
36262
608552
32131
80273
70068
313386
55963
57916
55335
16505
80786
29959
73389
58078
130554
38386
79961
27462
48200
24141
124936
74928
80763
567361
78365
22148
19792
26233
24033
23838
17746
24119
25736
21065
13311
21404
14104
12488
25071
29880
130282
30265
51639
17549
115460
57336
81055
62563
15344
72142
20418
92658
60765
22412
116080
21856
44637
24039
129044
128863
22780
19230
88626
53198
203855
576212
75845
18386
120911
27986
25112
26728
411844
109446
28995
116536
29053
16352
20817
18122
18135
24568
21169
28233
17743
74885
81889
23750
25504
17662
25405
118428
27680
25781
24061
23527
21330
13008
13893
16349
12158
49742
121437
573496
18620
26727
18679
118406
122898
902775
116334
593559
123290
69898
19219
17004
19585
24844
555027
32812
70827
45934
650912
19069
22572
51902
57934
19530
75375
33033
48457
61032
18263
52721
114837
18968
26409
42878
103756
51428
599249
26837
52360
22390
62837
23598
77298
19435
24597
24260
46855
39703
42607
23130
19618
90779
124879
18713
26628
26711
29020
24910
31335
16822
26397
38421
16976
14493
15853
16118
23526
25566
17514
11233
11228
11017
33772
27720
73423
28797
80315
20532
63539
15943
617662
807218
40803
20528
48630
13665
72399
21216
36111
20479
20719
40547
651945
328314
26382
66584
36578
23125
98734
38260
80787
853043
16288
27508
17586
31691
30545
26843
27332
117016
34565
24478
16586
63074
46984
15875
17330
19951
21753
18339
19237
619974
19470
27216
39438
23670
24637
94999
36044
22552
15899
30346
586734
24029
16644
20120
24413
23878
78068
18628
122278
25783
24320
114972
117249
15455
20052
542959
39328
24926
116091
16524
30202
17216
16813
22535
21235
28969
24717
23064
126370
25536
27104
543897
70419
20282
27768
25061
38955
29651
23250
113048
71324
22722
20001
23187
78032
34744
19084
26963
585723
23207
550674
40401
55284
19023
36281
39739
29067
80334
20171
24735
28912
48866
32274
19037
31088
39714
25650
34893
33615
24978
14261
36235
80162
20670
41763
56821
25583
20295
39674
77518
18532
85304
53941
33617
31933
27479
36597
27180
19948
30467
65779
52846
26918
28350
37089
20756
25637
21411
18072
35369
19946
79268
20723
49898
16248
18915
21422
17726
75877
15722
30595
21683
14024
26504
16907
23709
21381
23146
12748
23218
10999
11112
64365
80245
611456
28188
67811
37222
78856
32686
27453
20583
581801
17553
20064
115055
21016
77105
18883
26847
20674
88404
32997
33011
22199
21606
36543
16218
610719
23167
68235
16844
21283
17453
17236
37759
80849
23052
27045
34205
66228
61109
24696
17815
28047
434958
46033
47015
14855
27350
17381
21231
122780
17625
32731
24895
44498
40134
23715
14124
81911
32001
21529
31072
25697
67509
16119
15275
19986
24583
18609
48987
34853
64539
51155
22923
16355
32831
73378
20633
13673
18061
19279
18860
27324
36853
15864
18453
19521
23759
18577
69941
17421
12616
14123
12763
17429
15272
14218
17270
13053
15889
15906
9911
37217
23178
23753
30667
20667
34021
26797
21535
27994
32591
28487
19479
25544
78259
23278
48715
34084
32179
27955
25166
24388
21932
33095
32161
50326
18718
33889
38182
22606
116618
25038
21911
57788
32016
16967
21607
23619
25047
24460
20443
16187
34265
30167
14346
67855
605971
72108
26443
19426
20119
15000
17261
118477
25394
17856
16871
21014
18492
18596
13030
12946
14411
10867
62682
27654
20685
117501
52875
24917
43604
42474
35115
20786
20720
75064
20543
22420
17824
48823
116076
20990
78230
58395
15986
31027
20629
20329
27530
14274
27399
75177
17028
17777
25084
33338
51240
25272
53630
43718
27160
18896
36825
20794
20511
24751
28806
340172
122616
116900
22401
13535
15751
70748
24450
25756
15553
19356
65440
31826
24389
31974
33019
118474
27430
37148
22075
40305
20108
20902
16456
15804
28724
19939
55989
18937
14570
81135
26055
17467
22742
16022
25022
19055
15224
21781
19283
16653
17093
14816
14494
11714
11206
9000
28823
18340
38443
16824
20101
37250
28990
37443
62676
30181
19903
20597
68750
16574
16686
653775
18535
35340
27315
15812
18155
22059
15391
32535
20416
19215
36340
19593
36980
55966
20940
23291
37286
18925
20524
26343
21149
34299
29438
29781
69818
47801
130982
32536
25492
31619
33546
20094
30474
26284
32653
21538
25064
64372
393100
75790
71323
14985
20650
43815
21627
118083
75741
22917
27218
61776
34689
67688
574017
19041
23435
17832
22455
15451
23948
609749
23903
122936
28699
22967
14521
24244
17546
28057
17255
20945
29591
25381
66683
15151
32108
23269
64786
18862
24364
15881
14306
69753
24190
19492
45601
24071
25491
57905
26115
36202
123937
17063
80325
32856
18449
26810
25928
15977
27201
23351
29506
53433
30658
30650
33028
582337
23843
15835
40883
66162
20584
13232
24137
22364
26031
22121
25125
26759
19150
22320
28560
23088
33026
74275
17045
620820
43285
21726
291535
70055
23530
55080
594669
21835
36985
27927
28406
21189
582647
24572
20292
18362
16808
19640
25140
55609
17346
30600
118239
14671
32860
26384
37727
14184
29575
17340
18790
23674
14735
20568
18105
21438
20586
98194
26800
20557
13052
21031
17609
20214
18986
20789
24030
21493
12455
15790
12645
18266
24225
33499
109577
23395
22715
37321
25299
53611
54599
21556
60937
20130
17874
52243
21601
35631
40189
15768
20546
40685
31595
75481
22000
36604
105750
31222
31991
30021
18533
26730
16183
31373
22563
124826
58300
31811
31350
118683
27940
16563
18130
38983
23712
25063
16359
14234
24104
29513
27381
22805
27374
60543
17001
23231
15397
28727
25927
99289
127863
19329
19855
20113
20981
14983
16293
12808
13600
12903
12292
27009
83524
32509
24834
77889
37548
26762
29015
18813
79426
18160
27090
51038
27490
20413
617602
22315
19365
31103
31749
16641
21448
23671
26146
74671
33854
25905
36521
19330
21485
41864
37516
345472
35347
36772
27207
27856
25313
23476
29178
26243
22985
73424
28154
69754
49281
22408
19875
25761
24412
16623
53426
14755
33036
20322
67596
578510
35165
35832
18521
20089
116549
26816
26462
20944
35994
19477
22846
23337
67317
15861
15724
17433
20237
18992
15124
59207
20450
26312
20701
20943
70978
18811
22984
14601
21185
20886
16707
17405
18524
15976
11643
12371
18446
21948
29691
24632
21207
23219
79605
26594
23832
17068
28342
26225
17232
31623
34416
22814
20752
20651
68544
17977
28688
32475
31123
17042
18201
37520
52821
66525
21391
18237
32049
15051
29860
15110
25332
36640
15839
28351
71525
15064
121662
41666
15258
67512
14165
15310
19453
42925
26661
32656
37618
23011
22118
27798
28894
17184
33422
16216
22643
22937
20746
20050
21298
49468
37331
29606
18617
23829
28058
22268
24553
26062
21838
18425
16776
17766
26616
39572
17022
25153
119620
36128
18003
607824
30135
19758
26108
14730
19673
12831
37106
16030
18373
19050
22350
15450
21760
31325
14518
14194
12559
17629
17442
22096
14648
15646
13551
11370
62503
23342
125011
44007
37032
25649
81965
34229
16260
26778
22163
129204
45022
29851
34901
22639
16088
76893
28401
32028
18308
17517
21057
49093
566603
28665
21575
67625
23717
25179
24987
56073
18322
17410
20365
17552
19809
20080
22503
28627
105694
21088
36923
121079
14786
27543
17911
22228
78117
26278
19418
24836
17463
650901
48609
41283
41990
262151
70579
22463
17332
25919
27170
51544
542615
78509
33125
34706
28305
29298
393105
24661
33180
73699
19456
127039
26215
57843
594505
18369
33358
69444
115245
29619
65204
27740
30244
18068
82749
28313
18186
30065
21020
18548
14709
14296
12286
13779
34583
33903
17342
69773
45939
23449
23727
17665
52008
70407
26331
14661
44523
56364
31530
22558
17504
17720
77211
20656
32756
18486
23055
19411
100471
20065
24113
40001
74771
28165
28334
13718
29212
31246
20201
62897
16956
35016
30293
26719
20754
22309
31466
21900
18025
33419
61830
31886
26834
25487
32881
45603
18471
27129
75222
71409
34991
22519
83646
109384
18824
36637
18584
19607
15714
14872
17399
20500
128120
325409
15016
32983
74169
47217
19063
49780
129255
29530
18476
32008
19947
32399
14788
25794
17119
68639
35614
14719
22167
16443
15161
50948
33291
20164
73163
15152
117730
19981
19796
15449
41830
60221
71540
15773
14424
13353
20242
43190
19220
16520
20974
16959
19942
27805
28167
55310
19678
31833
19791
15602
25347
24756
13378
22627
17378
18514
16382
10425
11967
206414
20334
23478
15666
16991
60249
622299
70766
22012
17532
22667
22443
24609
26465
33470
36828
25952
47559
16409
25676
18208
123189
42143
39553
60768
17937
20087
38103
18385
25828
29353
72885
20074
20211
122949
15136
43399
22862
25507
17414
127097
29648
22504
36362
16555
25987
29467
29705
20176
27985
30862
23205
16203
19889
22383
100650
37206
79672
55436
42062
28997
28663
38385
39997
19503
30214
23499
18518
18560
71297
51597
24397
22982
17322
22918
120798
16472
21775
26664
35443
39236
20921
16985
69718
15952
35486
94590
19267
18408
19441
24992
23051
20117
16828
26105
607621
49996
24159
22242
12549
24618
14329
124194
14429
16878
19239
15395
19802
31065
17486
16572
25382
31406
17040
18070
25049
26841
17398
18743
13270
19425
118025
23611
17202
23597
18241
15200
17525
17370
31798
22038
23461
28186
555355
15911
20190
19145
19531
16322
15974
17501
16933
29974
35025
62922
61671
26244
21916
16884
27107
16692
629295
21131
23701
24283
16764
56863
30163
15690
67460
32945
20610
806273
23307
23978
31390
23848
71891
31829
20476
21116
20432
23387
14215
25848
50517
28742
19811
15940
17580
116703
20777
15948
16943
19249
20421
16159
21278
52015
18319
30012
30645
42170
21788
20460
23994
69967
20877
114919
21570
115326
25277
17712
15904
129942
115899
46574
16426
18567
17367
14084
15847
24738
17019
28805
50857
20599
14063
23981
55399
23070
14103
17519
68287
21263
23854
18686
15543
17127
26118
19957
23320
22637
25424
51678
48443
20739
18096
14076
12716
41183
119242
29411
28618
21688
26663
27521
33508
18672
15498
16387
16695
18123
23774
13678
25599
17140
20834
18641
19094
14987
14241
19260
66025
24383
19790
70461
26022
14595
12219
67026
18265
17117
16103
10203
33380
25156
17670
16435
21331
33518
17796
28746
18678
34096
23222
26087
24761
22690
23352
20770
29370
28255
19369
46550
69810
19046
22804
13851
66752
26237
15991
125747
28377
21663
18774
19392
22155
18639
20437
24893
34895
29895
17703
16598
42357
14109
15779
19454
17013
16757
23431
33009
44293
17627
29710
15109
21324
19835
33457
22321
23844
23003
19162
15985
16399
32627
22187
16500
22243
16370
17952
25698
20377
17690
21980
27872
77312
15015
17122
44583
43429
26592
22947
14189
24140
16283
152263
20766
18172
20805
20444
20332
34838
21804
36024
19478
24630
26271
16913
22579
20244
19357
28381
18720
23365
18195
27437
23332
33264
19550
24848
17669
19589
16379
19415
76513
20669
19864
21425
15479
15077
22279
15819
26575
41473
28876
31593
16484
21650
15075
114779
26203
51287
24342
28914
566702
18242
14479
18806
73755
19544
76426
36527
14956
12207
12489
26213
15262
19753
30804
27602
69619
27819
27409
26840
26948
27624
23079
51204
25223
17320
74838
15464
22377
27432
15954
22172
16559
20083
29132
21165
15757
25045
48434
17048
40673
28029
29271
69685
35954
73902
15163
54887
29751
22466
22467
25193
43792
69895
21635
19355
25600
26113
47866
28138
18954
16883
18109
24117
17600
29299
28079
25984
16241
21637
38903
24953
20618
15317
63013
605644
16136
33200
31132
23899
22071
14507
15645
16914
13312
20374
19776
15926
17393
15934
19459
32994
23025
28885
29679
43528
19316
31163
15147
44962
19775
19384
22767
30350
19485
22318
14953
69515
19302
14277
654950
26083
33659
20194
26671
23215
19573
20867
63283
25881
16958
16430
27140
17723
32066
17323
29817
24545
23160
126616
14846
14613
25672
69679
19423
23864
545409
21195
19081
20250
16237
19483
25315
15389
19661
25418
21147
29597
24505
49057
21145
16685
29281
17596
10556
11740
11555
26330
31965
85873
35344
22696
19210
61836
15766
17732
34052
297155
34490
25581
33164
541580
96147
21019
21747
75548
614395
17488
15929
29289
23798
24082
23861
49672
28612
22823
24017
22128
116361
20478
19436
17076
16557
14834
15171
20686
17483
14704
18807
22053
18570
15454
25479
19204
22776
21213
19399
22269
34942
20914
20093
24146
19613
20252
15517
23469
20564
72583
16307
19674
25746
14188
25157
19043
26345
20690
38514
25254
19364
15576
23376
19004
22046
35321
16794
21287
19039
21626
13020
22548
19282
17776
17656
17262
30691
46099
18479
20762
29324
22093
22166
18371
22832
50832
14506
19372
31898
25749
75900
18634
18926
107641
26257
30501
20124
13917
22564
17790
23140
28378
19923
16617
22909
16447
25741
17136
18033
42429
30744
22509
19777
21275
20362
24037
14520
37893
26141
23196
43497
17558
16433
25194
25495
15797
15746
16221
16897
13328
11782
11412
13683
618331
20321
37964
18189
17795
17615
41048
54552
23980
44426
29197
38990
33367
27555
17178
21510
27396
44571
18095
18014
16737
18991
26439
22826
24485
22783
59626
18526
14866
23338
17862
21555
14435
14470
24650
17566
18640
37276
25704
25124
19170
24458
22630
70655
34165
34661
19805
391281
17276
31351
20809
17107
19660
55713
64552
18131
15993
14216
23043
38001
13944
128471
17359
38263
15580
28065
16135
18483
19354
28339
45286
19666
600460
17871
28194
18264
19451
21614
23993
20790
22530
21476
18422
25147
20559
36829
27776
16961
30678
29846
25259
17379
20888
74905
16969
20966
24522
17072
26217
45866
29549
17750
42807
18157
19110
19022
31980
24988
27128
16422
18216
23875
24651
18494
16278
20495
24394
41434
22571
17241
25874
23641
19667
28475
19812
67408
17879
15393
32311
59750
21700
17688
14355
24173
17858
15501
18995
20647
23047
18178
13668
15326
21417
28569
25192
16654
15127
12432
14307
18053
11331
17787
18783
16848
12806
15003
15754
15135
15180
33837
76005
16178
26633
29378
25691
22249
19876
22417
18561
36448
36711
25234
19818
22169
14695
18688
544579
80882
18324
33115
23664
16768
37898
20238
115782
17846
36733
19419
30415
29816
54705
26934
25859
23890
116145
20533
21992
15721
23272
24129
120000
28383
16084
16604
19919
74236
20624
28354
18671
19272
20748
20774
71716
21211
17620
13709
18613
18603
31138
22956
22830
23144
26144
21977
18144
14059
17221
34343
19687
21769
18470
12439
16767
15845
17568
15671
72518
21965
17520
16735
16411
16591
581345
26957
30685
29005
125286
15086
63554
48981
122156
17318
36339
14679
17234
17229
18624
17383
14001
15528
14359
18011
18619
18459
21420
26140
18375
17225
45374
26943
19125
20026
30238
43780
17196
22456
22060
23821
17984
18527
18343
18013
54786
17570
26036
19278
13768
19144
20463
18895
16464
16988
22919
16841
16133
23256
20617
32638
17648
14898
20447
130321
16267
29173
14260
20028
24481
19159
19327
15758
16957
14822
33325
15504
21710
20264
23366
20152
14557
20134
19286
16177
12702
13399
15578
13767
13494
14600
35427
19739
33888
28988
57725
22709
26327
36477
17666
104107
31221
29239
38714
321640
17547
46311
16251
71618
95796
31741
27495
39254
20115
23204
57044
18576
24293
37416
14887
38594
18649
22395
20561
22116
14320
22311
15046
18325
23434
23151
21591
26242
15089
20466
17584
15227
28171
18814
19269
16438
29787
15815
22868
21182
26516
17133
19439
15474
15475
79700
40380
19346
22262
21398
12469
26267
77464
15898
17197
22889
14425
20938
13439
16357
18712
17334
24470
24586
16014
22264
16410
27821
27092
16385
19060
22974
18599
19405
28462
14033
14944
17682
75611
19502
22251
14207
13538
16427
22874
19843
21952
21506
17087
23268
16294
18680
15978
17130
33023
19719
19701
18170
17845
17422
19416
16155
20057
35915
23802
25368
16864
20936
23992
19201
18507
35047
18394
14409
24357
20869
15286
20042
12125
16105
13862
21712
16900
22374
41827
15863
26316
13796
18091
14636
20625
19452
24048
20591
17033
20556
16111
14130
14939
15808
17524
14674
26121
21152
35738
20003
30959
125806
122904
32861
17926
18800
123965
15208
19619
65827
77965
16880
26819
25745
19786
611503
16923
14911
22784
23080
20982
15912
20281
15194
21326
36154
21934
20148
23681
18946
20132
34036
18477
13998
26469
17997
22028
17831
40697
17840
18468
18168
22104
15430
14761
29398
19375
18706
21649
17693
16172
20860
13076
21098
16825
16851
13424
23442
19568
16816
15572
21408
19555
24243
21566
12597
16078
34500
17361
14201
14635
16364
18838
18382
24477
26099
19830
19207
14039
14210
21059
24251
18275
33904
620941
16291
25699
15601
16460
18192
13702
21964
25011
16850
17238
16245
19564
15924
17377
14638
21548
18439
21969
21971
17112
18955
13256
24581
25413
24875
26012
16749
18016
16292
26796
19879
17292
23336
18198
15298
18670
17011
17277
23211
14212
20336
22927
21148
29267
20850
20177
19828
17094
21735
16845
43592
20601
19514
45239
16496
73181
22930
25211
44878
24385
16441
14451
15116
18060
14602
21619
20054
15023
27407
27948
17503
19424
20866
15134
17591
16910
18017
19496
16948
15178
16964
20999
14958
15481
15106
16461
21297
74191
16869
18854
15599
20871
25484
17227
23037
22597
23609
12151
21053
13520
14832
12426
24455
26431
15465
38865
27775
33166
78990
16645
27582
16556
22495
25522
69427
27163
17643
22501
26451
16632
19489
110997
17097
69722
40017
27659
24935
25454
22760
47548
21676
17016
81430
18924
27212
21026
16981
124097
21251
22856
40265
32059
15365
22077
17801
16179
24755
17263
17246
29949
17614
27047
12483
28077
23026
128597
22079
25860
35270
26110
12518
18667
15126
15149
21108
79782
14280
22979
16440
16327
16169
17012
15414
14314
16206
22179
17031
17406
17287
21429
16033
19841
18835
25998
14856
26657
16631
15166
15718
14541
19743
16658
27542
12251
20660
20963
551127
20653
17791
20240
19798
26122
20654
15386
18211
18871
15423
20149
20970
22082
18176
13368
15878
22621
21984
19400
19461
16624
14034
15697
16228
14166
22252
118605
14675
19904
12626
14474
20274
14417
13988
14489
14682
16977
16161
19771
20644
16350
14621
15334
16918
19191
23716
16468
16167
12169
12924
20619
14757
18597
35597
15987
25827
12523
17256
13889
15050
29074
14178
13012
19982
15284
13967
14716
19516
20462
18331
21355
15482
26163
17931
17779
33576
13479
15367
47882
19155
18675
18517
16360
15321
25433
19800
16879
15403
18240
21461
16236
13432
20489
18752
17527
18222
25666
13530
18788
19497
17741
17164
17876
15520
18165
22150
16539
18409
18300
15102
12246
16588
19187
17110
17985
19528
14238
11566
10921
11383
27234
25028
53389
50486
27803
20480
31832
76445
27412
44512
19767
31447
26678
29244
20112
19058
24950
19363
24580
23452
21515
26604
21312
26868
606794
21329
17573
27623
15153
19442
30875
84382
23498
31377
23407
30828
18872
31814
23887
17144
17735
23963
34124
32196
32762
52365
15566
19075
24405
18318
23152
25422
130436
16912
16060
17544
33665
18605
19538
22101
34270
25374
26379
15125
24701
15511
15220
18392
16202
20798
20881
15685
21028
18702
16781
21246
15092
12475
21820
21675
18996
25572
15335
16734
22043
33246
15920
16490
18248
14250
13999
20964
14173
17387
16151
18940
16262
18417
15923
13945
36091
18035
15796
12785
14369
16986
16344
16571
18007
14083
13067
17443
19676
16114
14862
16924
11796
29985
15792
17810
14880
15174
25155
23483
35638
15820
16528
19614
18490
23386
13962
20262
18785
18120
14325
25060
16999
15915
12194
27541
22133
15082
13937
19275
17579
15363
21819
18611
15818
18034
17372
19978
16827
21926
18550
13739
17676
17404
13714
23595
15243
17109
12844
18742
15831
14483
16725
20233
17447
27868
14236
15786
14105
16211
24763
16512
11854
17162
23161
15549
14022
15905
19253
16445
18764
16601
20899
13147
14801
16491
14710
14476
42451
16748
13501
16698
13939
17189
20107
18833
12262
13131
13032
19628
16832
13247
14436
21718
19276
16919
16670
18411
17150
14655
14593
15277
15591
15747
12510
11958
11625
11368
11034
10753
11013
22329
57705
39637
14225
29956
27463
21528
17574
95591
24869
15887
39062
555154
32985
38278
30518
15865
17006
29540
28027
38617
35535
28278
21978
21359
21017
44097
23299
68357
20508
29532
15834
20290
18681
35430
22323
15609
26702
17092
23474
20547
50224
15265
25913
16315
15689
38063
26231
19822
18488
21854
19420
16723
18191
37110
17020
17601
25975
13899
16423
28447
18839
20979
13335
15099
15070
18815
20865
17327
25796
17142
26999
17079
27612
20757
19268
17744
17575
15525
73496
27419
18310
29903
19706
15027
20534
17755
17185
18825
15218
15965
15137
18196
17056
23179
17132
27970
16639
17513
25350
14247
20136
20906
20715
16189
17260
19164
18746
23917
18111
20643
15085
15567
15614
14256
14821
30859
17426
13403
16130
16358
13853
13401
15668
14812
15886
17786
17943
19762
14430
14608
18635
14150
14813
13318
17428
16579
18866
16796
19709
12692
12129
24074
16856
18763
15776
20514
14498
14540
18687
16700
15484
16989
16868
17816
12370
16050
15446
13160
15556
21787
16780
19158
15638
19261
14115
19746
18090
13752
15156
12811
13968
17673
23197
15471
23347
12408
14110
17769
15213
16309
16615
20961
22246
13568
14321
15351
15162
13799
13814
16077
12351
20382
14977
15800
13098
14766
18717
16246
14629
13809
18113
18475
14311
16048
13254
16710
16540
20239
12942
16365
15144
21221
12682
30283
19846
16801
14298
16551
17848
13926
14154
14896
15770
14913
16222
14428
15579
13783
13596
13500
15172
11673
12530
52151
299436
38852
19143
20109
32148
32943
21467
117564
16413
206484
22873
40479
26680
49486
23689
16483
19896
23111
21998
16815
123456
26864
38711
24903
119469
76795
28113
27079
69015
22655
30162
557228
22209
27069
20126
67502
39220
55159
18969
29072
117575
20673
28986
25974
50295
31686
17528
22438
23998
18508
16305
20387
19444
31890
23827
38510
17516
14870
13268
47796
19175
26761
15056
22952
37212
15361
15437
29906
18366
18733
16603
17854
13458
14177
18585
26456
18180
20962
17275
18784
14658
12184
14315
22912
18012
67753
24655
16108
23585
18365
18556
15250
34670
16503
22375
20185
18277
14318
17917
19379
20111
14495
17143
17135
21392
24254
17128
16521
16495
14769
17679
14596
24288
17724
14180
38795
13057
17489
18938
12375
13363
18244
24203
32769
22256
15649
12870
32543
13772
23029
19197
14283
21708
13108
18951
19285
15542
15184
14106
15488
12759
14843
14116
13391
19970
18966
15562
13928
14627
13441
16146
14340
14924
14246
17912
14972
18132
12509
14407
14642
17521
20740
16051
15461
12994
13380
12373
15191
15990
20976
17738
17235
15405
16345
19025
16584
16317
17559
12372
16193
17228
15372
18086
15785
15476
12605
19032
15735
16652
15202
20927
15221
15336
18358
18497
15238
15354
15042
23964
18562
13492
14889
15660
15387
12771
14951
16026
12579
15343
13822
15683
17195
20150
14864
12938
12967
19625
11742
15330
19234
16731
16388
19280
16585
13370
16904
18879
12863
16621
14463
14239
18665
16418
13861
14809
12743
14841
14070
15574
18707
13201
15315
12547
12569
13210
12231
13985
12131
12291
17491
16561
13375
15045
13509
14509
15058
15836
18066
23145
12236
13337
13522
12180
13847
15967
9985
23804
18612
54650
22854
23329
51142
32682
28226
52386
23885
19712
21187
21280
36057
18999
16575
16470
23405
22396
19842
29493
21462
43625
18199
69778
20494
16346
19054
35923
27640
50754
19072
27481
29334
24866
16860
22370
56950
18644
124966
26171
19223
96580
24957
18143
17957
15951
17058
16396
24336
23697
26618
22326
18125
23190
23772
14394
14597
12961
19959
13979
14444
19772
17822
22640
12570
14823
545011
19067
17597
26656
20956
14743
23448
17416
21117
15483
16809
25515
26785
15117
15438
20018
15041
21990
16643
25948
24902
77863
19636
36499
15512
14547
22451
15020
25295
13266
14948
17680
16582
20249
24075
19704
15311
13638
17485
22569
14879
22294
16637
15034
14930
13856
13749
13524
17212
16699
14199
19659
14245
14670
13818
20854
13943
20000
14403
18065
13552
21474
16501
13114
17651
13159
14937
15017
12437
14422
116274
16101
17131
16947
14768
14018
14505
15611
13923
14461
24436
13651
18674
15739
12014
12928
13855
14337
12719
17975
12977
15691
18015
13650
14999
19747
19740
13734
15862
16295
17793
15263
14443
18151
13007
13756
14517
16341
14586
15826
13745
13255
22302
13580
12948
13966
17274
11256
13627
14348
11335
14412
16154
14213
13281
13949
12637
16785
14694
16233
14503
12649
16770
14533
12480
14859
12329
13228
24604
19317
23131
14848
15780
12561
14060
12663
13581
11700
29629
14550
14004
13983
29039
16329
14473
12490
14676
13606
13124
14011
14492
12004
13950
14702
22047
11511
15087
16885
20258
12883
12297
22189
13671
11400
17437
16047
13993
12512
11585
13047
16891
14701
13332
13093
14377
17037
15760
14341
12864
12914
18957
12105
12543
15791
15121
11996
13527
13477
12882
16063
16659
14626
15794
12183
13362
29150
20016
15755
16164
25762
19916
18469
26783
22458
22016
21974
21419
20349
109127
18330
21957
18390
18205
26524
34246
21350
44005
28987
51917
46910
41402
15376
23443
24724
72702
28225
16454
26064
23828
19114
22158
21946
21177
12908
19065
14156
16889
21673
21018
15631
74220
20371
26887
20395
19083
18073
19599
19652
18398
14142
18381
20441
15654
15885
19543
22538
18251
21025
12336
17067
16480
16076
18912
15961
30123
21620
14677
24771
17850
18088
19463
20315
25067
38879
17622
18715
18777
17925
20340
67412
24534
17813
14895
22523
15185
17081
31923
47341
17102
18164
18935
26812
12614
26598
19733
14392
14527
21349
20350
81242
16227
18289
27302
18615
22878
16338
19076
33008
13696
13502
16256
23004
13299
17264
15659
26252
13675
20423
16072
24654
27443
14088
17036
12926
18233
17345
13798
14351
38748
24994
24077
19529
12762
16857
15201
18582
17390
16755
16007
13116
12333
16029
19580
14811
15540
13891
17179
16525
13924
17438
13472
15803
14914
14460
15271
16446
17380
15189
24009
12394
20916
15357
15021
15563
14643
24688
15732
13970
14240
20427
17230
13179
14365
21193
15921
13815
15273
12216
14040
12380
13775
14108
18976
15399
13854
12355
12671
16229
12132
14294
13200
14526
14715
16397
11997
15206
15608
12345
17604
12193
14742
14450
13785
14884
13989
12720
13532
12009
13320
13632
15521
15730
17297
11054
10711
13467
15119
12541
13630
15687
13648
15091
12028
13958
13277
19227
17808
13177
18099
14179
18887
18118
11777
14721
15142
13864
12920
13541
11089
12444
12476
13682
12080
13250
14555
11201
39519
13770
16008
12279
15038
14069
10755
16766
13685
13611
12312
15412
15672
15380
13931
11964
13203
13035
13455
13090
12891
13786
15894
15043
14577
13134
18182
15627
12876
12598
13663
12326
15704
13367
15837
12107
13365
12061
13784
13672
15681
13811
13698
12892
15630
14456
10948
14098
13514
11914
12320
12390
13414
12022
12640
12594
12642
13447
13986
13402
13990
13570
11476
12744
11712
10722
22951
69333
20747
27387
30016
70674
21796
17364
21192
32082
26388
33819
67336
15789
177444
19820
16243
29262
25724
14836
32497
19157
16066
18770
23035
22460
66966
38172
22465
33280
28900
97771
75438
17803
19542
38078
23154
15411
21765
23257
37751
16973
18161
23082
16810
33285
31949
39906
28260
15584
25864
18069
16724
14882
31987
28395
16936
24325
17907
21666
115953
19484
16550
16080
18694
22705
14487
14094
18383
19246
18454
17760
119996
24647
15469
25841
13703
20399
17762
20925
17313
16279
20326
27081
18652
18260
22682
16866
11868
14439
17959
17739
19664
12930
16175
16789
17476
18167
30249
17174
36895
14775
14800
23265
17190
18741
13941
18541
12793
20031
14576
17108
15869
15615
16578
14904
21917
16196
16527
14073
16778
19490
15285
43855
15635
17722
21249
23092
12708
32232
19389
18368
13645
17852
20872
121689
15565
21592
13816
16128
16099
16296
14319
20795
15491
15379
19314
17502
18043
23734
13574
19446
16197
16449
15472
15729
20581
17637
16054
15955
15432
14295
12313
20106
18256
12487
14367
13082
19909
15138
13874
13664
12011
12038
13905
16021
14324
15532
13525
16339
19569
17477
15613
12506
15605
16252
17052
17025
14663
13105
15219
13218
15825
14396
13932
12685
12124
16979
14481
16983
15296
14204
13288
14978
15487
19020
11522
12698
22336
13044
13154
12079
12519
15366
13209
13769
16522
13148
17461
12821
13224
13174
13103
12023
13602
12454
12147
11579
11768
16074
11319
12420
12817
14437
12102
16940
12316
15742
11330
11668
10511
12272
11359
11798
15767
14342
12276
16018
11775
13413
13166
11839
11295
14546
11254
15040
11183
14118
13456
13804
13906
12093
13690
19437
12921
24081
12566
31969
11950
12906
12610
15444
12362
14744
12823
15248
13356
12325
14758
15288
12799
13747
15297
12641
14202
13264
10797
14459
12922
13755
11674
12585
12849
15068
11729
12398
14478
13473
11646
12517
14012
13155
13272
13405
11540
13276
11944
12452
13187
12745
11806
13206
11941
13858
14574
11240
11505
11857
12399
12726
12767
12575
12827
15150
13354
10734
13303
13517
11849
12403
14169
13349
13267
13655
10915
10804
31251
30013
129188
22267
21997
33415
23048
24163
39151
33032
31180
24376
14087
42220
21346
35196
22669
26138
33160
33345
21290
52359
19367
25301
18648
36393
28925
28465
18274
79610
22454
30237
41296
21218
15840
57789
14625
17044
18943
23039
17630
27179
29508
14143
35628
26557
18558
14805
18119
20847
611488
16881
19182
19486
17942
16095
22263
15956
25409
17464
29126
17160
12665
20852
21846
24937
20572
22245
19256
77119
26898
23616
18633
17535
16536
18781
23060
20442
24814
13024
18424
29036
16326
69643
20717
16158
16082
19949
17610
23213
27312
12998
13592
17343
16266
18626
18245
21936
21166
20672
14756
18975
15203
15332
15069
17775
26498
20121
15807
19014
16715
13849
16993
16739
20551
17781
15593
17066
26261
14640
15648
19638
15385
16684
28538
19017
19813
22031
25994
18023
19010
12775
17667
16821
13150
14101
17492
17998
13806
15621
17003
13392
16173
16494
13921
14017
13882
15222
14943
13780
17205
14764
13139
15983
13237
14765
12498
14912
15468
20470
13198
12650
18759
15394
14838
15709
17172
13959
12634
16721
13740
14162
13296
13817
15628
15975
15141
12816
16347
13710
13528
11532
13251
13016
16093
12786
14969
13919
12383
14910
17707
14067
17244
12513
12264
13191
14496
12000
11515
16249
12958
15036
15594
14147
14152
16354
13149
13938
14242
12874
12689
11216
13661
13331
12951
13496
13369
14992
14313
14452
11931
12265
13486
11995
16040
14288
12374
13310
14684
11731
14553
14861
14304
13129
13549
13688
13265
13873
13248
14135
11784
13153
12412
11934
11738
12933
15318
14467
15652
13542
14957
12833
30490
16537
16581
12814
29310
11507
13345
14446
19551
17070
19090
12171
11103
12033
11666
13314
13619
13065
11728
14030
13073
12165
11217
12503
14185
13585
12030
11791
12225
15527
13544
11263
12589
13151
13578
12352
11652
12041
11614
12122
11664
11814
11071
10557
11045
12712
12533
13451
11991
11040
12591
11718
11608
11922
15428
11455
12413
13511
12047
12980
11691
13352
13737
13878
11745
16607
12172
11194
12804
11101
11403
11348
11044
11569
12764
11612
14920
14591
13857
13788
11881
11968
11339
11247
13844
11398
13777
13239
12473
11429
12268
19765
11014
10868
11502
11171
12142
12872
11371
12027
10256
12752
10835
10671
10883
13426
11512
11059
11224
11556
10479
12029
12678
11933
12664
12445
11126
10837
12243
12060
10642
11069
11966
16799
25033
91497
70087
44406
17640
26779
13245
25275
16761
34000
16403
19434
69489
16401
22580
18801
32288
56929
66343
25467
20163
24706
23076
116352
16901
125090
16786
19474
16253
17753
20549
22271
39001
17863
24963
118584
24223
30889
20058
25612
79382
20056
23627
22935
19178
28718
15338
22520
26264
29495
14056
31391
62198
21996
21405
29766
69834
115655
24483
21714
18239
22193
27715
16219
19839
31210
14299
21237
24149
25966
22177
22391
21677
17771
16754
17247
38250
16683
14565
14263
20942
16340
18805
17825
13712
17448
19518
12573
18593
14650
14276
16419
16083
16583
18906
20436
18384
72010
16903
17149
44026
13601
19334
71207
20254
25300
15589
14964
14609
18853
16784
42197
19465
17971
26190
36368
24519
20954
25415
13812
29459
25847
13180
19562
17650
15969
17930
23439
17613
23636
21292
80665
15632
15734
19956
14089
15850
21209
21799
12972
16531
18573
18888
22170
29059
17245
15938
12856
55667
15232
24047
21212
19874
13461
27783
12851
17402
13691
15047
13808
17965
15705
13744
21271
15743
17272
18357
15094
17897
17581
14262
19031
12925
11780
15524
13419
13088
14644
15622
12457
14573
12516
13900
14942
13886
16068
13225
13954
12138
12337
19333
13669
13576
11087
14860
13319
14984
13721
14046
16560
16949
14354
14785
17751
14366
18918
14085
27716
12338
12877
19108
13415
17213
17674
11904
23537
12515
38301
15123
14151
12163
13118
12898
13023
11645
12652
14802
15287
13042
15407
12609
11693
14372
15784
12285
12113
13010
15113
11850
12810
15545
13100
11606
12202
12493
16015
11647
11428
12365
13898
14330
11565
12288
11678
13011
12227
11918
11733
12301
13253
11577
12624
11189
12514
13603
12713
14224
12191
14014
13636
18435
11242
13975
12655
11735
13229
12822
11803
11293
12697
11465
11110
12805
12974
12435
11659
13056
13157
11470
12423
10765
11113
11323
11239
14794
13625
12983
11677
10845
11866
11187
13120
10941
11052
11425
12792
11449
11430
12039
11416
11294
10800
11504
12462
12691
12572
12688
11447
10651
12266
10344
12153
10379
14542
11307
10759
11586
11215
10682
12275
11858
11617
10732
22884
11764
32607
10793
19133
10741
14722
10794
16450
11596
10784
11388
12854
11687
11186
11865
11028
11305
11703
10285
12066
11268
10257
10315
10918
10210
11445
10677
12657
10890
12328
10245
10169
10516
9839
10510
12484
11050
11437
13348
11593
11349
11723
10621
11343
10706
10851
10996
11846
10193
11759
10730
10687
10738
11290
13128
10715
11020
11490
10058
10847
10770
10634
10631
10376
11318
11251
11361
10206
10811
10552
11415
12308
11552
11238
10986
10490
11546
11442
10429
10888
10649
10622
10644
10710
10736
11303
10535
10239
11821
18913
20469
13887
31272
44300
23908
31713
22978
49883
21679
17944
36897
30776
25458
17510
82983
42048
30076
59682
17460
19560
51875
74949
26704
18227
18372
17091
15269
33823
14029
17557
20710
22616
31051
18114
18586
19029
24923
22083
21272
24762
15519
25110
109922
17922
16802
18272
19595
30746
27275
15761
17864
17602
24280
47760
14091
22134
18154
20328
29664
17333
17363
14692
27547
34587
19473
15590
17653
14384
19174
71506
16508
21299
22382
17242
13390
23057
17298
21009
34030
20100
17354
26424
24716
20144
20062
18682
17302
14814
20598
18273
19113
20351
12210
21099
19339
13719
24245
21406
14548
17661
13161
15717
14041
15080
16982
29315
24353
13308
18831
16213
24475
13235
17010
22459
24165
14129
16434
14700
13215
24328
16795
13994
22729
17368
14293
15830
15701
21178
14902
14971
17678
14048
12359
15500
14233
20179
15596
18802
17484
15293
16132
13359
15523
13372
15502
19116
14395
24340
14787
26214
15060
15546
21293
12963
29571
13773
16870
11708
11311
14401
13054
14229
11785
12319
15866
15586
15782
15984
15368
13835
11559
15207
12450
16693
17806
13942
12909
12639
15103
15478
14458
11992
13802
13493
17409
14949
16783
14935
13717
14534
13706
12648
13723
12932
13694
12220
12176
13560
15753
17309
14148
15817
15388
12551
14217
16486
12424
15374
12582
14501
11765
14050
11979
13883
19836
12704
13205
15507
13438
12845
13286
11195
12091
12997
13982
26377
13081
22098
12504
11989
11945
20604
12568
11837
11760
11494
11690
13588
14433
11188
11813
11889
12734
13628
10606
11886
13653
12294
10470
10447
11631
11185
11689
12623
10603
11245
12376
12769
12303
13246
11706
11921
10588
11533
15410
10368
11883
11716
11580
12436
12440
11001
11480
11308
10817
11483
11365
11438
10307
11203
11741
12250
12226
11467
14095
12737
11094
10693
10507
10792
11277
11270
10979
10860
11433
10569
11136
11578
10776
9992
10646
10891
10372
11173
10524
10833
10440
10387
10737
10963
10472
10629
10192
10264
10726
10331
10656
10829
10698
10139
11043
9940
10880
10443
10607
10383
9975
10735
10667
10069
10471
10544
10571
10874
10605
9523
10254
10992
10966
10488
9869
10154
10448
10462
11109
16356
10394
15061
10199
10382
10749
10581
10648
10289
10249
10283
10227
10188
10174
9988
10148
10200
9888
9834
11179
10027
9998
9613
10052
10050
10330
10009
10408
9823
9921
9994
9933
10103
10233
9976
9650
10007
10680
9949
10019
10120
10423
9967
9725
10180
9997
9904
9581
10135
9651
9964
10783
10212
10573
10013
10306
9546
9394
10020
9470
10074
9847
9610
9338
10421
9778
37114
19221
16888
20845
30577
64674
20548
35624
34119
35080
18092
23895
32111
17392
43179
58853
35895
29827
28481
22307
20473
15025
20741
85235
60885
23058
33391
17623
32004
22409
28410
16199
14853
26917
39176
20971
26952
25851
23914
30710
17086
16762
25330
17155
15744
47131
23245
17976
20853
35220
40756
43020
18395
24507
20373
117978
78229
16873
19541
27843
33217
21111
48731
28368
16477
18778
12901
16703
20697
15342
20501
108132
26461
22164
25279
16915
11977
19341
25142
14516
22092
14133
17511
12841
17991
15294
16300
14970
15749
16079
17106
23560
18980
17529
20096
16328
15663
16716
25654
15390
13106
24673
17432
17686
15775
16728
21841
22518
23920
15039
17774
17505
14251
15067
18565
15581
22376
20303
22250
117256
15575
25402
19016
13787
13805
21618
16854
22205
22065
16677
12397
12992
11039
18401
14936
21228
18039
19001
17095
19992
17000
15529
32853
17572
17696
14733
15994
17541
14049
17954
17899
15560
12115
15078
17716
14955
13260
23462
20822
12068
15694
12978
16039
20820
12112
16628
13624
13060
14762
12540
18836
12411
13145
16965
14647
11985
15813
12881
14209
15356
19070
14699
14858
16069
20005
13840
14096
13429
12669
17023
16032
16034
13684
13839
12741
16242
12915
14741
12529
13422
15910
14373
13316
12584
13431
13778
15255
11473
17060
15918
12871
15434
12866
15692
13676
13355
16089
17717
12209
15936
13122
15302
15028
14168
12604
19685
13836
12213
12736
12939
12346
14144
11871
12757
12072
11341
14603
13484
12986
13483
12051
10526
13935
17749
13449
12546
12668
10197
13573
11699
633183
13973
12505
9830
12558
16806
13342
19036
12045
13004
10674
12289
13013
12746
11938
11459
13523
11513
12240
10940
11426
10626
11675
11395
11024
11576
13162
11272
11486
11481
11208
11561
11114
11601
10229
10976
13558
10786
11781
11168
11439
11581
10947
11274
11016
11273
10314
11197
11389
11484
10709
11971
11508
11160
11061
10300
11123
10434
11482
11219
10402
10380
11236
10805
10943
10415
10351
10475
10338
11453
10525
10679
10925
10724
10121
9744
10036
10078
10813
10592
9981
10299
10269
9798
10208
9993
10441
10253
11234
10399
10309
9813
10185
9602
10236
10213
10451
10155
10602
9786
9710
10659
9727
9785
10274
10088
9867
10039
9732
10065
9853
9784
9698
9819
9532
10012
9509
9558
9683
33468
9890
12192
10502
30282
9411
9179
9662
9742
68180
9828
29427
9590
10045
9680
9861
9441
9469
9628
9291
9625
9352
9902
9583
9333
9697
9217
9549
9584
9508
9737
9963
9686
9344
9301
9501
9307
9565
9771
9299
9326
9331
9095
9412
9316
9118
9767
9643
9133
9168
9276
9567
9741
9252
9038
9145
9207
9360
9298
9057
9496
9197
9266
8920
9569
8994
9199
9166
60417
20433
34621
14986
569835
21035
17891
21356
44551
22464
38742
18904
24078
20527
77540
21615
27441
25772
30088
27146
58502
19217
102135
19991
58886
19102
15274
14153
21758
27031
41798
75665
25000
20933
57272
68730
23934
29755
17768
25010
21870
23071
15353
17021
14158
15131
115304
66628
94615
16265
68344
27169
14112
16124
29258
28840
17913
14946
22186
32332
49187
30018
18327
20359
20874
16798
18359
15662
20497
15707
15859
30476
18677
17454
21655
24613
22751
14290
24769
17129
16898
17054
21190
22724
15235
19467
22867
15199
16259
16928
21664
15324
72660
23281
23036
32308
12717
23555
14174
16144
19208
12778
17495
15170
17772
15237
12314
17304
19413
18571
21625
15510
21628
14839
12593
13567
12840
15677
23714
19093
14799
14380
13466
16846
15848
17163
15944
13188
14378
16046
24665
14111
26861
19751
15130
15260
16651
21125
17969
13617
16405
10247
14312
44560
14131
16367
12170
13996
18083
18279
13888
13936
14929
28671
18710
21502
14876
22672
15225
14899
16606
16594
14268
14301
15907
15710
14610
17564
17217
17252
16319
17015
12710
14064
16301
12419
14472
19395
15306
13992
39475
12982
12777
12723
15516
15738
15420
14536
17192
18692
13963
12774
15788
13789
15642
12969
12916
14431
14093
19141
14128
13315
12034
13834
13536
15658
14893
12917
13216
20269
13400
13948
16025
12260
13626
12711
12670
12128
12201
12912
16271
11924
12090
12750
15104
13892
17289
13306
12622
11891
11081
14271
14668
16049
12768
12050
13406
12056
14519
14514
14549
11761
13050
10946
11911
13474
12379
12776
15917
11946
12684
13498
11672
15436
13031
11959
14010
12186
12600
12063
15823
12481
36799
12300
69681
12553
11360
11726
12869
12539
26355
11573
52932
13792
11309
11362
12760
11627
13287
12428
12842
13695
12217
10411
10171
10326
12024
11572
11107
13656
10932
12148
12675
11466
10884
12104
10542
11241
11635
10907
11019
12121
11407
10615
11128
10873
12094
10639
10096
10565
11207
10863
11754
10460
10305
10301
10828
10268
10657
10995
13460
11701
10182
10604
10219
10768
9899
10439
10143
10167
10230
10068
10450
10518
10895
10885
10189
9974
10534
10064
10528
11015
11662
10418
10091
9781
10625
10820
10754
10609
10514
10140
10024
10021
9848
10151
10118
10158
9812
10323
9594
10175
9577
9821
9498
9499
10028
9958
10054
9845
10840
9913
9488
9439
9493
9527
9817
9810
9713
9263
9391
9641
9702
9341
9513
9407
35983
9510
23660
9780
28967
9174
22388
9540
14381
9281
19098
9619
9475
20455
9585
9074
9030
8881
9215
9143
9486
9429
9193
9537
9206
9175
9176
9320
9250
9156
9209
9141
8992
9027
9043
9180
8975
9024
8973
9164
8871
8932
9019
9032
8957
9007
8922
9161
8794
9064
9008
8890
9023
9080
8921
8955
8984
9045
8858
8914
22618
42950
20843
20088
20013
94533
34099
18588
21095
18829
24612
36428
21504
19011
21034
30208
28321
26428
13826
18734
33064
25195
23865
17785
70146
14026
16171
15979
17499
15073
13448
15401
30836
17073
14928
17089
27262
20417
21491
16085
24928
12937
16081
13797
17310
15953
15090
18798
19448
21446
16204
16718
70115
15765
15290
16037
22430
18002
14790
13507
16673
21689
17594
16863
12237
15490
13291
14891
11462
12742
16853
12531
19718
13133
21950
14195
17718
13680
16858
15146
15618
24257
24123
15844
15447
14705
17940
14616
17078
13358
16055
13724
10930
15711
12557
15669
22054
14599
44270
14907
15192
13002
9939
15441
14387
15327
14282
12796
14618
14126
26091
12789
9986
18221
10159
11810
18923
13765
19803
14211
12410
13000
22331
14740
9629
15014
14360
19394
12414
12544
16660
12659
14362
13029
13321
11976
12835
16330
33688
19380
9881
12700
13865
15650
12106
13781
15526
14449
11875
13533
12025
12270
18851
14455
11431
18753
16544
18376
12156
14416
9788
12747
12460
12500
16268
11894
11243
13620
14080
13417
13599
11634
11948
12784
14873
11697
13751
11953
13351
11192
12560
12282
12847
11550
12733
12761
10938
11078
14589
13263
11193
11363
13450
12035
13290
12392
12701
12999
12154
12843
13435
13186
11916
12960
10156
11082
10612
13068
11910
11867
11085
12287
11848
11907
11863
11872
11213
10242
10914
16733
12055
32494
11386
9878
11212
19115
11205
21012
11150
10474
12694
10508
10961
14272
12434
10459
10739
22352
13771
12686
11789
51850
11737
10321
10541
16181
10385
520489
12656
9672
11722
17885
10183
118770
11501
21132
12606
13869
10956
10062
10818
9504
11518
15726
10635
14996
11417
73386
10381
9764
11679
11801
10335
28693
10952
16195
11297
109130
10878
9681
10530
9383
10465
13384
11161
9552
11149
21686
11106
9463
10728
19825
11048
78947
10400
13819
9920
9718
11246
9495
10258
9597
10480
9659
10902
12595
10654
9389
10016
15661
10339
9452
10044
17407
9149
14269
9712
9950
9563
9842
9599
9364
9556
9502
9720
9571
9811
9481
9620
9689
9668
9308
9476
9442
9327
9313
9492
9317
9213
9644
9192
9361
9371
9123
9401
9706
9157
9265
9232
9028
9237
9267
9236
9235
9729
8988
9137
9124
9082
8856
9003
9117
9076
8801
8872
8734
8746
8990
8875
8679
8976
8757
8807
8911
16523
8824
14252
8607
23263
8701
10111
8725
10204
8784
78020
8618
20560
8561
10591
8629
22041
8631
17444
8504
10802
8554
16927
8473
31269
8485
13386
8497
14952
8454
28319
8412
13972
8400
18019
8356
14720
8432
9703
8441
19977
8417
37947
8351
10491
8382
12729
8385
45469
8374
40696
8341
9717
8354
17494
8338
11558
8320
17206
8339
21432
8335
30656
22949
9795
37362
73722
15216
14712
30247
18501
16038
12556
17415
21021
25774
9572
18643
18184
28539
26005
31035
29593
21369
46062
30976
9056
117480
17621
27455
9204
33938
14991
13278
9194
47763
15373
18079
9210
8876
9142
9049
14857
10705
8893
15882
17180
68588
20228
20221
46349
43850
24506
18827
18234
19109
23718
19000
22398
116456
45158
24343
13753
17266
21571
16198
14803
14253
16867
18270
18018
28874
15665
33296
32582
341000
8569
23682
32633
12826
17215
114926
14347
21516
75417
17478
14316
21589
13249
19943
20352
16852
12820
26097
30881
13591
10166
18478
14021
18595
15065
26505
9283
14035
14068
74816
9910
18094
22653
15257
21833
23109
20289
19322
18965
14926
9917
17356
12254
14777
15679
22692
18959
16273
13427
15515
10457
73160
12753
23516
18048
16016
16820
66134
34435
18858
30945
19867
14581
28076
12196
18921
9925
17253
13515
20007
16760
13371
17451
13475
24309
19680
12787
26027
12855
13192
17084
15503
12751
27704
20680
13478
11286
21623
20515
22413
9374
15193
11091
11506
9351
17701
21755
15513
16143
12491
12335
18963
8959
13618
14530
20198
17593
22344
15195
16058
21449
15179
15442
18543
14567
21243
16275
16372
12838
17635
13590
19003
16835
15588
16395
17391
14057
15592
34607
15352
14368
37339
14121
14571
15480
20335
14997
14559
21659
16717
581637
13658
13654
14959
18911
16102
15460
15118
12818
14923
16694
16061
16492
13190
28203
15996
13575
14975
16141
18101
18230
15375
10855
15033
10130
14890
13407
13593
16469
33062
15013
21598
12794
15355
13607
15371
22695
12511
12526
12950
10391
13736
14628
12247
10282
12160
13350
13307
19184
12897
9657
12861
13933
14102
39457
15552
9872
12905
28713
11163
15244
15558
11624
13813
13284
13540
16140
13956
17090
11023
10090
14167
12422
15857
12934
13715
9485
12203
20278
16843
9652
13730
11496
15595
13297
11333
18414
13420
11291
12332
9898
13101
9403
15684
31250
14903
20973
10767
15267
13566
11692
13546
12735
9282
18482
9191
15325
18121
12368
9258
35875
14639
13859
9177
15316
11842
16059
13633
13516
9309
13085
19160
13152
14221
13381
12127
11998
13700
15241
10939
20172
14919
13911
9031
10435
16987
11792
10640
14223
8860
40060
14036
20859
10704
12002
12401
14561
11711
12567
12233
13222
11557
11202
11748
13071
11919
11137
11685
11427
11902
15678
12357
13897
12673
11905
12271
11299
12653
12177
11516
11654
11184
11655
14564
12040
11912
15737
12417
12277
11847
11795
11090
13026
13490
10723
12305
12852
10279
11825
11159
10505
12522
11036
10901
11261
11080
11076
10846
12788
11191
12252
10658
10796
11380
20079
12331
59824
10769
10452
10718
11314
11713
17100
11073
10428
11649
10567
11696
12943
10708
10266
11226
27932
9961
10271
11564
41602
11169
10104
10610
16043
10823
23212
11747
9626
11042
16580
10116
18031
10761
18407
11530
13183
11141
9676
9972
9456
10937
12358
10476
12181
10764
27581
10924
9375
11402
9566
11174
272274
10520
12295
10342
15054
10498
9214
10354
9158
10325
12677
10336
9362
10641
20267
10073
20073
10991
12532
10482
10413
9268
10371
9392
10596
9402
10744
16614
10277
27191
10594
9773
14728
9814
13807
10302
16310
9928
9601
10129
10332
14932
10017
17902
10152
12839
24174
9634
11463
22238
9929
19785
11769
10570
12538
17742
19615
9758
15745
9874
24635
15972
9943
28782
9777
15072
9538
9357
9568
9953
9765
10086
9458
10228
9367
9381
9462
9640
9548
9978
9859
9254
9300
9885
9096
9115
9315
9091
9604
9244
9479
8993
9183
9564
9465
9100
8991
8841
9113
9125
8849
8886
8889
9255
8839
8908
8791
8970
8713
8695
8803
8790
8907
8820
8812
8826
8690
8567
8615
8675
8719
8581
8651
8495
16701
8599
8527
43509
8520
8769
8433
9846
8466
36290
8384
70445
8474
10398
8420
20868
8391
16462
8358
8846
8340
23402
8325
13793
8373
13087
8343
23523
8307
25175
8337
8915
8298
14804
8332
11006
8347
8756
8315
28449
8305
24441
14061
9924
47779
9724
61794
29325
265857
29429
32794
8610
43311
15328
80897
19361
21544
8727
18377
18736
16371
9627
18262
11973
23623
22517
16254
295608
18669
34624
16062
40254
22448
18828
10263
18138
20639
66895
13981
18396
17729
12065
26283
14006
39967
24008
32952
32963
11594
17590
15107
26216
17057
13746
14760
30453
20084
33218
11134
17152
28232
27474
11157
12267
22115
13820
39462
13344
118752
12583
41664
29078
24307
28235
28118
122581
20033
23985
15214
21226
19086
78053
18379
577132
20513
16596
39158
17038
46027
13757
18956
18257
116187
29947
17608
20848
13557
27361
15989
21270
28224
8787
26080
13130
15919
16595
10985
16264
21188
8818
18204
11346
20743
8752
20616
73379
22411
16394
14776
18427
37040
8864
26689
12581
25632
73429
19987
13398
24147
16929
18021
12197
30301
14901
15246
14739
24382
12042
65831
10533
16765
12108
23471
33855
12092
18298
16027
18341
23124
31537
12087
19309
26743
12931
17989
21906
14079
11551
17046
11598
28786
13046
16351
21094
17339
18085
14900
36694
12396
18005
24944
18388
25765
58075
23148
14556
22648
16258
17335
16934
12391
17804
21910
41177
13659
10320
15809
14678
22334
23755
10109
13092
14302
16532
16955
20837
16627
13670
14190
22493
11929
10102
16336
11143
20947
10261
117827
11030
16887
17861
17009
13846
14072
21559
19594
13144
15682
13961
16481
14878
13860
31008
17170
19266
15008
23874
13629
16549
15105
18133
16782
17268
13875
21784
111117
13009
23403
14404
14339
13233
17171
20506
14624
12888
15916
13987
14297
16647
12962
17055
21372
14155
14588
17646
12770
17915
16931
15055
13340
11895
12705
16471
14471
74718
22481
14183
14614
14967
12443
16674
15806
13227
15053
15396
11418
11472
14107
22021
13333
17649
23279
14254
13976
12857
11469
12019
20594
8923
12955
11035
14611
13238
11548
16812
11719
18232
13185
10576
15452
22175
16281
15896
15176
26866
15019
13003
16192
16250
15035
22699
24819
13262
15644
13138
12070
18412
14092
17636
14257
12706
14665
12859
14336
12565
14738
13110
11743
12592
14774
12230
12456
18719
12461
10146
13078
11965
22182
12427
20301
13025
12987
10564
17624
13824
69673
9380
11464
11909
13971
79812
9042
10442
12779
11836
12478
20379
12690
9791
9983
11826
39205
12347
8548
11913
11005
16333
22888
14127
10031
24199
14013
13693
15360
13457
12103
13109
13604
15230
11940
11926
11984
13173
12116
15623
11285
11493
12666
10984
13841
11479
11154
13212
13317
11853
13385
12732
11639
13301
12273
11915
11757
10881
10559
11196
12878
10191
10740
10672
12535
11610
14763
11166
12032
10614
11118
10729
12304
10652
11200
10727
12159
12099
12073
12152
11265
10318
11751
13279
10410
10870
11656
10697
10337
10773
10420
10454
10584
10369
11423
10328
11980
32165
10390
10361
15769
11391
19377
10226
11440
71137
10582
66943
10613
11667
28589
10313
10892
10842
10821
9849
11325
10237
10218
11147
10178
10825
10788
10721
9947
10859
10700
10560
9831
11794
10493
10467
10579
11132
10240
10364
22795
10392
9539
20306
10950
10177
10857
14042
60012
11269
10070
10478
16332
10061
13870
15505
19781
24668
94516
13313
10814
9956
17156
16366
18762
10232
28145
9776
16542
29089
9918
11949
10340
9241
14284
9449
72530
74436
24847
10033
12798
25262
9903
12130
24714
9674
10816
9661
13211
9709
16451
19126
11896
12477
14027
9827
23460
9755
9996
9431
9820
9230
9818
9245
9622
9129
9421
9611
9202
9264
9225
9246
9631
9385
9227
9053
9346
9624
9070
9409
9107
8942
9152
9134
8965
9222
9077
8777
9016
8968
8780
9054
8666
9358
8979
8927
9034
8797
8816
8764
8737
8792
8954
8759
8741
8728
8755
8565
8626
8664
8644
8448
8542
8543
8531
8516
10893
8460
8591
15927
8514
8414
8413
8396
8434
8334
8344
13327
8323
8357
8297
8311
8352
8319
19601
8324
8318
8293
11930
56477
17082
122600
18653
20398
11962
16526
19233
19669
12111
32531
17805
14605
34787
12654
68712
28603
8732
25146
23121
26351
13379
22204
23189
25003
35371
9862
24433
14594
28478
77677
21138
17397
17639
15341
22768
15459
103588
17542
26326
9774
26167
14465
21773
13649
8704
13662
17083
19788
17267
26990
13674
71553
35458
12175
16145
15651
21071
20825
26978
16390
26092
11372
19672
14291
10663
59573
13178
9418
11937
19854
9060
24757
77264
12754
16217
14849
16747
10487
11766
10001
12433
20799
14888
16518
18972
19958
23209
16587
15719
18886
17321
23722
20951
20047
17034
22922
27589
70019
20173
36049
19421
17413
20638
17498
23066
19764
70469
22049
28117
18485
34180
17877
19952
25854
8804
25131
17857
15236
13488
13468
8729
18580
11901
22592
54929
16589
19890
118124
15798
24839
23967
18455
16186
18342
8678
35403
10087
16071
10353
15370
12409
44691
8613
33753
10600
38282
8589
20709
11592
24381
12058
17894
26567
19549
11356
17308
17782
23455
18695
35362
20039
13184
18754
15097
19757
16368
16911
17173
10683
16011
18495
20731
11057
15941
21961
76885
11008
20908
25399
11822
13894
13912
8689
16180
18147
17583
13015
18442
14292
17147
18410
16515
13142
24391
19124
15959
19878
16392
15664
27052
24311
17970
13165
17254
115823
18610
10568
20386
11523
20246
12848
15359
14045
10055
14270
14504
16231
18269
8683
15706
10923
16971
15686
14894
25226
21508
16223
10416
20687
12256
10000
9247
31863
19999
22728
8723
18296
14566
9451
14485
10422
14287
14818
12293
23348
9150
12234
18638
10911
14690
15497
13526
11607
18288
21715
10149
14632
17659
23383
10132
19927
10664
10238
19505
62104
29401
21047
8785
22073
9216
16064
10060
11908
17687
27110
9745
25333
21709
9033
15331
34105
20779
16323
19008
15656
19306
14688
13605
16041
16031
20298
29484
13171
12587
15320
14703
16736
24200
13946
22703
17866
16504
14563
18307
11756
17710
19397
14845
15777
22168
13334
18350
115348
17588
14220
14480
20260
12577
15083
12674
17099
15762
15417
14825
15416
12407
17853
15583
15535
14230
13434
13099
19443
13397
17657
31428
13019
13705
12446
10701
16448
8716
21041
13226
14842
36798
19082
11397
14681
8895
12828
8761
13283
10808
12902
8681
24133
11248
14191
15833
13469
13848
16182
8740
19321
14751
14398
13776
25079
20985
13485
20209
13829
17873
14475
11876
14590
15667
12082
10933
14065
9991
15211
10934
13436
10209
13907
10854
14172
19353
16431
21317
13637
10026
32885
17248
21097
13075
13217
14259
15409
10685
15007
11062
14511
13903
14400
10414
12178
22734
11939
40103
14326
10235
11434
24593
11935
15950
12696
10555
11376
11468
11456
13895
12554
24092
17896
14995
11960
14666
11641
13127
12913
54284
11115
9760
12858
24550
8709
10334
14726
11574
17859
11730
11382
8622
24116
14358
10041
9382
12109
19590
11223
8720
12458
22895
11229
20353
13051
12239
13909
15458
15988
18864
11882
12199
10779
16070
12957
8611
12167
11353
19382
12672
20044
11287
16992
8795
9685
9954
11988
16567
13096
16730
14753
21782
13913
11534
10347
12057
8814
30695
13383
14019
9464
11752
12253
19831
17612
12970
11787
21172
24588
13323
12006
11528
13387
18458
12189
14680
19635
11859
13459
13430
11529
11936
11214
11413
10551
11972
11104
11638
11342
11354
12182
11373
11253
11917
11676
12941
10971
11164
10356
11172
10968
11340
10231
11218
10889
11475
10897
12405
12619
11255
10260
11993
11602
12164
11093
12036
11568
10882
11320
10619
11628
11815
11880
11108
11485
10173
9931
11571
11153
11732
10519
10222
10517
10412
10211
8694
10366
18008
10894
16656
10876
8563
10632
11521
9655
15457
10858
17950
10975
13280
10333
21596
10806
16127
10980
14544
9984
10853
10522
10536
10782
13048
10473
22058
9749
10856
9515
24822
10593
10297
10002
10374
9952
14007
11560
10386
10006
43120
10427
14685
9722
25475
9687
15145
9290
15197
9968
11855
9671
10760
9944
19345
10694
10221
10500
16091
10327
10733
10094
16741
10312
23826
9553
25019
9435
13294
10164
23450
9573
20863
9359
46308
9529
12119
9530
27538
9880
15778
9837
21006
9408
10076
9490
13421
9664
9615
9606
9494
9708
10589
9721
16207
37941
23965
22143
9415
19482
12715
29485
11408
9766
8587
9377
13357
11135
17259
18650
13091
9296
13612
11231
12418
13991
14604
23310
12261
9761
13123
8576
10719
13955
9965
23100
12620
9460
14441
19774
18646
9756
9347
10844
11075
9387
9306
18345
16756
14649
14619
23132
9218
19862
17002
17936
13404
12740
130351
34055
20098
9730
14713
15339
14646
14990
12037
8642
14078
9519
9794
17914
8636
9461
20833
11387
9353
9747
15643
39926
9660
13236
9436
9675
8680
9104
8983
8903
9303
8978
9106
8852
9035
8788
8837
8910
8810
8802
8930
8847
8819
8640
8862
8697
8808
8549
8595
8637
8700
8669
8602
8517
8654
8553
8529
8478
8579
8428
8431
8446
8578
8355
8477
8328
8444
8322
8312
8309
8310
8289
8291
8308
8286
8327
8306
14837
22392
25471
22103
18158
24498
23246
25438
15470
22926
8537
25249
17767
57169
11746
71124
8710
14214
88027
21803
10960
21259
24025
15350
16665
32502
15937
21488
28182
31669
14310
98859
14440
21542
18430
16200
27755
52736
26542
76331
19068
19403
11524
17956
10981
17350
10832
23919
12728
17895
10377
28018
77852
35754
19235
18962
13309
23464
17962
68381
14331
24051
10067
27664
9843
29864
14071
36033
13615
21764
46193
23316
10100
22991
29848
28093
10223
15960
32824
31174
25706
15971
16509
16453
16324
17893
14193
8815
16706
19536
8869
12395
11874
16895
14353
50931
14854
11705
11098
9726
68444
16638
17966
13117
12241
11615
36087
17278
12284
13079
14357
9541
8855
10278
41055
12996
13452
8699
13395
9945
15278
12100
23143
17440
18238
24358
15821
16209
23317
23939
21090
18531
21385
26824
20831
16188
30829
33165
22301
18568
17560
12809
15018
25468
14434
23283
20135
25043
18378
17455
16600
15242
17017
18089
26039
50030
23590
31531
18530
17996
19908
19537
20553
18846
17633
17493
17394
15215
17763
30527
13326
40421
11861
16232
14227
17788
26983
15693
16744
28063
15625
24684
8452
22337
19936
18594
35482
19602
18898
21724
18909
21261
13376
17317
15774
19692
12834
17294
26019
15544
10056
18861
15066
16676
18177
13274
14453
14645
11146
14683
26732
20160
17176
17239
17838
14792
19288
17921
20587
16044
10014
28803
17924
18863
13733
13521
12525
29834
10179
17284
12949
27283
33693
15187
9772
16946
17509
80206
30084
59244
10181
15313
12603
22482
9882
16759
15291
13681
10038
14620
10034
13743
9825
17759
24656
19795
11956
15247
18564
23860
17567
18276
649990
15712
12621
59109
18179
13803
14477
13995
9618
16633
16978
14338
12425
21203
8838
11088
16564
12341
8592
9866
17713
10126
33501
12441
17867
13506
22260
10424
9570
20257
9856
117975
15814
23823
9923
18489
13572
17490
13137
23517
9483
23095
13136
23708
9648
14562
20950
12890
16774
19519
9425
11177
15702
8647
8662
15884
19013
11099
10499
13902
20024
14808
11324
18877
14851
18708
17920
15624
24121
13039
14795
17641
14466
14512
12935
14731
15115
13196
15063
19629
19612
13997
12495
20827
13984
17336
18183
18042
19183
14196
18949
15340
13582
12952
12758
15406
12596
20948
11982
13001
15727
12521
12766
13594
11597
14352
20714
13833
14074
15415
17198
15688
13132
14423
15876
12576
12574
14820
22394
19370
14558
12185
17290
8528
14047
10843
14289
12730
13725
14468
14226
10745
83317
14529
11640
14003
14075
19604
12699
17425
14659
12044
12003
10404
10898
10108
12667
9919
15400
13104
12223
92743
17113
10691
14725
16727
11315
20807
10370
12494
14931
13202
10224
13584
21590
12612
16337
11570
23977
12628
11283
16534
12571
12143
12618
10389
12311
13084
11374
13482
13713
12340
15492
12049
18525
12773
16238
11923
27944
19166
9600
15928
16926
12703
13298
13377
20168
13701
36063
11541
15723
11890
9701
11750
11244
14933
11549
11443
10352
12095
27910
10453
8726
13565
79334
11805
12208
71673
13443
16444
9759
11037
22511
15756
18875
12893
14149
15186
16547
12299
13172
16234
18689
14531
12248
11767
11452
10871
11124
11514
11816
10780
11230
12005
10973
11441
12307
11686
10774
11770
10904
10484
11838
12377
10310
12527
10919
11347
10346
10220
11819
10262
10673
11595
10977
10217
11500
11026
10357
10316
10430
11063
10558
10809
11083
10455
11381
10162
10456
11421
10686
10015
10627
11068
10205
10122
9891
9233
15413
13918
8887
44930
9092
23024
16391
15307
21382
9085
8924
128235
9101
8940
8598
8628
8551
8557
8606
8476
8633
8500
8439
8487
8349
8392
8449
8321
8348
8383
8363
8287
8314
8301
8280
8285
8275
8304
8283
8265
20097
18423
37545
34740
13867
16543
15548
17123
72599
28293
22357
40207
20092
77749
23721
16116
21703
22055
70318
26123
23987
64094
21365
17479
24614
14258
19571
19731
27284
69878
15005
33957
19257
220088
16920
79434
24780
16425
22785
30843
15771
25229
16320
34860
22554
22540
19393
18229
31539
50876
15964
19077
14981
73045
16117
41584
27382
18309
27198
18725
60161
18810
16398
16771
68385
8918
8962
8943
8865
9029
14484
14454
24425
20169
27591
19351
46199
18187
589078
22612
16313
115059
27130
13433
25256
66993
24399
27257
32533
14708
35892
23659
15582
19799
23851
23175
22843
29576
20331
18944
21743
37090
25309
88196
26720
15559
76827
17427
18352
28916
20181
16475
20504
23628
25635
16499
17748
29948
18104
13880
12765
15573
23129
634404
18006
21890
21574
31866
22555
22254
74387
18967
52816
18235
31574
13759
71706
26802
25766
17754
76261
21949
22662
25207
30423
27136
34986
584847
29897
16318
24964
27603
16439
16493
19911
26670
19920
17373
19705
13261
610519
33191
15440
22828
13547
19071
36677
18250
24730
21142
19445
15860
18225
62737
9801
17632
9782
14672
26286
10407
9927
11642
10360
16005
10025
11446
9877
22213
66293
22224
9372
19934
36760
10810
9829
20403
571489
22544
10403
10292
10101
19887
9754
29759
55636
9850
10216
19727
10114
14170
10437
13586
9444
13977
9883
50331
9623
15398
41351
9909
9844
17955
9555
15129
9645
44188
10075
10043
9396
12860
9714
14810
9482
13059
9287
17445
9616
38810
9800
21652
9586
10286
9285
15999
9440
16024
9404
46676
9269
13481
9318
20141
9067
15597
9239
18732
9243
22789
10988
9220
13062
11503
9390
18452
10168
10944
17141
9078
11603
11058
9335
10138
10862
20658
30060
127508
8998
11424
11432
10008
14617
9014
10678
11671
10358
11619
9083
12012
22004
10304
11401
8964
10712
10899
9138
10494
12069
9696
9211
10562
11539
8892
9826
10997
28920
8928
10546
11375
9001
10077
11661
8672
10928
11138
8730
10042
11364
8870
11414
31059
8947
9871
9068
9178
11587
11301
20019
9743
8909
8913
11276
12310
17375
9740
11190
8751
11282
11498
14723
10196
20826
10707
9728
8768
10974
9957
8698
10532
10010
8665
10243
9497
8652
10388
9670
8772
10085
9561
8604
10513
10252
8601
10608
10032
8539
10123
9667
8641
10595
9587
8593
10492
9908
8718
10464
9796
8577
10509
9666
8702
10365
9779
8550
10251
9304
8468
9560
9937
8456
10345
9905
8489
9901
9090
8423
9807
8376
10298
8234
10097
8254
15892
8226
21691
8233
12085
8244
15280
8231
11257
8232
11204
8240
20182
8227
16412
8235
24833
8223
15425
8225
18583
8228
15029
8222
13293
8224
13271
8220
13927
8230
19642
8219
27318
8217
14343
8215
20045
8214
9970
22551
9099
19643
8212
13595
27971
9330
17251
10355
8221
10040
8997
20461
21705
8218
13158
43220
10393
8462
8650
31636
11927
18997
16545
8201
11064
13916
8919
15741
31206
8963
16968
10630
10280
10540
20681
8854
27389
11156
21520
10969
20814
8199
9815
12630
9051
31405
11471
9186
14523
8501
10433
15945
17475
9017
29060
11460
19797
13364
13827
8200
43420
39154
10023
9971
34831
8692
21831
10647
10225
18215
8715
13064
9542
11527
8472
8627
28192
12190
14630
28551
15182
8196
10294
27154
9639
11092
8648
18400
9679
10395
8748
16890
9907
8574
24136
9275
10586
23112
12161
54252
8661
19873
9873
10273
27438
8721
13801
36911
10539
8513
8731
37857
11903
10662
8202
14232
17731
9055
19953
18335
9398
14759
10125
10527
30505
8464
8951
8205
12615
21072
9167
14363
21427
9340
13679
8437
10655
13167
8523
8806
8203
14208
23241
9112
17049
19539
15725
14693
12344
9757
8878
8204
22533
15167
9522
16738
61142
9324
14244
8451
13660
14689
65676
8210
9836
17647
9128
13126
23176
9052
12528
8492
21399
12281
19559
10993
8206
9995
14249
9111
13462
33857
15805
14734
11537
17064
12043
26774
10628
8207
9762
16142
9322
15261
128317
16383
14545
21882
23492
10978
15165
22097
8208
9876
21894
9805
56012
19064
37923
11079
23314
8952
17818
13666
8213
18704
9181
37733
23454
30684
15781
471215
295771
14448
26781
8209
9804
29744
11885
19717
8380
8216
10172
26447
9165
14066
10696
8211
10665
8250
20526
8236
11336
8229
9752
8247
13021
8239
17200
8245
54114
8237
12731
8248
20291
8249
20390
17007
13545
11957
8242
11538
14323
29768
11209
11832
8246
22446
8241
17935
23761
20391
8623
8989
12222
8243
13495
15467
30644
74755
8917
9132
8266
88712
10241
54543
12339
12244
10758
12562
8238
10695
15026
14906
20142
20284
11657
12114
8257
26440
11002
8262
19766
11637
14002
10030
8594
11199
9746
8264
15598
8447
8251
298187
8515
8253
34784
12651
8261
30112
13416
9379
8268
16558
13361
8263
11562
17740
8259
8252
8260
9646
8271
10161
8267
9705
8278
9790
8288
8270
11695
19290
9187
13208
8272
9935
24775
11322
20993
9098
8936
8273
10095
463460
14181
13252
11547
9020
8255
9614
18894
13409
17210
9468
12309
8284
9582
18845
21105
18843
9108
10913
8300
10113
68393
14406
43214
8937
12647
8256
10005
197477
11892
10989
9293
14388
8276
10150
19310
18826
12140
9208
19976
8274
10244
24663
9155
16746
9397
8269
23501
14717
12378
8258
10515
42887
21286
9459
8303
9711
9190
8302
10506
9520
8418
9257
8336
10176
9260
8350
9665
10089
8408
10436
12188
8470
10653
9388
8455
10276
10119
8463
10066
10512
10141
9716
10296
10198
10348
37531
17784
19865
13497
9011
10081
22581
21818
11879
19021
12062
10153
10477
14938
17303
15424
13146
41977
36643
31217
16185
11986
10468
17900
18030
10092
14575
16833
20813
575480
10775
11275
10778
15074
9249
9969
10850
23533
37229
12415
29141
12829
21056
11004
22191
9312
11060
10495
11461
10762
12249
11491
10958
16163
12010
11393
11517
24461
10702
11378
22314
12059
24276
19358
10572
13510
15362
11458
19745
14051
17823
14528
12463
11860
21940
14718
10246
12497
10638
11841
108957
127267
19218
16137
22871
12879
23620
24854
32000
12466
18797
14657
9852
13243
17474
13550
15538
12586
101965
16662
72014
14771
20606
11720
13622
13197
19759
30937
12781
8705
14510
14522
13360
14157
19163
28939
13754
17269
20266
15506
18148
8966
11724
31543
18128
11788
20727
16963
14954
38692
8836
12552
75915
13241
11366
604596
24142
10864
18506
22197
12979
12204
12274
13219
24329
14885
17154
583557
74305
19895
11435
8398
13072
11786
12369
29215
15995
15282
19168
11478
127106
11086
14222
19117
14328
12089
12465
14578
13095
13028
13608
66339
12117
23807
12802
16839
11834
12945
20760
11304
10879
23780
11709
23613
75724
16562
74488
30791
16138
44532
15838
13884
11644
13843
12990
14198
15006
22645
15867
14691
9405
36961
10689
13366
11727
14631
24041
10590
19293
121092
13647
23579
26441
12386
14897
44507
27295
19611
51320
33575
10959
11221
15854
9603
9580
17660
24266
10949
12633
11987
9700
13077
71519
30809
19971
21348
16452
17468
17819
27018
27561
105083
14773
15890
24871
60485
12545
22449
127663
20220
610649
19810
15893
13920
23958
22425
21051
11660
20348
42227
16837
14824
16671
17833
12721
12956
13748
23653
13863
13838
33116
554396
120468
20661
69393
89511
25077
68501
21215
30255
45109
14831
25499
808063
54517
28086
12772
15522
39871
18607
51423
122924
62734
15539
19787
16974
12643
23877
23159
17120
26807
27745
25016
18950
19422
26100
19119
20920
127967
13324
34038
23013
12123
19106
14415
17908
25929
16951
20663
15828
19089
51555
22790
15932
14163
16224
16098
14445
17837
23304
114949
14840
23172
22835
21473
17041
17992
13041
21171
124585
11422
31045
21319
13571
30028
19232
11235
25284
123952
16906
14623
20520
12968
15980
19432
52862
11869
13111
28657
14784
17039
30048
9084
12173
12918
11978
606873
10624
9417
71231
554783
12356
15114
12321
13643
50896
584059
33863
16506
12076
18226
21501
22700
14874
24916
9253
15752
16153
27029
56825
15533
19251
13940
11609
23703
14532
26051
13828
8859
17671
16384
9544
79124
20552
18472
9575
23743
13922
21466
30506
9148
13790
37220
9116
12451
10830
9690
20688
9079
12472
11622
19950
616878
13537
19151
19308
631511
9102
69578
12725
16147
26194
18029
12467
26758
14537
37165
24021
9386
13577
49371
18267
34857
9226
13121
22217
15252
25429
11180
17578
11877
21797
19313
28180
37636
9339
46261
10869
60429
392481
15536
11499
20937
14583
13598
45208
19245
12021
13794
15253
21366
15448
61673
17344
20764
11563
14058
16094
13697
16516
12617
22281
20679
15098
14420
19526
23695
14634
72149
15585
14344
12550
19243
19933
18004
16290
12919
16576
15900
13729
19186
14414
14513
12162
17366
18299
22453
16998
20426
14746
17756
21859
16152
14940
8192
21872
22221
14279
13505
43614
8193
20263
114846
23995
13830
15530
20154
8194
9554
584229
17285
16805
14402
15849
8195
9433
76092
14418
18437
15713
14278
8197
9437
18110
29464
15703
15958
14867
8198
9536
86507
36661
19668
14979
9147
17668
15226
30984
36836
9071
13782
10955
44128
14947
13437
29470
11394
16311
8950
11328
14916
14714
9114
14729
15477
118425
21845
18629
24500
66396
9261
15485
21201
122742
11827
14673
18994
35150
27411
16696
16538
81773
24527
21002
23962
12081
21046
15427
18062
22211
25247
20259
20304
14146
29291
40683
15633
25617
23845
24971
15251
14572
24603
16017
15981
19139
26073
17473
20296
27378
17069
31524
16466
70954
25296
14748
20749
20319
19140
13876
17709
116487
17585
25670
18500
22938
24816
22123
613338
14356
14976
45480
20569
11928
21617
17695
23188
19324
23894
14281
14219
16343
16120
22515
17988
35696
13519
24443
36333
19079
24318
37639
115231
18107
23706
13885
14322
20649
15404
19128
20333
17051
20025
22539
19962
110623
20839
14132
18421
15122
32847
17677
15231
17472
22749
21509
13304
16106
35710
22403
16215
16225
34296
25094
46412
13089
10117
23244
35765
11799
11170
14491
36999
12088
19597
24731
34648
16107
10577
33339
24768
16429
92868
28794
25338
34290
129227
21647
293838
27544
25420
26808
22588
15057
43894
22763
41443
116270
23324
66936
20635
34244
38166
21722
22600
46254
21645
21109
17487
21839
18660
32892
24344
15462
17098
22140
26328
87904
65943
20590
18511
82986
40369
16616
65790
73143
106958
27646
22273
15966
33608
25524
14539
19274
23733
8282
8281
8279
8296
8277
8294
8316
8292
8367
8364
8419
8430
8435
8388
8505
8552
8590
8429
8502
8482
8649
8525
8585
8483
8657
8597
8971
8722
8738
8656
8799
8643
8980
8783
9062
8833
8844
22006
11694
9443
20419
13750
16421
9121
25806
9302
9669
9170
20357
13213
16625
9289
19929
14750
8562
9280
19312
9279
11670
9769
36877
11151
10896
9682
57524
14868
10660
9348
54694
9242
14176
9271
24745
8985
9189
17417
15268
9430
9535
9489
9355
9592
9704
9297
9406
9633
9579
9365
10142
9865
9715
10105
9987
9860
9768
10063
9959
9638
9526
9960
9990
10128
9692
10049
9912
9799
10059
10521
10324
10900
10717
11047
9932
9897
9962
9855
10110
9870
10265
10248
10795
10661
10378
10910
10906
9926
11310
10112
9895
10875
11526
9938
11003
10170
10446
11457
10485
11162
11025
10826
10290
29235
11329
10675
10072
11262
11266
10742
10743
11870
11983
10417
10359
11681
10831
10692
10537
10912
11352
10827
10757
10962
11120
11925
13069
10575
11119
10523
10803
14988
12134
11495
13871
11488
12242
10787
21806
17592
12361
22833
19100
12602
24308
13102
8426
11142
14612
27779
8617
11970
17901
9505
10905
12988
23650
11531
13125
11379
47190
12824
21832
17888
18402
9081
16006
12149
15196
11165
18255
11623
28066
12658
11611
34317
9467
14120
12053
26004
13589
12110
11900
29853
11326
19700
12229
12627
12007
12790
12330
17186
12077
44137
13583
13445
11812
11684
13561
12302
11932
12564
14830
12520
34370
19509
11878
12438
14863
12803
13140
19670
12661
11604
14883
11772
15154
11344
34162
11260
14606
14664
14697
13929
12687
12555
14886
21068
13014
16803
12008
13086
14090
13107
46955
14327
13726
12387
13230
15111
13163
13242
13411
20145
22596
22885
61065
15795
11808
15234
12449
16896
14687
14385
21458
15998
15190
13005
19462
13428
19132
13061
13964
18194
12644
61908
14980
12400
13408
15715
31557
17085
12707
20711
20015
20712
9673
11357
70659
9446
10461
12228
21040
14405
12139
18418
22908
37874
12727
24368
13499
12097
19833
27639
21536
20516
16286
23400
31046
17918
22056
21492
20360
14651
17188
25008
16960
20085
10690
13758
29494
16417
15030
15716
11776
26247
17692
17820
14300
16302
18207
16513
16941
21621
16174
18067
15641
12947
15421
24966
16194
15827
16970
16226
20157
15931
18218
17606
17515
20354
16829
12965
15347
19684
49932
18874
15871
115151
14974
13094
18337
79424
20186
15554
23879
17456
15004
14637
15495
14364
14303
22274
22629
18974
21164
19200
17430
16257
17411
16009
17347
19682
18547
19603
108785
17124
13845
15855
23411
30360
18108
33654
21751
47333
19575
21257
22025
17999
21855
20525
17719
28518
21075
20318
58429
28090
18970
16630
17331
19752
22360
61700
19495
15445
14100
22112
32011
47336
24417
27610
16932
19722
21547
16672
38305
9803
15895
39091
13396
9663
13635
17219
16073
19148
12255
17847
13529
32752
10194
37549
17644
9868
11648
20555
15052
32117
25017
68738
12910
14727
20593
20876
23673
17960
29902
27617
30815
28317
26308
25311
26801
8362
32734
37977
17146
22585
32635
18559
70423
24085
57755
23553
35489
79301
18431
18058
20388
36186
16201
17554
53495
22070
951578
26883
26155
24231
29923
25490
19033
14747
81567
62204
19430
34322
22993
33277
35863
31864
19012
40453
15846
23732
19048
24220
8290
8330
8313
8295
8299
8317
8329
8342
8345
8372
8378
8365
8566
8443
8457
8375
8493
8503
8512
8536
8570
8538
8586
8533
8614
8767
8541
8753
8750
8879
8832
8703
8686
8813
8900
8884
8894
8916
8885
11851
16642
9270
11802
28814
9240
26588
14961
8582
9419
61181
12800
11584
9521
16840
9841
14711
9345
12971
15801
27980
9518
23672
17556
10466
9455
16162
9342
9480
13980
22180
9432
9596
9373
9426
9593
9678
9550
9557
9574
10373
9900
11053
11022
10080
12214
10190
10926
11544
10561
11313
12071
11520
11665
11600
10785
12907
10812
10824
11158
11749
10822
11070
10998
9887
11489
10716
13382
12825
13548
13037
12590
11065
12157
10772
11010
36170
19940
22485
13711
12404
14371
26523
17305
11599
18952
14023
18405
22819
18812
14000
15708
16626
19292
18451
13791
17169
19866
20342
20695
15824
20806
18711
14778
9130
69192
33993
16649
12144
17839
17043
21507
16303
32327
17207
20037
16972
17875
9088
20987
43594
12046
13978
17658
18971
17158
13896
9512
20992
16569
13616
16092
18433
8944
18642
15295
9416
15032
25062
9188
15670
14028
16842
36297
32282
15329
17281
9329
16714
12343
18001
15531
18447
9835
21802
9719
27448
9824
54360
9457
15175
119121
19295
9491
25953
12442
25529
27556
19438
9980
15101
12448
49563
11650
19905
17125
28636
94903
19326
9793
16590
15299
22793
36384
22003
65530
14908
19708
18884
12086
18664
49912
29383
17699
21239
9816
16823
12537
17500
18301
19500
13634
46686
9858
16335
13049
26269
13244
16487
24749
18636
30134
19997
10684
23954
9916
20325
98658
21234
17842
27290
10071
42268
21875
106420
10214
33996
17849
25842
10699
15811
13240
24469
10270
121961
10861
19707
14125
29322
10384
19450
10720
14925
19993
14551
22178
40262
19480
25461
18413
32540
20535
33372
17203
16498
24598
34158
15377
18902
24315
123403
23986
16708
23181
27134
18540
22074
23069
20988
18591
24068
11288
17770
17684
21470
14791
19300
42116
21937
27875
22109
16432
14138
15148
15382
21891
36312
15345
18292
24473
24566
21328
13642
21537
15541
16306
23582
613929
11027
18286
54230
9328
17799
17382
31664
9334
115759
62879
18817
73055
16742
35343
15617
57647
12366
67433
12136
22275
13569
23360
17362
13539
8346
19520
8331
15079
8326
19408
8333
8361
13763
8389
8371
15759
8395
12631
8379
9500
8386
26075
8480
8450
19244
8353
8377
13512
8469
8403
8507
8475
8544
18899
8506
8600
8524
29465
8809
8674
8634
8605
8776
8667
17115
8736
8848
8905
8904
8763
8977
8974
17137
9094
8724
10144
8782
17507
26543
9041
15868
116391
8933
19973
21093
9026
9942
16160
9005
18793
18051
9046
20253
38554
9162
20932
27156
9514
10079
16028
9013
22125
20935
9040
9198
9229
9337
9012
9363
9110
9228
9286
9684
9294
9384
9171
9105
9319
9516
9159
9484
9427
9368
9735
9424
9763
9295
10046
9248
9547
9314
9506
9806
9605
9770
9734
9588
9653
9955
9693
10133
10134
9951
9607
9930
10022
10004
9609
9595
9879
10401
10445
9966
10165
9894
10037
9977
10426
10259
10137
9896
17457
9854
13285
24873
10083
14264
28776
10489
11122
15337
10136
14265
26111
10444
18200
10319
11355
16605
10650
12832
30603
10990
13610
19085
10929
18795
10303
14486
10848
10791
19860
10908
12502
10746
9311
10308
11211
9400
10397
11774
10620
11663
10574
11021
9274
10093
10637
9511
10922
11369
12174
11049
10616
11033
13204
11155
10965
11100
11007
10666
11377
12367
10790
11237
13017
11840
12739
12911
11232
11436
11844
10942
10967
12017
11651
10751
11271
12263
11111
11358
15982
14745
18134
18528
12755
29946
8404
11616
13258
13214
14005
14275
15346
14009
11367
13722
13731
11176
11636
14031
12629
11736
13564
13831
12470
11321
11811
12580
13389
12212
12929
13393
12269
11862
11074
11994
12807
11856
11390
13910
13925
12101
13504
12676
14669
13169
13766
12048
12348
13692
13930
12406
11807
12296
13764
13453
14159
17439
13908
17561
41586
17536
30391
44029
342828
15358
9015
18426
14134
9048
25085
11105
77060
12936
15279
14054
24554
18516
23393
14077
15300
24674
33397
23008
14982
12258
11618
13559
13904
17655
13119
15606
13915
16035
12485
13563
12536
11771
15266
19724
13302
12360
13295
14273
16045
12327
20061
13220
14552
15031
16666
12507
14016
23357
13164
16230
12464
22925
12896
12524
18432
18662
15228
15071
98386
13181
13947
14852
17134
16000
14909
16711
13034
14789
19240
13465
15012
19532
13487
25835
15603
17737
12608
16428
16862
18892
15314
15305
23224
22136
14797
15383
17934
13374
17288
17462
35176
16126
36681
13890
15655
25319
32552
19052
17638
16168
17834
19868
20883
17168
77127
13033
15822
26602
14829
13641
23007
21681
19974
23032
109464
18044
25286
17569
14114
22853
17783
16269
16510
22990
15843
20438
18772
23873
14160
24480
17841
38219
24248
17395
20372
23369
14008
13531
17916
16877
16184
17353
35485
25032
18581
17182
17792
20965
18087
14698
17599
20630
13282
26182
18404
68810
17471
13868
21583
21616
25231
28503
24250
18213
24258
15378
18545
64734
27068
21815
20212
13965
23417
26515
23487
21685
27469
34401
22505
30019
21170
23170
19301
18498
870898
22146
16830
35782
18181
17929
22385
20338
26499
17008
10725
28318
17249
22160
40520
21552
22272
58457
10819
19789
21199
55437
22801
8370
8369
8359
8368
8440
8366
8397
8409
8387
8406
8410
8360
8481
8498
8484
8459
8471
8510
8619
8490
8620
8526
8558
8673
8573
8630
8624
8714
8655
8796
8760
8786
8773
9120
8745
8691
8793
8874
8827
8867
8775
8995
9205
8873
9047
8934
9173
9487
9589
9802
10157
11041
10287
9906
10469
10184
10841
10362
23692
11280
21144
10483
16212
11543
18907
11302
10763
10272
10920
10363
21281
9915
17697
10554
10035
10599
10954
10341
11688
10107
10438
11762
11072
11554
11332
11220
10449
10585
10053
11327
11144
11632
10970
11818
10538
11067
11893
11252
10903
10731
11864
11264
10255
10872
10618
11990
11337
11542
11906
11018
10645
11222
10877
12873
11404
11338
12492
11509
12638
12283
15048
10752
11117
11575
15962
11410
18519
11653
15626
12981
28510
14973
10349
14379
22020
12632
73762
13825
10057
13135
11510
14833
14515
22494
13234
13018
14137
21220
13842
16057
13418
13879
13508
14231
14796
14963
12636
14376
15947
14383
17589
15873
14055
23133
13444
14950
14598
13689
15569
14332
15096
15364
16465
18869
14370
14122
19609
16149
16289
14192
13640
17295
17026
14309
13738
14062
15607
12218
12235
13914
14966
25220
11477
21341
12681
15829
13063
14413
21322
27873
13193
23180
10951
18834
11284
27358
14200
17348
21549
17927
15301
25712
17065
19984
18621
14389
18590
18598
16629
23857
24528
24840
46247
17384
23648
19387
13464
15534
16416
15181
21740
18697
15637
25316
22161
34967
20055
32499
26145
19491
18782
20879
25336
16087
29448
9259
20984
17882
8467
80564
21285
24914
10983
8399
24404
8438
8424
8416
8390
8381
8401
8427
8393
8486
8411
8405
8425
8421
8453
8442
8465
8571
8638
8494
8530
8522
8575
8519
8653
8588
8580
8823
8696
8842
8616
8754
8677
8684
8829
8912
8821
8939
8765
8805
8906
9039
8857
8945
8987
8863
9195
9006
9221
9413
9305
9025
18618
18768
9154
22184
8555
9833
14187
10617
15720
10029
20844
10545
14580
9591
42974
9838
9323
10311
11536
20197
10496
10838
10597
22342
10781
26189
10531
25943
11535
12083
10215
12989
10834
11097
12187
11300
12198
10458
10887
11133
12388
11032
11167
11279
11783
10636
10957
12031
11582
12607
10909
11055
10972
14141
10583
11131
11629
11474
11210
11182
10275
10852
12350
10202
13194
13732
14568
11680
11312
12542
11831
12349
11824
11739
13006
12298
11744
13720
18941
8508
12850
21863
19121
12683
23465
10375
11345
19471
21523
11974
20196
16682
11725
14432
8532
12563
22139
13489
13410
16712
11828
12975
15494
17452
13554
16287
12133
11009
12973
12385
14941
10670
13742
13821
9018
15128
16393
9089
15453
9200
14607
13058
11588
18197
17423
13609
13141
12453
13259
12384
20968
14633
26070
10756
15439
14696
14850
14237
15750
15496
11702
11947
15748
18249
14962
15011
18990
16001
15322
19469
11955
14780
11175
13423
13699
15547
18503
11758
12459
13038
15872
13762
21680
11820
16373
16702
14086
17736
18443
12599
16663
22419
13614
15647
20422
12819
16909
11292
15793
14622
13613
15289
15108
13463
18320
13704
8518
15435
12150
17482
17979
24605
10714
14615
20929
17545
17250
14427
8609
18278
12354
18258
11444
16975
11046
14464
21749
17550
11829
16381
16474
22284
14869
11127
17030
17279
18162
23085
20068
14998
29987
9350
30187
9196
19074
22603
20691
25708
17611
31113
23742
18149
27853
19778
15348
31556
16004
20858
18487
13657
15877
24407
20732
21662
21200
17446
21007
15229
21736
20271
49813
23201
29333
14781
44714
35988
18456
21078
15157
20767
34862
18820
23249
346438
18268
37439
12797
128920
16129
39815
24418
23328
26472
21865
22452
58742
20897
26669
9288
18428
20046
27342
11406
77110
30665
32468
8394
14117
8491
24390
8407
23282
8402
8461
8436
8509
8445
8422
8415
8521
8479
8499
8559
8546
8535
8568
8693
8556
8685
8774
8735
8747
8687
8646
8825
8958
9044
8670
9059
8897
8717
8811
8925
8851
8898
9069
8981
9146
8982
8967
9139
8969
9151
8953
9238
9277
9126
9036
9010
9086
9050
9144
9224
9212
9695
9073
9410
9738
9201
9447
9733
9559
9635
9999
8621
10018
8711
10288
10145
10503
9531
14438
9723
9892
11012
9875
10317
10293
9948
10084
10127
9789
10131
11011
10267
10396
11613
9941
16176
17530
10547
16321
10931
25696
10234
24608
10713
12016
11116
12534
10849
12421
10917
9979
11621
13639
12195
10807
13837
12306
11056
11755
10748
11981
11258
11278
11887
11140
15612
11779
11704
11519
11298
13470
10322
11281
10750
12625
12486
13476
11626
11830
12954
11797
13388
11790
14015
12096
14335
11763
12662
13336
11405
11817
12001
13442
11969
12257
12611
14989
13373
12635
16284
15024
12018
11963
11888
14793
14819
12959
14206
14490
15159
12940
20566
25988
25334
15164
13292
15132
30029
16214
11999
17518
14243
14037
16636
16612
16170
18903
15740
15473
13800
14502
16511
12393
15084
22670
14543
16916
27621
12867
16894
18796
13957
20721
15188
15217
16517
18080
17080
13687
18329
13045
13113
584347
16507
24392
16086
13953
18076
16945
17211
28679
18927
13300
16758
14806
26573
15139
24517
21433
12334
15561
17631
25605
21397
131003
27071
25237
22141
17923
64029
14538
23928
20404
12953
27352
13175
20428
10124
17436
13269
14844
19988
30305
65711
12280
47090
23787
23098
25726
26191
53438
19686
15653
19066
14113
52087
20412
13866
18082
18534
22822
57120
17757
27260
34562
14386
26085
14798
16688
14881
72534
34653
19205
26530
21530
18444
32205
27391
12137
8458
9127
8545
8902
8596
11804
11553
8583
13621
8534
9163
8511
23305
8603
11181
8496
8488
14175
8632
33412
8564
8830
19639
8635
16109
8744
14592
8547
18139
8742
21867
8743
17761
8676
11029
8771
12875
9119
70860
8882
47449
8659
14145
9061
19270
8960
10703
9004
26566
8938
37080
8896
9022
10405
8996
9131
18220
8868
13189
9072
11773
8961
9135
9172
9087
9109
9448
9037
9369
8986
9278
9434
9545
9272
9414
9632
9832
9753
9787
9503
9642
10011
10003
9699
10329
10566
9982
9914
10281
10284
9751
10163
10098
10601
10668
10865
10563
17449
10676
23945
14922
11583
20605
10798
13341
11525
17357
15783
11396
14782
9332
12259
15239
13257
10747
13112
11066
10082
15557
11296
10350
15888
11567
75743
11038
10611
12126
11605
13562
10994
10463
13231
12067
11129
11145
14482
11753
11351
10187
12402
11031
12200
12508
13969
13170
12899
10669
10766
11620
10406
37476
12315
13199
13040
16020
11178
14737
11589
13543
11852
24865
11545
18930
11487
15456
12084
13221
11715
32742
11897
124032
12317
12205
11707
12991
10501
11952
16826
12146
11385
10497
11250
20558
12836
12322
11125
12887
12812
12141
12894
13066
11492
14393
17711
11669
12889
12098
12278
15619
12052
12846
11225
14038
16019
14375
12548
16122
14662
14345
9066
16325
13795
9578
14652
14587
10048
14032
14968
14025
12837
9922
21573
14660
10250
9262
15842
9840
11399
16529
10543
9336
20894
27636
9534
13761
15570
16010
12993
12468
15133
10432
18306
13652
39793
17582
23532
19024
17734
13156
11884
18515
14305
14408
24589
19360
15922
12364
17628
14656
8877
13823
12995
13872
15381
14875
22327
24595
16110
13330
12382
15699
12904
21437
15349
17293
15155
14686
19622
19723
79599
17725
18380
15205
12749
19945
41036
13534
14877
18056
15571
16667
19303
20287
11411
14421
21318
12695
19969
10195
16552
11448
24148
16745
17860
10836
13343
80356
15402
17967
24275
20531
15489
21585
22341
19728
20300
18374
12224
22196
9637
12613
16772
14053
13305
22287
15925
38337
27607
24213
11899
16997
10936
19851
10486
18723
31386
14749
15256
28068
96817
14361
16902
10201
26415
12120
23480
23234
16817
46750
21499
92548
15946
20706
34289
31219
10866
19547
11148
58016
16726
8612
10815
23744
8660
13412
21792
8560
16719
23289
8608
13667
45447
8658
26437
8682
8625
73944
8540
20316
8668
8850
14382
8707
8663
8584
8706
9182
42538
8800
8781
9021
8888
9009
8861
8828
19231
8946
8941
13273
8935
8779
8956
10935
8972
8770
9169
21994
9122
9103
10295
9656
9140
8766
9185
12738
9478
17508
9399
9184
13440
9063
9251
9349
16334
9528
9136
9325
11289
9576
14349
9525
20910
9075
8671
9438
18792
9453
14374
9354
15810
9654
11682
9471
35760
9647
15204
9731
9691
10291
9450
10886
14767
26000
11683
18399
14203
11316
22338
13513
11384
76366
27017
12342
9973
21141
10945
24006
12064
77737
11102
12900
12660
16800
11198
10771
11152
12206
16831
10550
11249
12756
13168
11419
11392
10801
11095
13176
13083
35415
12815
15408
11961
19080
12353
12868
10504
12074
8688
11920
11130
10548
13425
11096
12966
8749
11809
12215
11954
11350
10953
10916
12221
13346
11833
11698
10160
11835
15384
12479
11793
12179
12290
8572
13325
13951
13555
12886
16687
12168
12984
10982
8708
13143
21339
11943
12501
8712
12944
8739
12013
21987
28403
12679
17181
34880
17075
15143
26184
13881
32588
13850
9893
37135
12471
10633
13518
12722
14560
15963
14391
17306
50601
14815
14965
17928
13556
14099
16618
15858
15832
17199
15276
22356
15883
12447
21421
13708
8929
14469
15223
14921
17183
17727
15210
16369
12474
12964
12853
17403
16013
16205
19171
14934
8733
17204
8789
21587
14918
56096
18112
15852
17835
8639
13223
17223
13275
14462
13329
11942
15874
8901
65598
17481
12054
19931
10688
21651
14442
12923
10623
14488
16235
16681
23479
15518
19623
24889
22081
10343
25709
38987
11710
26589
17024
24526
22153
21979
19193
18668
10481
18353
61779
18659
17906
12927
15093
24282
14752
20066
8798
15587
22719
21400
28952
11051
22714
8891
391059
8762
22286
8843
21512
8948
39396
8853
9002
8866
8758
8845
8949
9292
9058
10431
9093
9065
8931
8831
9256
9393
12795
9234
8999
11317
9477
9370
9617
9474
9598
9422
9420
9562
9423
13115
9621
9097
8834
9551
9649
9608
9884
8778
9517
9822
15009
9524
14525
10580
9864
19554
9378
9472
11590
9775
22750
9507
14248
9658
9792
9808
22713
9809
9748
10578
9989
9851
18253
9857
9946
9677
11409
44465
11084
21884
10681
21146
12020
22677
12155
13644
12499
12884
12865
11658
10964
10598
12363
11420
13043
12718
13503
12245
11306
12118
12895
12646
14508
11451
12985
12813
11845
12791
12862
12429
12381
13728
11898
12078
10839
13716
12145
13446
14667
12416
14136
12880
18885
13322
12232
15816
13080
13587
11334
13339
14285
23258
10987
14333
8883
11227
14119
18434
12578
13579
8899
12709
70969
15902
21667
20554
15010
23679
15081
78785
14707
24515
11823
15308
18794
26629
16640
22676
16720
13646
26021
15568
16342
17104
13454
14286
24743
15062
21905
23740
27809
16787
15610
16485
15037
18150
26056
18751
15696
17258
17061
18655
17905
12601
17685
18026
13480
18808
16150
16406
26792
13623
19827
21321
15577
17587
15283
76971
17159
22296
8840
16067
19299
14569
27304
35791
19545
16874
29939
46009
35943
95436
20184
16113
20022
26371
22744
21883
22095
45475
15168
38986
8645
17811
8926
8817
8880
8835
23392
8822
14927
9223
21638
9376
73010
9153
126656
9445
13195
72738
9454
9321
9366
9473
9231
9936
9284
9533
9160
9612
9343
20067
9750
9466
9310
9273
9428
9203
9356
10115
9694
9630
9543
10553
9707
10207
9636
9863
9783
9395
10186
9886
10147
10789
10367
9688
10419
10799
10927
10099
10051
9739
9797
9889
10409
10047
9934
10529
11000
9736
10643
14044
12075
20361
11259
12026
17892
11267
11139
78735
11778
11591
16348
11633
11077
12482
24634
12238
22590
12135
22404
11843
42465
10549
14235
14535
11121
24327
11800
13832
13022
11450
10777
11721
29342
15259
10587
23364
14182
14447
11734
16304
12323
34779
13074
12780
11497
12801
12015
15728
12724
11873
14419
11951
12166
13182
11717
13207
12431
14052
11630
14654
15418
15100
12211
20718
16280
13727
13394
12693
12389
15059
11454
19720
13347
14641
14205
12496
13877
12680
13553
14020
12714
15076
14499
13974
17103
26697
14081
15177
12782
14197
16056
18933
12324
14497
13338
17434
13677
14399
27642
13597
20127
51187
13491
24718
19059
19078
15392
15509
18765
16942
15700
17607
12588
17747
13471
16568
37060
13741
12976
23778
15044
15731
18977
16442
17947
15112
23551
13774
16565
14807
15499
15120
16244
14847
17059
21304
23853
14736
18850
29153
44191
13070
21266
18282
18755
15880
19620
14653
16893
16546
19138
14826
24059
20911
12783
37588
20713
22347
15443
22156
19703
43689
21986
53607
20138
26904
16488
16592
32639
