868474
1022062
110193
975919
839123
53333
51803
553018
576994
735646
45144
46277
45453
42888
49174
59752
36354
407788
52304
346850
61134
47753
875539
41577
47998
48226
36820
34693
52902
574921
47346
42383
304221
594757
787199
579297
41767
564604
46699
903776
42790
48646
51712
47042
45443
39420
50142
41817
57310
44964
45568
36534
36464
34403
43713
561451
51847
617678
48871
58340
49409
60353
111357
74208
43794
47439
383351
110490
47582
41950
92027
58221
39476
46935
50996
50372
41686
37381
50816
64989
45643
45335
54656
46136
702069
547998
307531
107408
307040
57373
47012
53099
54087
587917
47207
101469
41299
51372
43355
306063
45954
54846
56366
41122
43048
46168
44841
50819
43311
47285
44647
51987
46795
42333
46756
51354
54967
41030
61522
47245
71917
86516
74053
46473
43723
39445
42561
39500
39671
39061
43318
43562
37498
36112
46600
63094
804238
74871
85786
50112
55203
579477
842970
87941
44851
47296
44701
56631
974415
598519
42923
57096
46813
43683
44320
143856
107650
350744
82813
61216
573548
48043
57209
43896
44603
59823
41988
47899
52995
113224
67171
48819
993837
58100
54091
45366
41172
43097
46673
46753
43386
42751
41519
81610
43128
40337
43602
44402
54652
41761
44748
39889
47344
48894
40313
43175
45398
48606
41444
46069
39848
37112
35972
862830
49727
622203
84455
72888
43725
47420
56088
57528
58112
832447
139850
103476
55454
47414
46891
560971
43443
42307
43547
50252
50504
38063
39080
41869
41093
41350
43905
38611
42567
44173
45359
44450
39796
43378
42987
37939
47959
39959
48741
41857
39451
38394
41166
42323
42811
39312
40474
51149
42903
46084
39475
42489
44865
45297
40450
50188
45825
41663
40880
42350
47748
41736
41148
40570
47870
42582
40968
45539
46822
40291
43092
40554
38270
40281
43607
37501
51767
38170
40669
37884
40024
37274
39906
40145
45521
38535
39314
42357
38401
40860
40318
40029
37740
40619
37470
38331
35780
38820
38534
36210
40335
38917
35833
38004
36751
38807
36011
37627
36861
36629
36522
36133
37249
36470
38487
40304
38228
37018
35996
36068
36942
35677
37259
38439
39806
36500
36110
38607
35343
39343
36468
36767
47728
35823
37214
38093
35564
38364
36499
36280
36968
36891
73557
35791
41955
40080
36605
47235
36105
39723
39604
35182
45495
35930
35152
36257
38906
34937
42023
35238
41083
35745
36288
36456
39163
36077
37990
34782
41884
34475
42366
34969
40169
49126
35433
34888
34711
34215
34748
34238
34361
34520
34132
34353
34452
33944
34751
34608
34783
34436
34033
34083
34329
34079
34370
33978
34262
34718
34119
34278
34082
33931
34034
33913
33748
33624
33788
33796
33720
34345
33775
33799
33853
33820
33697
33419
33728
33752
33758
33506
33572
33812
33592
33344
33468
43470
33351
40416
33391
51004
33523
43733
33501
53815
45077
33297
33375
33408
33315
33436
39635
33437
33429
33355
43000
33383
38777
43627
37963
55813
38180
52163
70988
40521
44696
46750
44754
46800
46226
49741
48085
46521
42154
45271
54579
40411
45945
44836
42339
43496
40739
42104
42777
46311
38664
57345
38965
51178
41576
39063
47320
42478
46840
38638
42398
46726
41645
38866
39262
40400
44749
56325
55948
43535
40514
38240
40102
37585
42312
36951
38620
43289
41523
39917
38517
41092
39979
37061
36696
37019
45651
44214
37974
39467
37838
47737
37022
39134
39515
38641
45702
42832
600677
63796
37372
51234
40694
41180
38305
47148
53255
39480
38306
40001
41026
36674
44276
39541
39125
36856
36433
43440
37179
39462
37049
36107
38744
37277
37090
39070
36303
35713
38397
35741
36562
36815
36514
37166
39876
35960
37422
36591
37671
37454
36005
35872
36977
34592
36235
36461
39193
36682
34932
35444
36918
35483
38259
37315
36406
38791
39349
36458
36819
36245
35631
35711
39606
34949
35593
44553
35585
49853
37765
35783
40528
36156
43067
38942
34381
34270
34360
34211
34411
33547
34303
34294
37700
34223
54005
34814
38954
33947
33984
33807
33865
34174
42435
34057
34067
36439
33806
45092
33918
33221
33835
39313
34101
33712
33887
33607
33649
33684
33513
33715
33895
39441
33652
33906
33832
34746
33966
33620
33644
33693
33625
33478
33544
33441
33415
33743
33277
33504
33349
39025
33343
33293
33365
33276
51470
33270
42141
34623
33311
39665
38160
33325
46985
34107
33359
41632
57175
33371
42603
33863
33254
35307
42706
38643
48394
41040
45339
36116
42185
34687
55714
42011
67861
35279
39374
46476
41648
37944
54594
39662
39338
44381
50043
34485
40757
44641
47282
41897
46804
43334
47447
42587
33240
39943
33286
39258
33246
39213
39345
33187
40800
43027
44507
43509
39811
38714
37543
42821
35283
42726
47179
50576
49415
45307
33318
38055
39819
42047
47942
44237
42905
45596
46375
47904
41738
37467
38733
39799
39861
44185
42483
39955
42180
35572
308349
40752
38367
44108
43868
42358
42934
52964
41711
39142
34516
40374
44916
37271
35587
40109
41419
38602
38873
34996
37512
38349
36822
39976
39336
52473
38441
39003
43773
41263
37670
36779
42591
41534
54344
39940
44112
41595
38291
36602
46166
39089
43991
36520
37346
51836
37118
37749
37679
38246
39023
40033
36494
43374
38880
36472
33141
36519
35380
38131
35932
38052
36463
37077
37861
36718
51851
36495
37789
44167
36089
34848
37406
38949
37460
43672
38420
36215
35641
45693
37428
38399
36780
42164
37561
35775
44244
36416
36673
37140
36462
35395
38307
35015
35672
41128
36251
37418
36496
52845
36225
37899
35785
35800
36730
50640
35914
35347
36101
46155
36157
39428
36842
36323
35124
48212
37567
40174
36331
35476
34982
43987
35129
35477
35080
46634
36193
53987
38412
34629
36259
37327
38447
39832
35480
86595
34047
37052
34089
42275
34022
38903
34038
45561
33902
33912
33858
33281
33739
34029
33643
34003
39580
34027
35101
33786
35183
33731
39535
33650
33528
34785
33921
33956
33512
33831
33772
34438
33594
39788
33787
33465
33605
33539
37714
33555
33569
306850
33532
33394
33517
33381
33500
34547
33463
34713
33430
33340
38958
33275
34410
33313
47411
33253
46706
33191
33301
41442
33477
46033
33257
33233
34076
33176
38494
33177
52029
33174
33215
33146
48961
33190
42964
41272
33199
33802
34597
33291
41070
33184
35665
34563
33198
40577
45856
33278
36651
34321
51947
33249
33628
50371
40322
73788
39113
44560
46237
44350
43701
34812
44427
37173
50739
83489
36648
47194
863180
54471
58910
54007
40877
43156
50598
127695
40336
39399
49892
49559
45835
46987
34527
44742
56877
46971
41539
48573
41600
36627
40525
36056
43205
48540
36421
41835
36097
34340
44622
35560
48654
41356
83005
45134
36973
36435
53779
33894
37419
42434
48000
53239
45937
45201
46169
46932
42131
41488
40797
51674
37621
35159
42737
33216
39391
43525
39798
39366
37339
52944
39508
56390
46149
41476
35751
39842
39641
36646
43709
41889
34873
39566
42036
40656
45929
39620
36908
44323
39365
37531
35893
38952
57432
48421
47268
37013
41358
39102
38604
37615
36765
44322
38766
37432
41982
46903
40501
46266
40056
46201
48723
37697
39812
42196
34893
60620
37741
39058
41795
43322
34847
37282
39689
38684
46340
37338
38267
38419
39438
37824
37977
37792
37007
34330
42172
35666
37473
34870
40268
33959
43650
35832
33766
36920
46360
46697
37172
39802
40565
37855
37907
37511
38380
36452
36709
37070
36628
37451
37218
37217
39294
37231
37332
36692
36326
36026
56884
36676
38512
38357
56614
37273
50595
36175
34889
36762
35723
36042
36224
36272
45091
36082
52240
36608
110506
36242
44410
36841
44315
36893
40958
35962
35567
35654
43734
36503
61918
36172
39232
35552
37583
35844
36560
37807
36593
50728
37769
36008
36044
35445
35428
35155
35772
35216
35673
36234
34157
35264
39172
37240
36502
35410
34486
34898
40238
35614
62135
35127
37012
40988
36525
42492
36379
36090
35153
56474
36024
36054
35479
35334
35033
35831
50411
35123
36755
35393
39553
35289
34800
35097
34449
35375
34533
34899
34247
34182
34224
34273
33872
33981
33666
33929
33999
33525
34051
33462
33864
33646
38842
33588
35536
33977
34684
33753
38190
33511
33591
35309
34148
33485
33595
33609
33382
34422
33599
49184
33435
54813
33353
36342
33565
38183
33553
39983
33535
41714
33584
41470
33327
41704
33354
43726
33307
33214
33222
35681
33348
33135
33228
33299
33295
33161
33227
33090
33078
33140
33072
39771
33147
39309
42201
46616
48983
45209
48150
54158
45032
54378
54341
46996
51142
48197
51683
44368
45084
47128
53373
43245
128528
34312
50469
59790
38896
121694
45509
48203
40620
48670
49836
42645
50418
41986
52561
55962
44020
46267
56772
57328
42957
51983
54541
43573
37008
43832
47963
205524
42330
44604
43186
37940
40807
40556
42850
43035
38750
46167
40872
42588
38168
45128
42382
47623
39589
38382
45932
44918
37988
54125
47719
36912
41207
38147
40569
48059
41541
39777
40244
48011
50246
43422
45325
40589
39432
43236
37850
41218
41745
45303
46872
47057
37680
40617
39164
42272
40756
38411
38017
38392
37747
40344
42220
37283
40057
38203
41768
36799
37906
37157
43539
38759
39972
40698
39892
37096
35287
37353
39396
37464
42070
38929
41345
38345
38756
39931
41706
41101
45675
36703
36530
36380
39449
39104
38020
37076
37100
38013
37036
40430
36221
37898
37211
40512
36855
36734
36798
36377
36697
37985
36190
35647
37965
37038
36879
37398
37505
36346
38551
37363
34920
36296
37084
36886
38413
35880
36147
36639
38236
35817
35949
35634
37232
35695
35729
35313
35848
35362
35538
35813
35659
36174
35481
36124
35854
35203
36053
35342
36255
34568
35486
45547
35329
41103
35219
52199
35150
46331
35011
41333
35691
36100
35224
35438
34862
34726
34585
34301
34882
34962
33824
34521
34540
34269
34998
34235
34077
34244
33848
34112
34061
34276
34295
34000
34008
33764
34009
34060
33878
33846
33626
33745
33614
33700
33564
33516
33503
33689
33740
33683
33590
33370
33434
33522
33442
33312
33470
33497
33357
33402
33358
33393
33389
33320
33423
33314
33211
33245
33247
33258
33181
33197
33137
33156
33127
33103
33108
33099
33081
33035
33033
33018
33071
33003
33063
32989
33067
33015
33043
33017
33075
33019
33041
33008
42414
36169
41052
39894
41895
48934
44301
43590
69672
42129
45601
49121
40327
45125
46592
49227
76962
54926
324012
44516
52265
62004
51319
53212
40947
47638
108988
59076
44168
45836
104068
45104
45627
46172
61024
729720
47718
41678
42911
45654
46177
52256
49420
43510
45837
44695
42006
44144
42680
40659
42361
43363
52084
40979
40992
41713
40075
58741
46112
40104
39065
36350
75064
33060
42885
45583
39474
35096
41370
45764
46052
53788
40444
52419
42980
35081
48958
43090
42725
45096
38489
39743
44529
33397
41027
37558
52429
38738
37584
33384
43892
35781
41610
47621
40948
33160
39655
41123
41773
42409
40310
39422
40270
41780
38343
58480
43063
41963
41910
43268
38804
39317
43829
39397
43138
39062
47976
42236
43608
46243
36930
43731
36587
46773
39466
38064
39639
46174
39263
43412
38132
36610
39797
49718
37145
45976
40162
41242
44104
37690
37416
39418
43295
39538
39773
37194
44863
36471
40034
36852
38480
39093
51860
37357
35258
40123
41161
39424
42380
38870
41108
33862
38806
37827
42049
37993
37417
40597
36299
37711
36329
38720
46197
39300
39219
37409
39241
44581
37141
41793
37549
42316
38755
35632
35944
36828
36661
37443
36996
38077
40844
44074
36578
44504
37366
43489
36451
46534
37805
48504
37475
53562
36732
33122
35727
35758
39140
49223
36192
33150
37229
33105
37205
33194
38011
37650
36623
35701
36600
39167
36423
35839
35693
37388
37593
37002
36304
35770
36837
36483
37550
37196
35324
36357
35525
36645
35422
35837
36615
36014
36733
39118
35514
35252
36298
35973
35594
36050
36782
35427
35369
36074
35586
34719
35688
36144
36022
35092
35465
34759
35232
35925
36176
37565
35498
36086
34771
35990
34956
34867
45718
36061
34915
35905
37033
34517
64207
35724
50963
34793
40906
35239
43715
33765
34857
33986
34591
38271
34994
34031
34900
40575
34707
40520
34190
48833
34158
36387
34494
35426
34571
35305
34187
35118
34630
35652
34828
43893
34499
35812
40559
33559
35315
44073
33632
40910
38897
33538
33648
33597
33560
33451
33757
33480
33579
33296
33310
33361
33305
33598
33294
33279
33350
33114
33502
33236
33159
33121
33115
33200
33225
33064
33119
33026
33054
33004
33079
32984
32975
32968
32999
33036
33051
33050
32990
33013
32980
32966
32955
32987
32979
32981
41462
50556
57740
47907
46118
45686
36243
60609
43550
60006
121398
45375
49813
48558
37935
55797
37325
48056
38739
51225
49617
48467
34508
37667
45013
50694
100476
69338
56119
48356
44725
58675
59204
43984
39581
49159
50436
47030
47164
41937
39727
38963
46762
40869
46785
40519
45382
44595
40407
45610
40887
41703
48658
43648
40320
46242
41549
41674
37453
47309
37880
39323
49637
40351
42031
45129
43738
44151
48254
44398
55088
40940
40273
59938
40700
45538
42502
37557
49608
35403
45595
47513
57128
57004
61471
38832
42824
36719
39776
40293
40865
39853
40927
33087
41259
44672
33109
40677
40886
42447
38288
39356
35612
36794
42763
35360
39754
40722
51273
38944
46614
38613
43566
37636
37689
39896
39329
38450
42497
40967
37206
38521
41956
55428
40644
44558
39375
50338
39674
39670
40631
40399
40136
40486
38084
38972
45459
42065
38276
39628
38350
38657
41845
40413
37794
36415
42084
40959
42301
38544
38355
43019
38113
38176
37658
39719
38088
38904
36914
37808
37856
44547
42806
38116
42054
45407
41004
46336
36384
37342
37225
57585
38912
42879
39434
39997
34957
35611
35806
37530
37055
35896
35398
35995
37544
35734
35934
36394
35740
35821
35899
35577
36724
38134
36588
34883
35234
36981
35160
35916
35643
35414
35399
35420
35282
34537
34927
35261
35296
34729
35901
35629
34425
34669
35550
35016
34924
36559
34523
35337
34921
35374
35987
35173
35165
35556
42894
35039
41349
34179
39133
34765
45008
34843
41948
34350
43527
35167
56808
34668
52055
34674
40055
33362
33238
33368
33272
33335
33250
33192
33202
33173
33132
33123
33083
33136
33179
33016
33098
33095
33022
32973
32983
32996
32971
32964
32942
32946
32945
32985
32933
32940
32911
32991
51676
48602
46258
43189
52014
47628
57400
105624
46187
40651
47017
103958
36388
62212
50138
44668
580968
42494
46803
43695
47471
41162
46941
68356
38975
48830
87252
44109
43136
47987
39789
42359
46294
99800
86355
45854
47484
106216
46651
45987
41435
50720
48332
50924
47116
42714
44860
46668
49925
46917
47981
38285
58597
43453
40410
40788
40723
40187
39978
47027
55779
60061
42024
39168
50812
39211
39271
52655
45648
42437
50684
43171
48046
74572
40934
54281
44804
42589
45902
43037
40813
40835
48973
42711
39698
41878
37541
39898
36898
42337
42159
47176
38852
50348
41372
41907
48470
34041
42638
46422
46265
37682
39684
43783
52684
33703
42019
38797
39854
37361
33541
38283
46460
39465
41896
37791
38234
41474
39098
41655
41612
39498
39358
53543
50651
45776
40618
43121
45708
45182
42930
42519
43369
41620
45777
41860
40657
40609
42090
37908
38771
41315
41851
37029
38848
46078
38281
36824
38827
37661
40810
39782
39891
39039
36370
39804
44902
36669
41804
42010
38202
44316
39820
38326
36624
44500
37674
37683
40133
37622
33943
53615
38889
38359
39780
37101
41291
37702
35765
39131
36436
38379
44912
38404
33713
45403
43415
39752
36561
33841
37872
36476
36979
33842
39054
41391
33665
36595
40267
36791
37681
38042
33768
38644
44554
33641
41846
38719
35804
40121
57638
41407
36010
40622
36002
38625
42225
33457
36896
44770
33518
36532
43660
37624
37712
36971
36314
108791
38072
38122
40418
41379
41183
36917
39726
36447
38695
36872
36813
37130
37176
39756
37925
38130
35620
39964
40004
38614
38549
38149
38059
37156
38231
36134
39612
36549
37189
38468
37080
36720
38840
37016
35985
36425
37222
36536
36153
34987
35884
35626
34931
37058
36802
35919
36441
35259
36763
37078
35773
36414
35023
35504
36258
35458
35306
35111
36316
35361
34876
35876
35192
35546
35625
36119
46465
36111
34930
35072
34188
35211
38423
35349
34012
34944
36335
38021
35559
34234
34911
36840
35470
49314
35401
38422
34844
36429
35024
39138
34496
33709
34875
46407
34810
33773
34514
37191
35035
52179
35301
40685
34549
37352
34860
45490
35902
35062
44703
41912
35144
38127
35818
35487
39304
35698
34724
43941
33603
35065
44062
33653
34357
49636
33330
35200
39923
35263
34497
53650
37345
34498
41430
34480
34676
34566
34681
34562
34801
34484
34977
34252
34362
34677
34296
34408
34650
34579
34208
34025
33924
34378
34468
34193
34363
34116
34173
34162
34581
33856
34400
34387
33867
34163
34192
34280
34161
33952
33815
33881
33651
33917
33805
33843
33868
33655
33763
33677
34035
33724
33816
33586
33548
33934
33707
33589
33453
33425
33476
33576
33566
40433
99010
33376
36738
50084
33593
35217
47813
33536
35429
43531
33387
33178
33264
42425
33243
33186
33052
33085
33182
33118
33126
33101
33059
33023
33049
33058
43347
33037
33021
49975
33056
34413
32958
40302
32925
40325
32974
32935
45604
32939
32957
32910
32912
34664
32934
32938
39605
32947
39043
43446
38143
61497
37187
51008
38371
54664
46357
52568
36892
49825
39524
364748
43579
56975
40299
44202
33933
40229
34028
42221
38348
46914
41960
48838
35963
48913
39794
48532
39069
56906
33627
43852
33791
61444
38812
49414
42044
35805
49631
40144
33283
50303
38991
38230
45020
53980
42045
45436
34612
36115
56637
45530
44348
37894
34909
33377
344317
42593
33378
42096
43686
42016
61724
45078
60786
60679
48661
42685
46556
44100
50927
51386
50991
45438
57455
54501
53236
53120
43089
49706
61694
40697
53318
100176
67027
60633
41134
41942
44830
45372
51690
43393
44907
35520
34570
42898
39555
34342
47243
40909
39463
43172
35166
39179
50999
36786
42347
53726
35297
40089
46581
37439
34261
40579
34806
34199
55851
34856
56820
41395
46364
41168
61453
39941
44001
38354
53717
46792
44515
38444
41843
38651
40748
48126
46847
54323
46001
34552
45166
34185
43508
40319
60214
34477
44061
35021
40463
36555
39952
39470
47705
35359
41124
34304
54224
52197
43600
40217
38193
36487
40904
34201
46245
36986
45420
34702
47094
57701
42095
42461
43555
44013
417137
33890
52646
33897
53834
34065
44685
34735
39523
39693
51950
33898
54597
34006
52743
34068
42184
39981
49659
34109
42146
34155
48980
34207
41110
39509
55077
39259
41042
33750
45038
34147
47216
37866
42379
33580
42299
38860
41313
33855
44568
40849
579524
44904
44872
36277
58805
43381
33490
44038
44280
33418
69862
34736
52188
41278
37444
36275
49910
40227
36707
48189
39333
33483
41433
43241
40497
43561
48378
48463
38786
41297
50009
39742
36140
44193
42738
38692
41537
44563
55953
39073
42303
40808
40053
41958
39249
50667
41271
39871
40072
42942
47365
52024
50837
42168
39268
39326
43387
38819
41701
50839
55983
54561
39540
39423
44138
38706
41915
46042
37085
38887
37529
38915
42468
41776
42956
43848
40276
37616
33203
38150
36003
34966
35680
35227
35030
36612
35706
36241
36818
35109
35400
35517
35903
35463
36058
35126
34663
34978
35472
34818
34942
36239
35644
35873
36138
36308
34320
35370
36641
36446
35233
35437
35551
35566
34831
35274
34980
36009
34375
34309
34141
34125
34529
34103
33960
33990
34354
33810
33901
33965
33888
33973
33685
34282
33744
33710
33723
33844
33493
33991
39512
33819
33727
43628
33825
37652
37564
44019
33797
48605
36203
36962
33636
33155
33571
38094
33606
48092
38982
37743
33570
33162
33447
125117
33622
40449
36220
39332
33664
33082
33623
36795
33785
41038
35862
33701
48292
33616
33055
33260
33133
33068
33066
33029
33034
32976
32941
33032
32929
33024
32937
32891
32882
32954
32896
32890
32898
32885
32851
32888
32855
41634
47634
48807
100319
64019
45998
47336
46723
59355
54144
38658
65273
47559
44633
46043
46301
657395
57856
44487
49442
51820
41574
46092
48313
57112
47421
109880
43796
47538
39446
45029
41643
47016
42464
42127
50059
42026
49445
52688
40113
46249
51800
40365
104181
146315
52472
37854
51493
47536
43475
46158
46528
49735
47600
51045
42453
46262
55702
43135
41382
63090
46467
40647
48524
43505
39367
52183
44642
45873
40409
39837
41840
44094
50350
48796
44876
51943
41112
47514
41310
40454
42273
41440
46983
57095
52808
38000
40283
46100
38693
46129
47839
44988
38776
40536
39706
41016
42282
38369
43720
40095
41825
42783
42677
39678
49049
38114
42277
39868
40851
42597
37513
42875
39006
48399
43603
37503
42336
52186
42913
39813
46769
50080
38849
42343
41393
43102
42583
45775
57671
63531
49638
44092
58681
41491
40834
41525
44632
38956
45753
44712
45622
46862
57129
44327
40338
57915
47579
47721
130326
40156
90403
41642
39900
43407
37772
38563
37851
50120
42701
39478
41627
40539
85360
37251
33412
79580
36987
34797
33659
45785
40255
41385
40607
47353
39942
35497
33527
43149
38488
49768
39200
48682
38600
33096
33431
41818
39574
42724
39029
46441
39827
33167
33474
37919
36330
43332
37435
38067
37578
47541
38959
41216
36485
40529
38442
38499
38697
36873
39505
39586
43809
37773
37897
39882
40182
37032
37524
49306
37668
36662
41007
46325
38485
39631
37224
37957
38864
38704
36453
37601
39087
35836
40195
36410
37235
37131
38656
37660
38547
36432
45750
37469
36431
40482
35976
38969
38808
40254
38509
38053
37849
49655
38196
39659
37095
36032
37316
36803
39150
39988
36671
37783
37882
35935
37024
36261
37263
37649
37912
36149
36364
37918
35353
37431
37136
48279
83429
35764
37147
37515
35656
36408
36695
37598
35667
52394
38562
35459
35748
38591
37389
39144
35816
36404
37111
38459
47837
34732
36125
43577
35453
33168
45160
55286
39922
33153
39455
47142
35999
40917
35543
83403
36363
33185
44014
48224
36424
37801
36566
49723
36265
37384
40825
49081
35855
44201
34902
50284
34855
53702
40379
43480
35001
33113
36984
35569
36118
35242
35389
34747
35394
36179
35423
35407
35604
34951
35425
35265
35120
36391
35303
36106
35356
35350
36634
35968
35945
34720
35300
35682
34620
35591
35354
35725
35886
35028
34895
35276
34972
34661
35056
36397
34901
35204
35075
35231
34837
34553
35365
34686
34607
34985
34365
34739
34524
34401
34704
35271
34694
34781
34241
34725
34565
34074
34254
35079
34662
34133
33940
34175
34651
34501
33704
34621
35156
34004
34306
34200
34691
34191
33852
33755
34260
34086
34232
34042
33972
34110
33871
34044
34297
33630
33729
33733
33833
33801
33829
33662
33686
33823
36694
46435
33424
46744
33679
33974
33696
33716
33682
56956
33962
33612
47072
33577
49034
36227
50424
33608
51546
34821
50717
36122
33916
39915
33448
52972
37613
33533
38263
33392
39809
33585
41050
36945
56580
36025
33619
36478
33420
52714
33587
36888
36325
57801
33489
42935
38223
33045
33002
33102
32962
33011
32995
33010
32949
32959
32994
32924
32902
32878
32856
32857
32886
32866
32870
32858
32841
52157
51831
45018
47746
47412
50505
48210
66434
40427
56683
43207
32875
36444
56737
44416
48722
42573
43977
52048
39158
41888
724412
43806
45455
42098
45457
77312
42900
62403
46547
57211
43210
52057
43988
42981
52094
40532
43167
39737
43929
40126
40038
49333
44397
47745
38463
46179
45006
42264
51174
45402
46305
54522
49190
46141
45295
43414
53119
50034
40419
55367
39805
43491
44026
39770
49325
48075
42815
66553
51007
47267
38475
41456
36065
47304
38425
33292
52031
40728
52603
46717
882737
53023
67778
50529
42232
41363
43802
54869
38973
66803
47106
43459
45714
38314
45083
47523
49607
56582
43873
39747
40110
39690
50947
48335
47939
44067
51755
38254
43741
50589
45701
44673
64945
44829
41637
38194
48692
43430
47914
46878
46743
43101
44022
40908
43170
52692
40437
44161
49891
39178
48319
39059
51417
49872
53281
40811
61616
42862
40842
42575
48363
51378
37394
45239
44352
42577
57073
42709
45430
44550
837969
42802
42189
53555
40076
43468
49710
43366
40359
43961
39236
37354
48420
50148
40462
53489
50370
41589
37051
47633
40168
33363
45205
62335
34849
49459
37766
51377
40911
40105
41890
41270
36196
48095
44430
34231
33494
56556
35747
38927
34853
33640
57143
33248
42247
34645
48354
49250
35608
33171
39822
34561
51724
47472
37017
43211
39757
33380
73302
33306
45170
36890
47881
55312
35440
39435
38165
33237
48735
33183
59684
34583
46211
52508
40294
47954
39214
32778
39218
40801
42222
38770
42188
54067
39663
40534
44702
40193
38565
619470
41376
40098
50458
39636
39597
56753
55419
37491
37941
99933
36932
37817
36905
63086
37563
36936
37639
45617
36704
36958
40020
38542
36836
37296
45588
35912
38690
38065
36345
43058
38255
36098
37344
37795
37587
44630
44245
55814
50585
53854
39180
47706
268267
40231
37041
46826
46830
47352
37415
42265
46617
37463
41881
35726
47694
57232
41617
44015
35998
50321
33817
63386
55480
35298
40429
49887
36492
44585
36017
46085
33721
48689
54508
71262
51942
35600
40674
39293
52800
45468
54175
58284
35850
45286
33521
43617
45801
37134
46302
37571
56341
36434
43588
45057
93038
41258
33413
86780
38151
59180
35633
54230
33557
36023
44611
37468
33333
42958
61253
40417
38717
44623
50133
33550
52022
41628
50300
36143
38319
44304
33401
53954
336001
60204
36619
49832
35936
33404
69138
39567
51052
36131
53261
39306
33300
42996
108277
35179
55621
43051
33556
64859
42801
48510
36120
43580
45611
33324
53662
43173
35228
41432
37910
33180
101388
39036
35248
38918
55648
36141
33280
40179
64038
64315
57405
56402
59518
57602
61206
59469
46418
41466
45593
312801
56850
47095
48624
49978
50434
39147
39404
43461
48461
59141
37219
40980
40206
43519
38462
41898
40921
41925
54436
41364
47031
57158
55582
45520
43948
42319
46524
43622
56106
45508
64675
41344
53946
47258
35630
227721
44624
58792
38250
62758
37796
43717
40470
35373
85902
38734
38668
51406
36604
60217
48639
39676
37280
43545
44405
36924
36809
54478
39115
36923
40658
44418
39017
41971
37438
45186
38086
36293
50357
54422
43349
59482
36801
37745
37349
36830
316111
35943
36829
37839
36747
44636
36955
619311
40931
74836
36550
47143
60938
36797
48373
57956
50953
37020
58881
70442
43220
39933
49966
46964
33421
46650
46041
41288
35733
37241
46970
60173
62015
618976
38626
108758
58695
33080
40856
53648
44351
966544
70235
37355
33239
48568
45925
36422
38847
59438
53133
50207
37393
33298
86600
40845
33073
40812
43618
41936
34861
59496
39013
33205
54437
49006
44027
37730
49908
110294
64650
38567
33151
55996
43640
34471
36108
40572
102094
70359
38446
33169
82369
37966
38024
40595
42173
47340
499309
48702
36677
33104
52491
43438
36039
36847
52006
41186
34894
42293
33124
43043
37459
33086
41360
60564
43254
46920
46566
33106
61852
109675
41697
33144
38146
55689
104445
36897
35697
35890
35544
36151
39937
36881
56943
41858
36084
37489
55840
35582
38671
36228
35622
37200
35802
37986
99504
36990
35442
37562
36322
36062
35699
35759
619151
47844
35186
37348
868240
35954
574274
38395
35743
47149
37881
40846
37685
49779
37958
45630
230165
34891
35874
52594
53691
35749
36031
35676
37696
35639
37167
35529
38478
46657
35988
33461
43554
46739
36043
36919
56684
130993
48314
33223
36772
35859
47652
51710
129330
35004
33206
53381
36187
79175
40129
100014
35181
33336
59325
34829
40874
78239
35052
48597
33125
36926
42848
38199
45099
35243
41964
44541
35006
34656
35249
35130
146876
32988
33925
34218
33007
33779
32897
33549
34279
32895
33719
34228
32868
38121
32883
51019
34058
32872
33793
34225
32863
34088
34251
32879
33656
33574
541971
34331
32845
33827
45031
47275
34184
32834
33741
38440
41446
59237
34356
32850
49395
33537
35547
41280
51746
32860
55911
38079
35866
42423
42984
32832
42408
33390
36666
40303
43571
32852
38760
58193
35983
38916
45628
32849
49948
33568
35299
48050
51617
32876
47947
105282
53545
43592
45260
32831
47111
33321
39242
73857
59224
33899
32848
42375
36252
34963
59726
32846
32854
32864
32836
33582
32847
32843
32835
32828
33044
34522
32839
33091
34406
32844
38621
37535
32837
338176
37895
32827
43277
34534
32829
32838
40702
34734
32840
32833
52251
39648
32842
47900
36632
32814
51017
32819
42580
32817
41312
32818
38768
32822
37869
32825
37662
32824
34705
32815
47269
32823
38818
32813
39210
32821
45067
32805
39346
32812
34472
32809
92085
32794
59919
40725
33329
51335
43528
32792
42989
47607
33554
48586
33953
32785
36395
47820
33332
56577
36630
46508
44366
34206
33647
34627
32789
49356
37623
33319
44440
34749
40745
43586
40093
37426
33345
34284
32784
34892
38336
33196
74941
41235
35986
43420
54015
34052
33889
34202
52291
32783
41069
44737
33261
58781
41348
40054
37258
53461
34230
33714
44268
34249
32786
39718
51196
33164
54859
37413
49985
39951
50760
37064
33891
41546
40392
32782
38273
37132
33143
36013
37705
41022
50581
33982
33573
101874
34666
32781
33369
53429
55153
38297
35722
47604
36075
33432
46099
34290
32780
33426
36347
37776
198102
34834
43354
42392
46905
49518
33505
46688
48268
32779
33288
40189
38592
51018
33077
40171
43842
55909
34152
33520
77434
33208
35177
39504
36567
32771
50656
41177
51968
36126
47298
33138
34903
42268
36078
32770
36825
37087
50731
36904
53152
33009
35589
34470
49700
35857
32769
37960
42064
55739
36660
49553
33061
62553
47619
37481
35888
32768
36069
45140
43616
63904
33006
49973
34852
49185
40385
32772
46512
34988
39363
35965
48175
33069
34640
40634
35603
32773
37818
39415
39814
37270
48945
33209
34431
44235
42205
32774
40981
50697
39425
37868
114667
33152
35441
38784
35105
40220
39392
32776
44757
36693
40371
35941
56150
33142
35293
44261
46003
42254
34066
38728
33499
42796
41752
32775
37800
32960
38069
35674
46774
33337
36790
40257
34407
38881
44419
44180
43895
33822
39669
38845
38428
32777
40487
41879
36991
44051
33193
35045
49579
32787
38209
50075
33262
46940
40146
32797
35189
49142
33469
43146
34740
32788
36076
39321
39290
34509
32790
34535
32793
34367
32791
49976
32795
34315
32796
47271
32806
36745
32800
38082
32798
40234
32804
44552
32801
37949
32799
44454
32811
42287
32816
41733
32803
40428
32808
34424
32810
46199
32807
39477
32802
61336
32820
40288
32830
50668
32826
34382
32956
33759
34274
33042
36248
34139
33039
33896
34369
33131
33687
34100
33020
33826
34742
33093
33957
34582
33031
33809
34997
33027
34435
34210
33084
33854
34604
33116
34394
34336
33220
33847
34967
33129
34002
34454
33188
33987
34850
33201
34144
34255
33226
34289
35325
33130
34056
34348
33149
33997
34975
33399
33927
35237
33398
34536
34712
33241
34160
47467
35993
35084
33309
34128
50542
36085
35617
33487
34137
49860
36420
35063
33482
50310
34755
52451
36263
34954
33416
51204
34479
50481
36020
35061
33458
34595
62742
36831
34683
33403
48472
33379
34245
99459
36774
35557
33428
34343
350812
35838
35601
33507
45289
34264
35341
34802
33440
62203
33840
36403
34715
33373
33540
34573
35502
35089
33427
585846
35492
36967
34653
36412
33926
36735
34699
33611
44614
38115
40625
34618
40994
33837
35776
48290
33708
35610
40774
33905
48827
33950
36572
33621
41880
33639
39712
34341
40483
33875
34229
34095
35679
34053
39511
33670
33861
34059
48821
34689
49016
33774
45102
34135
47172
34204
36667
34258
46860
34203
39296
45340
38038
34018
53066
34001
50175
34588
34808
34380
84102
34317
34493
34440
63455
33932
39621
34020
34670
34512
44650
34212
35526
34710
43634
34928
36206
34346
34760
33859
35267
44293
48174
47259
35094
50516
35606
42948
57736
51607
49373
34576
38003
58946
46227
34703
47848
34427
43522
646546
58787
34115
42291
596370
43070
41185
91093
56431
41212
50779
45400
63734
43238
39414
50903
74095
45548
45484
45249
51373
41449
43199
37643
41401
47067
39205
49110
45973
38241
60065
40079
51247
49855
43877
50814
41684
40606
47366
305905
100917
54090
42455
44837
38352
44758
63454
39453
45441
47779
42123
42651
51918
46821
45442
41420
42342
44814
48419
38875
42831
38456
41429
48994
43718
48008
54624
53491
43860
55234
49802
43764
53115
39534
40431
55681
44744
49554
55421
47531
51595
570034
44258
67324
46989
47741
45232
45512
42351
39487
48820
49116
45277
43022
43018
47892
100499
40859
51215
43444
49983
43699
40152
45353
48739
37675
108100
566375
50974
43288
45843
44682
46851
49526
39238
49504
39903
40408
38978
45042
36894
343113
46887
429177
46844
55220
51433
78931
37751
39368
47070
38850
46647
52666
46010
41243
49941
149389
42470
49618
41501
212212
41969
65249
52779
49923
44989
45124
69685
44941
50765
54324
46681
47584
55130
50229
50285
40664
44525
43940
49688
59849
54263
56245
41972
38583
48671
112389
63170
51383
42833
108877
123609
43502
61665
83122
41951
43939
46259
44343
37837
71150
41728
41460
46365
38220
40488
43223
42311
57853
38708
32853
32874
32862
32865
32884
32861
32887
32904
32899
32908
32901
32992
33000
33062
32986
32993
33781
48320
36334
38694
39527
40899
34113
33495
33993
34142
34625
34587
34605
34999
34655
34628
34682
34504
35012
35070
34846
34752
35069
34559
34510
35108
35351
35073
35175
34840
35043
35579
35371
64414
35272
35568
35230
35879
35738
34773
34896
35451
35708
35843
34833
37313
34836
36130
35750
36033
35978
35692
35827
36405
44006
35180
34567
36647
35114
35000
36581
36611
37117
36759
36966
36318
44050
41096
68982
54269
37825
37142
37812
37088
38851
38844
39339
33285
42269
39121
35742
40200
36849
63638
36737
35933
38328
36183
37067
42025
37129
43265
35793
35199
40738
40022
36601
35188
47145
40081
36712
36317
36256
41041
35515
36376
37641
35826
40991
40103
37139
37527
35615
49680
34395
37412
36993
36512
38581
35867
36417
36954
37054
37758
36004
37329
38264
36965
41167
36191
40124
38628
34756
37510
34638
37937
43250
37970
34419
35929
37931
35240
37713
42972
36200
37262
40897
38022
40469
34333
37653
45323
38618
37160
38992
36402
38540
47319
38229
37410
39386
42112
39600
35900
38743
35184
37275
43532
37722
52395
37256
35032
36972
35542
37495
34763
37242
35950
40708
36163
38140
38248
36508
39638
36474
39208
35887
39558
37579
39459
39257
38129
37053
36911
42753
39647
36654
40183
42077
46536
38483
40895
40323
37137
37276
38312
42770
42165
38096
43816
55822
38928
41485
51627
42918
42310
37239
37097
37056
39075
115632
39982
41507
45342
40414
45644
43659
40973
36770
39266
42836
38661
39695
37499
37715
41287
43340
42496
40353
41480
37948
40809
37026
40031
38481
41294
44569
35649
33617
37553
33308
40876
37551
56909
41116
51971
33900
39507
42252
33367
39746
41787
45165
46913
43691
33828
400635
38219
33409
38256
39328
36726
38574
37303
33794
37976
40300
55869
37853
33466
36811
38686
48603
48498
41530
39057
43973
33244
40781
36903
42156
43871
45046
49778
41408
34709
39497
39400
49162
34310
39269
35599
51705
52937
41559
578105
43793
42889
37600
44187
39766
44263
54240
40326
48423
70900
41940
47790
90756
44179
49416
45397
44254
54794
122892
55866
45439
37867
47969
35650
38173
46426
40137
38261
41304
39235
47556
38198
39255
53536
38290
48117
40481
34936
42584
39975
41726
36361
44406
58395
36398
38335
38513
51928
41060
35208
49570
41085
42449
49989
45758
38506
40334
39687
46493
40956
39808
34550
38747
39260
43046
41461
42501
40364
42884
42233
39999
39166
42826
57584
43772
42204
52954
43921
46057
62858
44897
43696
48543
39522
43464
41656
39185
39661
41512
42629
40388
39379
46470
44714
48397
43626
68426
47166
37832
45071
47636
42101
43866
39201
45052
47238
44937
45607
37596
43003
41855
41200
40510
40571
41290
38311
58813
42009
50417
62854
41082
42599
45822
37378
47640
47780
41478
39650
51891
45772
55179
45958
41993
44649
36150
51376
37201
33290
36442
36521
43395
39222
33224
33600
47316
36757
75408
40224
53401
38725
34804
43338
53490
35013
45536
36787
54138
34601
49522
45725
60200
35506
44166
51585
51713
34842
49298
35396
51400
45811
64226
41252
61171
51159
58094
40157
42288
41766
42278
43419
47450
42214
40689
40147
47287
42066
40792
42089
46736
51985
46951
50550
48897
42013
582866
44414
40480
52973
51528
47036
49943
45966
38402
34819
47383
38476
43530
38107
60314
49104
46721
53165
49555
41398
43474
74674
47454
55404
39838
33139
54407
54820
49435
83885
42153
51794
69267
47982
44700
42613
44118
41995
53909
59871
42718
58465
32867
32869
32889
32871
32859
32881
32900
32893
32963
32931
32926
32950
32997
33046
32998
32923
33028
33154
33053
33047
33110
33030
33195
33100
33107
33232
33217
33170
33234
33289
33256
33388
33514
33303
33405
33255
33267
33443
33738
40237
33629
34453
33654
36240
33784
48916
39212
36274
33811
37126
35598
33669
66339
33915
33783
34250
37075
35277
37525
33699
38119
33175
33663
41641
35822
36899
42458
33529
50698
41223
38633
36219
39083
33996
34459
43946
38758
41640
38830
34104
40538
58322
36339
40971
37781
34177
37405
33530
36036
38316
44412
37335
57407
33922
35951
33967
39409
45293
39239
38834
34098
33385
34023
35760
34275
33722
37227
33767
34500
33800
33992
38629
34014
34616
33892
36944
33845
41222
34271
36135
34355
45464
33938
40939
34665
83279
34293
50813
34169
38301
34105
34409
34040
34488
34085
38118
33971
34465
33949
34490
34268
48296
34069
43811
34531
34673
34429
34906
33951
38936
34194
35103
34017
39127
34639
34708
35076
35757
34070
49336
34338
53847
34397
58179
34417
34445
34358
34530
34905
39957
35091
41249
34916
112544
35235
38253
34609
40560
34288
35044
34679
35321
34349
44482
34908
59265
35512
35736
35385
34959
35320
34939
35170
35499
34865
36649
34528
40386
34925
39354
34446
34643
35357
34948
34871
35205
35110
35344
34991
34933
34631
34970
35865
35364
35424
35196
34644
35432
34917
35139
35040
35456
35532
36067
35071
36186
36204
35662
35333
35473
35590
34832
35523
35042
35225
37672
37924
35218
35635
35642
34955
34886
35735
36766
34961
36333
35406
37917
35308
40188
37738
36498
36729
36835
36609
35938
37331
35363
35670
43652
36199
37964
35921
35530
42071
63781
36957
33631
35853
40695
44010
36427
35732
49171
37888
37068
36863
35953
38125
38417
37840
38330
51734
35868
38809
44979
35558
33994
39869
35257
47674
51626
36165
34134
36859
33869
33510
53898
34461
36344
37010
45349
34267
38026
35754
33284
42244
46731
39875
40101
40878
36121
53596
38347
53358
45961
35278
102242
55439
37748
37971
37568
47923
39702
33339
42615
34102
36834
33449
35952
48113
33212
38384
34170
36864
39548
36007
38654
37793
36878
41836
42239
36950
38195
34451
37165
39454
37462
36598
36505
37548
37138
34167
39009
55923
35786
45392
35897
34214
36030
34580
36589
35663
36937
45670
37893
36922
36928
38921
37244
45350
36358
39682
36260
37255
36941
35382
37597
35022
37852
43071
40493
55138
36146
44121
37620
49787
41599
36337
38974
45563
36875
40307
40679
48026
40226
36511
37497
38608
38028
43702
37953
37628
37358
47152
41516
264074
38680
44188
38269
82059
38092
33128
37987
39458
36526
53362
37820
35226
36723
40111
37676
46520
38238
38414
38239
44534
40393
40166
39044
50519
39944
33352
38112
33265
38171
38578
37383
35984
49805
36585
36769
36349
36597
37618
38178
38977
37424
41324
37072
39045
37590
38943
39030
40139
36045
42662
45475
42472
41747
43654
38085
38980
42872
37437
56236
38010
39182
36658
37278
36523
40678
40500
43542
39048
39186
38698
39335
39126
45984
42178
39053
40063
57215
47855
39192
42335
39531
40871
45181
37984
42256
46623
44333
33877
47676
40042
42883
40552
41992
44720
40766
40287
42539
47865
33860
37246
59876
43267
39194
33634
36290
44528
36665
40019
37005
42552
48600
38796
36237
33742
37932
35518
39440
34617
40945
36621
33235
46952
79735
35273
36788
39012
38826
35446
36871
37288
46541
35595
39086
41091
44299
39173
52733
34180
49211
33302
54360
34131
40394
34062
51988
33821
45983
48405
74370
40135
41147
34036
33645
33749
42858
38672
123417
39052
50230
44791
45917
40241
47834
40447
40665
61719
39668
33954
40348
34318
41744
38106
42602
36679
50329
34263
42993
57229
58555
35178
45797
38309
37787
40360
47785
35753
39382
42681
40065
39024
41331
100930
39987
37209
55748
44514
47978
42450
45861
40289
49529
34730
37523
62775
45942
39490
47777
40843
40545
35157
38227
34835
41864
37031
44831
35145
44948
82791
44656
37023
42949
35017
41371
56107
45788
68563
49686
52801
41008
34813
38659
34292
45462
36541
38923
39243
48967
33342
44718
41018
52071
37710
49838
35098
46870
34830
43013
50450
39082
33282
41141
36392
41750
34877
44438
36715
38811
37060
42622
36205
44335
37370
45450
39066
43390
40117
44443
37429
38687
40397
39503
40404
44149
49319
50037
46685
43094
43972
89362
43754
44745
56330
44929
48613
43598
58230
51937
42294
49643
42161
51240
37385
41400
41792
62194
41486
42906
41156
43838
122189
53273
40611
47058
44404
40415
43360
42813
43249
37673
50337
49272
50226
40262
45592
53407
146590
43716
44750
40833
44249
35669
52292
44260
35716
33958
36264
37379
34240
57134
33509
37969
37699
38006
35794
38865
47289
35694
37174
40855
39303
61401
51037
37603
36182
60519
43348
41303
36229
41532
42663
46942
41117
39364
34637
46049
34467
50826
36448
50833
53939
45633
40091
58431
47764
42329
42327
41604
40884
50691
36792
54342
46729
42003
48993
38789
45434
60600
37237
43753
53469
49606
55096
47041
50721
48673
46316
44477
98812
59136
41545
61374
56218
50767
55693
45338
66049
66638
57111
56355
60280
60915
47930
42868
44598
115357
45004
60196
49626
42069
39850
32873
32877
32914
32903
32927
32894
32920
32907
32972
32951
32944
32953
32978
32961
33012
33025
33094
33163
33065
33070
33165
33323
33040
33120
33322
33230
33207
33396
33271
33252
33395
33473
33445
33488
33414
33450
33433
33479
33454
33266
33546
47543
38313
33658
50025
35443
35128
46801
36544
33691
33484
36254
33316
46083
34063
33995
44591
40005
45406
33818
37903
62092
40932
37878
33803
45926
42199
41578
42950
37285
33717
47968
39554
98072
49848
54482
39464
39378
34266
45995
40586
37449
36467
44080
33928
33460
36594
35779
41144
35787
50341
33813
35790
38511
34377
38831
35116
43219
33814
34741
38624
33519
34327
34299
33983
35330
46936
33422
45975
35861
33942
77390
34426
33930
34887
33988
44018
33673
40194
33849
34578
33963
63812
34221
35404
34081
35210
33770
44519
33980
36702
34572
40178
34130
51474
34695
34242
53198
34153
41563
34046
37519
34478
34149
33955
36862
34257
34256
34456
34544
34398
34546
34690
34164
34733
34538
34574
38213
34624
34450
34447
34308
34858
34979
35223
35131
34633
36136
34992
35201
39913
34859
34700
35302
35810
36102
35408
34946
35619
35719
35712
35059
35881
34838
35171
34815
35937
35956
35878
35288
34796
35292
35696
35339
35269
35715
36246
35452
35609
35796
34798
35545
36262
34935
35946
37103
35992
35489
35285
35281
35618
35138
36292
35798
36230
34428
35447
35037
35959
38201
36158
35700
36533
36232
34938
35784
36844
35174
36129
37046
35898
38179
36197
36742
36207
35415
46811
38527
34233
51878
48887
34984
34121
36488
34183
38272
37677
41562
40096
38902
33438
37042
43384
33873
35915
34525
54387
36167
66047
47253
37207
33491
34216
34807
62505
36509
34248
41326
42315
44717
39022
171077
34464
36644
33638
35049
34722
36310
46113
47281
37265
37834
39361
50257
45904
38703
35981
34680
39926
36309
34176
38308
40012
38780
36306
34943
36389
36778
36613
40083
37238
36103
38074
35801
36300
36517
37716
63921
41973
45908
35310
42758
37326
55241
37717
37091
41323
35376
37321
34795
37151
39110
38142
35842
38700
39207
35521
36754
39154
39068
33242
39202
39157
36171
39095
39204
39614
37504
41447
37390
38416
38104
38573
37107
38318
35928
44296
36953
39224
37159
33410
41676
36501
37973
36340
39156
38056
35509
38418
35975
38895
39250
35455
40305
40645
38062
43684
37859
37774
37083
41932
45263
39950
42411
45540
39183
39618
38805
40264
37981
40591
47709
40714
44755
41415
41854
41136
38376
39652
41871
39461
40551
40543
50215
42442
40190
41120
49277
36688
54060
41143
38322
44721
42498
37709
40046
49078
37485
39763
39888
43593
40912
44459
39654
41815
40125
41204
41159
37934
38078
38451
41087
42659
37442
34236
44527
42482
52994
48933
33356
41208
34198
38097
48074
39991
44816
37775
34281
40342
38374
40713
41230
65261
36725
47708
36806
40272
40443
34586
51444
48571
39233
50632
54381
43546
38957
42443
35605
34048
45597
44612
44503
58037
34117
50302
37833
41438
55783
37215
47343
36359
37162
45848
44145
39755
48775
38727
41029
51232
39197
38681
42533
45813
41544
42959
41555
40726
45838
38452
39444
53843
42581
43007
34548
53743
36437
44340
48556
41668
39563
42352
55819
41624
41998
44835
38007
40149
47783
47555
46910
37304
43922
35331
51704
36781
41241
46300
40107
41622
33366
46252
33304
43882
39316
37707
33459
46221
33360
46128
42471
54095
53136
55176
35870
44371
37301
48414
44613
46583
39707
44000
39370
48052
40778
38829
40868
46132
33455
47957
33400
49059
45482
51074
39700
49535
40596
40253
50860
48919
48541
47043
48192
44291
38891
53370
49449
49144
38910
46257
50031
55936
41863
39596
51384
44425
47192
48374
51016
61862
45948
40831
48041
46716
55121
43875
48265
46080
44090
40975
41875
103910
44610
50583
36092
41285
34359
39040
50964
35121
35078
42155
47397
38523
36655
44353
48732
34352
46363
39411
42834
57078
45192
57160
46741
48171
33552
54466
34439
56677
37625
35834
72142
40730
44911
44697
38058
42722
85764
51440
47583
35068
45273
48018
48366
57561
42924
44873
37297
57104
43084
38333
44199
51703
57703
48217
50282
41528
37904
50687
35280
58063
56004
38857
42271
38492
52268
43759
45821
39151
55192
44722
44743
51154
68170
37538
43194
34743
49639
33331
45572
39106
37125
33218
117124
46655
46409
36109
45741
40284
51089
49748
48042
45405
53154
50528
61871
44510
47940
45609
44175
54636
57580
39928
54046
55952
51814
36988
40451
36117
46818
39980
57219
43066
64543
44354
41957
39818
48336
128383
126618
32905
32880
32892
32913
32922
32906
32928
32932
32943
32916
32967
32969
33014
33112
32970
33076
33092
33166
33157
33148
33088
33089
33229
33158
33172
33189
33259
33134
33210
33204
33326
33213
33456
33798
33274
33374
33472
33341
33471
33596
33563
33334
33615
33467
33792
33726
33695
33602
33575
33604
34140
33671
33730
33561
33907
34055
33790
34124
44035
37234
33969
42916
37124
33961
37154
37487
54415
36287
34820
34322
49148
34209
40923
33542
44810
45941
34168
52955
33976
46679
36933
34037
105030
36356
34039
35418
55391
33998
34989
34622
34126
44857
33834
34772
34596
39067
34227
38675
35142
39229
34539
46933
34615
38455
34339
41267
34671
41229
34071
35048
35193
36355
34764
38774
34721
34874
35256
42825
34660
37099
34789
34923
33936
34599
34093
34389
42551
34811
47061
34750
37341
34868
33830
35143
39264
35014
34111
34824
35811
35007
46737
35148
34575
34611
35355
34958
33909
35462
40275
35275
34291
35449
34432
35484
47525
35311
34181
35388
34265
34634
34420
35991
41989
36518
43358
35505
34685
35454
41909
37752
40663
35434
36714
34697
105669
34769
52693
35253
55254
34657
34324
36099
35323
35221
35501
35597
35575
35571
35856
35345
36029
37704
35318
35319
35372
35141
35588
35268
35383
38460
37364
36731
36740
35828
35970
36851
35195
36675
36055
35607
36479
36538
35648
35922
35763
35807
35939
36793
36070
37148
36159
36874
36481
35961
36865
35803
37079
36947
36764
37456
38192
36473
35661
38073
38298
38141
36320
36564
40758
36041
37886
40006
37420
38292
34590
37037
41176
38858
38032
34823
39949
43488
35029
38289
36689
34698
38225
34602
39457
37204
45474
46406
37343
38503
34974
36653
36916
37243
53791
44687
36563
36690
36426
37458
37493
40949
35792
37434
38327
35918
39993
37223
36269
38872
38548
35565
39762
37336
38585
37399
37994
39549
39644
39196
36789
39551
38175
40793
39137
34024
37983
34376
38045
37048
39056
39439
38103
39835
35640
33946
37119
33876
37606
33908
39934
40601
40603
40974
36752
36271
38136
42027
41152
54024
38793
38408
38862
39352
38090
43742
41346
60019
38582
38787
37212
37695
43692
34114
40452
39616
41080
36281
37086
37829
37718
34598
37311
34462
37474
40826
52359
52580
39619
40258
39228
49430
44045
35054
37514
34392
37494
34298
42369
36291
41882
40799
36963
40381
39588
41820
40790
40361
36396
40248
42360
43429
40306
36727
41472
38153
37581
38479
39829
42627
41693
37220
39963
35260
56698
41482
43762
42001
39642
47461
38041
39965
43158
37261
51296
39472
38216
45396
39919
37293
43197
43879
41411
39646
39091
40312
40066
43229
40819
38722
55793
42990
39717
37307
42250
42572
41554
53729
38210
45737
34414
34636
41886
39252
40130
41791
48129
33439
45748
48766
37901
36459
43329
40165
37698
34399
40999
36213
33386
33667
35789
44846
36457
48724
39085
43479
52448
38214
33939
46448
41633
38932
40576
43900
37811
47528
33985
52741
37314
39050
38710
47115
45681
39274
34030
49436
33676
44521
35531
43992
39042
40646
36710
37646
36216
38218
55457
41017
46877
39658
40690
40590
36484
42976
35761
43147
38076
47205
45880
43235
34302
44821
41657
54327
34123
39610
33850
41296
42197
40051
49337
40143
55322
51287
34026
42241
48515
41914
46857
43168
36047
51888
38598
47183
40492
42451
105288
44538
37599
40436
37266
48852
42994
48920
34577
50063
34300
40357
34371
40142
36297
38798
38495
46481
36637
46674
45742
43270
41337
45319
43943
43299
39000
44282
54674
45779
40785
45605
50646
45922
48653
55622
40297
52633
43568
46977
46198
48047
41021
44171
45299
40687
59564
46261
40642
33411
44492
36812
33338
47763
53764
34647
46036
34495
37632
39783
46105
35450
38457
33661
109378
39673
36211
51867
60909
35348
36469
37900
40962
47109
39880
33692
70238
39256
556092
41930
61287
36753
52875
33545
41997
33613
50518
36249
77774
33776
53886
33911
46382
33452
45855
38035
47661
37367
42644
33688
49547
33920
44626
42130
41901
41057
46161
34195
74773
40937
61952
42052
87413
39954
47683
54061
61308
46332
43678
37573
44447
48836
49562
38396
48950
37719
58238
34015
53566
45306
32919
37411
32918
40922
32917
48298
32915
38101
32930
34558
32921
52895
32948
48014
32909
41320
32952
40213
32965
46308
32936
37122
33005
38802
33001
36506
32982
39688
32977
56347
33038
44927
33057
43449
33097
33048
33145
33111
33074
33406
33251
33117
33273
33231
33219
33346
33263
33328
33268
33317
33481
33347
33446
33475
33531
33526
33372
33534
33486
33498
33751
33610
33578
33674
33754
34019
33690
33838
33734
33851
33780
34090
33904
33747
33979
33657
34054
33746
33760
34156
34314
33910
33919
33681
34460
34043
33839
34457
34108
34383
34084
34272
34805
37780
33287
34237
42055
38984
33269
34788
43079
47671
37267
40604
39645
36445
33492
34727
33761
34678
37688
35104
39977
35020
34881
34826
44417
34768
37441
35755
37822
35624
33762
34845
39488
35136
37560
34827
37863
34770
37121
34941
39681
35576
46312
34415
36845
35122
37659
35053
34474
35500
34171
35336
37927
35782
33914
34766
34737
35322
54040
34872
54823
35417
42747
35737
34337
34502
42876
34918
34854
34973
46746
35553
42642
34507
62826
35507
39350
35583
34239
36771
39094
35439
34614
35539
34189
35212
219711
35206
38405
34463
35392
35707
34762
35969
67696
34672
44183
35469
35003
36880
41063
35317
47643
35655
46797
35151
45489
36051
52605
35721
51336
36939
34430
35541
37483
36642
34986
35025
35164
35788
35214
35490
36664
37236
35883
35627
35412
35718
35384
36885
35720
35989
35829
36638
35756
36181
35809
37644
38066
35797
36557
36428
36486
37433
36195
37403
38033
38951
37728
36574
35931
37322
36975
35910
37445
34778
38589
36528
36515
38524
38590
37642
36360
35768
36222
38324
37645
36998
36586
36250
36902
39916
42977
36907
35034
38726
54479
42076
45294
33635
40594
41829
38389
33964
37785
37914
38530
38890
41467
37098
38781
34166
40960
44484
37655
41253
38109
42741
38579
33789
37185
44457
38532
43784
47464
42387
40245
37978
39863
38645
39839
45288
38431
37604
38630
42140
39526
34526
38098
37069
42697
36678
37891
42198
39956
50346
37324
38205
40905
44472
38504
34444
40343
34150
37257
38406
37892
38576
36749
42175
38683
37295
39556
41500
45524
37066
41188
49204
39483
38167
39215
42652
38803
36480
38846
36580
39587
41075
40043
34405
39060
36858
38139
40989
39014
36635
42028
38508
36091
40638
36699
38545
37466
38491
41999
39801
39281
40863
48496
44845
37350
40060
39925
40277
43341
42020
41357
38595
41170
40593
41558
45501
40830
39823
44485
40239
41275
42426
46373
54936
64051
51119
59407
38741
43643
54739
41535
39284
53521
53051
46711
46281
56409
46396
50828
45735
45804
39603
104479
48998
43836
46421
58919
47787
48069
42961
47266
47945
50275
45519
48034
44283
44274
45574
52402
54255
48710
59052
41502
44524
77417
40977
44411
43529
50911
51450
55679
45246
40817
39929
54348
42041
50712
43408
43248
46979
44453
50921
41000
70898
49180
43703
39733
54982
51524
41206
65055
127486
41150
39002
49019
124893
33407
33515
33508
33464
33417
33558
33756
33637
33778
33583
33601
33364
33675
33551
33660
33718
34005
33543
33737
33496
33879
33633
33444
33706
33732
33769
33581
33524
34145
33702
33672
33678
33782
33725
33711
33618
33680
34072
55171
33771
51924
33642
55943
33736
40943
34364
43370
33804
36701
33885
34094
45967
33705
47488
34220
34010
34049
33735
33562
33777
34151
34097
33937
33903
34393
34311
34092
34154
34443
33970
33893
34016
34554
34127
33866
34283
34138
34723
34995
34511
34384
34864
35270
34675
34600
34542
34106
35067
35416
34606
34880
35149
34319
34897
34287
34761
35229
34619
34757
34731
34879
34940
34569
35185
36038
34738
34794
35009
34866
34654
35018
35088
34787
35852
34667
35405
34964
35286
35244
35008
35134
35312
34822
34325
35381
35519
35704
35086
35198
34555
36238
36012
35284
35744
35580
34839
35835
36154
35493
35971
34767
36071
36750
34551
35703
37733
35574
35846
36368
35561
35690
36209
36684
35527
36631
35535
37788
38232
36556
36643
36978
36860
35162
38454
47222
35947
41688
36857
45505
37337
39984
37171
47089
39305
38856
37517
41527
38304
48492
35636
46205
40377
54228
36324
35613
39129
37666
36582
36524
37532
36385
37396
36307
36713
38448
35778
49182
36383
36529
36603
37408
37161
36180
36784
37272
37279
38162
37374
38080
38486
39748
37657
38622
40317
39602
37250
35830
39680
36034
40263
36783
38938
38031
36777
38550
38467
38484
39408
37819
40032
37943
37761
38268
42283
36935
36948
37404
37617
41651
39985
37605
36571
39768
38365
43596
39787
38999
39704
39672
39559
42051
41682
38702
37153
38135
45445
54604
44726
38502
39341
39532
39990
37610
45316
44347
42473
43293
38144
43658
38172
39545
41920
37245
36504
38560
42362
41439
37440
39377
38206
39019
39426
48108
37732
39607
45513
36807
40550
37720
38037
40957
41717
41145
47369
40383
579730
40456
41695
40632
41454
42526
44224
44880
42389
43119
38593
52669
41799
52342
42490
44710
40640
38571
42298
40015
42854
43426
43388
46256
40770
46222
42634
40243
45842
53635
38939
42117
46191
40405
37609
40693
53300
45385
35907
45827
46196
53581
57119
39582
43263
38894
37120
37777
40804
37576
62877
48229
45169
45687
46077
44140
41006
56724
37902
48127
46625
39195
49770
43999
38388
51308
51118
41660
39209
46239
39413
40891
42418
42120
44709
40861
40097
52050
41015
40478
42085
38769
44797
47206
43251
47068
39591
43225
44319
47332
44594
41585
41573
55073
41778
44532
45019
75544
45200
40192
55082
44049
39728
43188
40759
51209
39325
52644
100033
55043
44392
39412
46563
50359
43026
62125
40837
48193
39199
47682
48717
55326
573442
50266
82921
77553
92008
44992
46732
54884
41837
44917
48713
53657
46068
48824
54152
49439
53081
42838
56708
40767
51467
51334
45879
56567
60788
49316
46053
61830
42209
75753
47462
42513
46959
41011
44310
44220
69066
33668
33698
33857
34391
33874
33870
33975
33886
33567
33795
33883
33945
34219
34159
34285
34050
33694
33941
34165
33808
34335
34143
34064
34246
34372
33989
33923
34243
34344
34045
34021
34196
34396
34313
34080
34217
33968
34513
34466
34007
34146
33882
33836
34347
33884
34386
34323
34594
34412
34096
58631
34120
35482
34305
36489
34423
51730
34421
41219
34011
56212
34442
47006
34519
53241
34172
65096
35295
38040
34379
35241
44393
34013
42219
34635
33948
34351
33880
33935
34259
34307
34543
34388
34197
34186
34714
34286
34332
34489
34385
34792
34455
34118
34610
34483
34626
35119
35304
34487
34458
34696
34646
34790
35503
34390
34869
34560
34492
34374
34136
35172
35115
35031
35710
34706
34817
35117
34784
34960
35578
34884
35019
34971
35858
34993
35036
35762
34910
35684
35168
35137
35860
35511
35083
34922
35430
35419
34491
36543
36208
35997
36113
35266
35570
35010
37401
35387
36964
35327
35106
36104
37602
36060
35533
35099
36440
36152
36680
36178
35508
36407
36537
36145
36716
36059
36821
35194
36336
35516
35245
36046
36214
37302
37725
37536
35982
35328
36711
35687
35766
38164
37874
36312
37575
44401
35522
34825
35247
36037
37546
65631
37102
350968
37093
52599
35046
53766
36672
38968
36373
38761
74563
37938
36877
37144
37638
36244
37770
39406
37798
35524
37656
36294
36617
38552
36584
39272
38724
39111
41247
37763
37178
38362
37534
37923
36785
36992
38627
36048
40170
37180
38636
39867
37375
37290
38398
36565
37188
43091
38242
38187
36194
37651
37528
38048
38955
37724
41565
42488
38701
38662
38522
37778
37779
36223
36527
39486
38370
37739
40471
40370
42170
41025
38531
36276
39735
38996
45127
40535
38612
37786
40341
37247
42689
43533
37063
41675
37116
41985
40523
40132
37213
37920
38813
41517
38707
41381
37554
40997
47246
43368
43965
46630
38878
37803
43339
43810
42606
41113
42158
38924
38855
44833
38754
42157
51368
46701
38189
39617
39380
41551
43570
42740
44766
43641
39847
42772
36956
40882
43077
54831
41301
39160
39609
43231
41098
38765
40148
44762
41579
54169
48219
39388
44242
40376
40094
45898
45957
46298
39751
42774
45248
121970
41396
40768
45177
39405
41927
47569
48451
42611
43769
42407
48102
43144
43141
44909
45635
38655
42960
40088
37177
44037
45863
40783
43472
46123
43815
40209
42512
46411
46478
39622
38670
57116
50818
52910
51706
39448
44476
47203
43933
54955
43913
43833
44102
52520
38177
45707
53901
47443
52713
38438
44962
45101
42789
40824
43246
45228
39330
40776
38648
55062
39501
40840
40106
48635
43111
57706
41653
41772
43432
51162
44375
50793
58738
43501
43926
45141
39105
43107
43524
47361
52531
45329
42404
48466
40903
56945
49345
85222
61907
48647
58893
101420
44535
41618
59246
45920
54467
61811
61555
34326
34418
34556
34073
34087
34122
34506
34437
34075
34368
34032
34968
34518
34366
34434
34178
34277
34441
34503
34226
34652
34334
34129
34433
34658
34316
34373
34078
34589
35082
35146
34404
34776
34564
34744
34205
34803
34213
34799
34402
34593
34476
35027
34603
34505
34641
34448
34753
34816
34416
34584
35140
34717
34642
34809
34775
35378
34728
34091
35090
35358
35002
34532
34515
34716
35623
34541
41187
35262
46427
35391
34885
34253
34473
34545
34841
34469
36189
34878
35058
35064
34780
35213
34777
34613
35047
35093
34099
34632
34914
34758
34557
35891
34950
35814
35050
35255
34947
35957
35705
35057
35435
35222
34953
35495
34779
35402
34981
36040
36218
34990
36000
35468
35209
36114
35158
35368
35825
35254
35528
35889
35908
35513
36168
34688
35060
35051
37233
35799
34913
35107
37476
35678
37582
35005
36728
36758
36668
35191
36160
34692
36883
36233
35980
36362
36327
35460
36127
36743
35774
35457
36311
36516
36313
35549
37183
37110
39986
36698
36381
35621
36094
35475
36247
35540
38353
35413
36212
37734
36961
36768
36198
37004
35087
39624
36548
37471
36413
36202
37376
38757
36123
50681
40900
37591
36052
40993
36513
54182
37678
37480
36868
52953
37742
55981
37589
36352
38501
37143
37635
38735
40503
36980
36236
37577
38909
38277
36579
35994
36741
38400
38763
37455
37197
42933
38794
39203
39817
36170
37753
36226
38566
40181
41413
38987
36823
39187
38043
36931
40581
39385
40023
38623
37496
36761
42797
37269
39028
36573
36960
37360
38647
36552
38616
39711
41269
38892
35824
40330
37991
38430
37168
37922
39629
37706
42481
37592
37810
38983
39708
39866
37248
36994
39865
48585
37268
39078
45365
40223
40186
39301
37956
37014
38286
37074
40918
38415
42213
38538
39037
43218
40232
37630
42755
36568
50564
48493
53247
43646
40047
39283
49230
39376
42433
38235
41625
41114
36332
40099
39394
48937
42211
39267
38030
38828
41671
45875
42538
43286
39292
40602
41067
39592
38677
40285
40773
41412
42921
41730
45214
58734
40731
42217
42510
41691
42030
40711
40044
44378
39226
45014
43483
84326
39893
37760
48903
40498
44058
41510
44638
42396
39132
42353
45868
44364
40555
51388
45037
44935
43157
39357
60730
39442
42853
38051
41685
40963
43327
39253
43700
50689
50089
50801
55795
46379
42511
49592
49609
53563
41202
45193
41341
50955
40230
52516
43886
44914
45478
40987
45002
43330
46758
43902
55461
53631
41248
46009
41048
39907
42690
50615
43685
42594
44773
40058
41347
50931
41199
101695
41046
47908
62033
44198
85341
48045
50626
53303
53955
40017
44148
49690
346009
43232
52957
75873
48271
40163
42340
48742
81696
60068
41221
45070
54173
45805
49621
48856
44531
54475
42420
46938
52562
47886
45921
62433
67345
58033
56624
442990
57117
54107
41465
68327
44910
41650
108042
53141
35685
34482
35100
34774
34965
35147
35161
34649
35377
35338
35367
35112
34863
34328
35510
36128
35215
35461
35169
35346
36338
35668
34983
35077
35728
35496
35207
35923
35471
35220
35113
35340
34904
35967
34791
35464
34907
35251
37955
34952
36884
35478
35717
34659
35026
35386
38036
35431
35176
35746
36066
34648
35074
35731
35187
35197
35314
35709
35795
35894
36016
36295
35466
35409
35291
35584
35038
35602
34786
35637
54393
35290
41689
36493
47032
34701
38497
37430
36663
34745
35397
35675
36482
36021
36063
36018
35653
35041
36289
35246
35808
36607
34945
35940
35596
35202
35352
35485
36166
35488
35646
36015
37391
35066
35294
37182
36365
36096
34890
35849
36028
36547
35448
35658
36592
36670
35335
36177
36817
35877
35841
36997
35660
36006
34851
36162
35163
36826
36776
35730
36148
36870
36409
36943
34926
36636
36542
35702
35411
36443
36596
38464
36283
38002
35664
35671
35926
36657
37340
36301
38154
36375
39165
37572
36475
36491
39496
35651
36027
35979
36535
37308
37221
37520
37607
36546
36366
36367
36866
36267
36599
36273
38342
38841
37253
40526
37208
37860
41306
36876
38018
38674
36438
39077
37647
38449
38282
39230
39935
39518
40122
44240
39170
37996
38029
48235
38434
43614
37962
39525
41789
46765
38920
47114
40366
44589
40866
49213
37989
37669
37362
36706
40280
41191
40615
37104
38208
36887
40930
38505
35909
36393
35911
39786
43463
40434
43956
36285
37300
36983
37997
40941
40703
36576
40670
36900
44442
37287
43222
38885
41522
39031
38930
42794
39583
41332
41746
39539
39018
43353
41062
49157
38886
36739
40078
44095
40092
40218
36386
42504
37915
40653
38650
43744
38197
38047
46284
41980
37608
45754
39081
39074
43402
44436
39989
48490
39715
43308
39016
41665
40736
38814
35739
44790
49241
38257
40197
51205
39660
44205
46923
48968
39092
39206
52215
39148
38334
49056
42235
43822
44583
37094
42092
44999
47465
41852
68077
44060
42324
39643
40266
43955
38901
38472
44993
46709
40026
43869
40403
48166
42672
48789
37640
40652
47979
37400
39452
38601
46142
50792
41495
43439
41781
42224
41076
41521
42734
39758
40390
44178
45089
44592
38554
50478
46712
43396
43994
50845
51859
42043
53749
40295
37537
37230
41716
45145
47495
39502
45206
46147
51443
49261
52784
44449
41946
51745
50248
51000
62517
43855
50673
46599
44342
40682
43403
48063
39914
37784
42166
201863
47136
60504
53820
41735
55061
62164
45641
38837
37870
45723
100707
54207
44975
46677
42971
39846
48304
44298
61173
54515
46335
39410
43656
621181
43934
53501
52444
55775
73783
56590
51015
110449
52926
46413
61826
55320
50068
63337
60559
99414
50017
50317
44461
40567
51436
119403
45045
34919
34976
35085
37264
37368
38215
36001
35421
36079
36839
36418
35892
36882
35752
35645
35236
36497
37039
35847
35628
35638
35537
35683
36659
36401
35154
36640
35815
35840
35573
37001
38473
36137
36371
37011
36455
35686
35924
36569
36088
37081
36477
36850
35964
35592
36816
35132
37380
36253
38407
35379
36618
37328
35927
37043
36095
35917
36419
37199
35845
35102
37542
36722
36057
36929
35913
35366
36853
38124
38433
35958
36231
38212
37746
37559
36321
36622
37815
35977
36188
36650
37634
36064
40199
36633
38001
36465
37195
38046
37062
36348
38204
41416
35616
43601
38516
40412
36400
39047
35555
37595
35554
42440
35875
67383
38782
35326
37828
38800
38120
39227
36925
38696
35133
36184
37109
35190
37928
35055
35689
35974
40558
37448
36390
37847
35864
36080
38911
36989
36800
37727
35851
35955
36411
37028
36282
37115
36302
35548
37260
37686
35250
37106
38597
36142
35882
35863
36683
36319
35125
37665
37802
38948
42325
36454
36717
39248
36915
41983
38188
37879
39136
37516
37877
36539
41978
37926
36341
39244
36700
37982
38498
38653
36268
37721
38169
38557
39831
38569
38713
37488
38946
44815
36959
38158
44643
38245
36626
37885
39417
36985
36072
38871
38967
37025
40324
41771
37539
41873
39114
36895
38539
39275
42037
41107
38012
41024
41586
36531
37975
40494
42864
40382
37508
36976
42148
39499
40071
43034
40028
41077
43487
39280
40438
39546
39004
42719
41666
54743
37526
46515
38071
37291
40828
37611
40805
38908
36430
39860
40684
40706
39874
42578
39691
48015
38519
40499
41201
37797
42436
39890
37959
42545
48697
37318
46037
45110
41944
42855
45291
46195
42696
41552
40087
41238
39859
42798
41384
39765
41797
45237
46202
42986
39109
42759
41277
43885
40583
39769
44119
48776
39904
48869
42955
42564
50208
46582
40681
46926
44256
42245
54699
50973
41477
43271
45023
42543
37015
49970
40704
39561
39492
40737
48904
48693
39225
50097
37502
41760
44039
40473
56858
38783
44002
54881
45555
49156
44879
43662
43331
49950
48623
47502
41786
49587
52352
45766
41748
43132
47757
46075
39521
38764
41899
43195
47751
44930
63497
45815
43747
102465
48403
51317
66374
40970
47613
40951
44850
40823
50562
43642
51164
41053
40893
47131
38528
56424
45471
41362
56968
39041
44631
45874
48348
44270
44621
54625
63092
46093
80273
46922
51355
64279
45542
46768
45411
49745
48758
47209
50176
74389
47466
43169
89406
49595
40691
60639
63604
48406
63515
51628
49699
45947
52889
40614
41209
100346
63324
75177
43980
61965
48978
41916
49550
48072
35491
35885
37309
35942
37003
37790
38445
36616
36343
37377
38099
36351
39873
38368
38861
38027
37619
35948
36378
35316
36952
46050
36073
38640
38296
43837
37254
38785
38387
39791
37294
37310
36721
36093
36369
36848
39565
38745
37841
36748
38014
36999
35906
36606
37556
35135
36019
37425
35904
39437
35869
37228
36305
38558
38057
36744
37750
37057
38323
37933
37198
40639
39245
37423
36328
36906
36570
37479
39035
36449
37522
36577
36625
38748
39334
39084
37509
37421
37890
36833
39153
38631
37843
44341
36217
38224
35777
36083
38767
37654
38907
35563
36185
36982
35966
39530
38474
43011
37848
38155
36374
37694
37816
40328
36545
38482
37108
37930
39479
37821
37465
37663
38666
37961
36685
38606
37687
35820
37044
37436
38049
38061
37782
38976
36846
39936
36353
35534
38019
37896
41850
37731
38340
40465
38025
38669
38746
37030
41826
36201
37155
38346
38941
41679
37936
37552
36139
44505
39369
38898
40635
41250
38016
37905
37040
38284
38525
37972
37299
39128
38117
42318
38102
38299
43450
39246
39436
39996
37286
41669
36995
39191
36708
42094
41866
43971
39764
41865
38351
38366
42234
39732
37478
40214
38466
40769
41276
44338
42345
37830
38605
39433
38816
40610
36889
51838
40460
37799
43544
37035
38678
39781
39311
37351
53891
43494
40240
38469
43844
37684
38186
39279
43209
40517
44295
48186
37146
41105
41205
46641
43409
37737
39431
40184
41518
39528
41019
37809
44549
38166
38572
54524
53452
49181
39008
41811
43898
37942
40818
40902
38960
40660
45523
37823
37507
41893
42399
39815
44043
43100
47952
43697
43514
41830
42896
40563
40472
41723
40965
42568
43059
38280
40721
40789
39701
73763
43997
45720
45787
44752
42683
44867
40278
47612
47173
48131
41667
52066
40995
47756
42928
42620
44564
41459
52216
38443
46793
39384
43549
44117
49707
46351
47566
41036
41700
48858
47220
39177
42605
56382
45669
39685
44715
41282
54560
39402
69784
88437
40775
60960
51163
127057
47107
40252
89128
43779
42782
44813
47635
50209
50613
43436
39307
42401
61270
56757
40164
59920
50332
73597
34481
34934
34222
39032
37754
37216
36832
36540
36869
39537
38274
39974
36854
37323
37547
36266
37356
38060
38471
35771
37862
37203
36575
36155
39297
36081
36490
39517
38933
37629
38435
38711
38588
38161
38712
36382
36808
37333
38191
38237
38050
41487
37289
37586
38302
38247
37447
38553
38360
38496
39217
42694
37170
37482
36974
38586
41636
38091
38934
40329
35581
38514
36164
38023
36686
37330
36805
40787
37320
38252
40070
37744
37371
38409
38163
39320
36551
39843
38126
37281
38332
39994
40504
37050
37950
36507
39495
38266
37105
39176
35474
40073
37089
37312
37857
37365
35819
37729
36652
38320
37594
37826
49955
42710
39864
37000
37127
51048
35871
36161
36691
39542
36796
45486
39010
37767
40161
41418
40621
40401
51092
35920
39992
40633
41710
40686
38293
38961
39372
39800
39181
40311
40064
38723
37757
42068
45195
41068
42882
40346
39112
39101
38490
42926
38788
40448
38410
41140
39139
38383
39387
42143
41739
38610
40290
42014
40134
42541
41602
43763
44196
42877
43970
45575
37999
37193
37875
41228
39593
40630
45107
44843
38821
38200
40637
42841
40018
43061
42038
47580
37175
47022
41765
38635
49012
40045
40795
44361
42263
37163
42467
40495
40108
38034
38691
41774
39117
41317
55341
41874
45541
42410
42886
45419
41987
40662
39097
38123
38500
40727
38570
44825
45993
39162
52450
41203
44376
43202
42136
38935
40881
47567
49232
44363
48297
36810
50574
41754
43651
42061
46883
42004
44895
42182
42963
40944
42723
41894
60969
51143
39953
41193
38609
45355
45511
40505
40867
63371
52218
45700
51566
44053
38424
44056
37359
56169
41169
56134
44934
43951
42686
54525
42419
46854
45721
48214
51833
45122
49740
55616
53094
47724
120300
42203
43543
57741
55405
66254
591615
61561
50419
41493
51280
43410
824743
44136
70056
44760
67050
56633
62654
55465
59448
60759
54728
62262
48114
45716
53496
43203
62121
43272
46812
55949
38105
51926
44212
42193
39088
46034
45537
37073
36466
36173
37873
38778
39395
38580
39482
38361
37980
37065
39090
39878
39697
37009
38596
37133
40847
37691
41646
38137
38799
39637
37759
37457
39611
40204
39049
36921
39347
41342
36681
37252
40367
38303
40468
39026
36087
41613
40203
40315
37114
39730
39277
40616
36510
38378
36656
38518
40623
37637
40969
35657
39595
39568
42384
36938
37545
36270
45257
38877
36913
38436
39298
39543
38138
39278
45869
37386
38587
37082
38833
41885
38258
41762
36901
38556
39401
46038
37614
38721
35895
37626
40138
36843
40010
38226
40350
37701
39810
36946
40608
40780
39571
38391
40717
39793
38705
38824
40650
39901
37305
39590
41239
39845
37092
38752
38526
43511
37306
52385
41388
40420
41848
39872
51361
37034
38437
40128
41099
37952
42099
38081
44142
41775
40036
42223
41591
39961
39291
38157
37995
39634
39430
38426
38287
39220
36969
37693
37951
41232
38533
41479
39327
39573
41215
41492
37047
38869
47004
44246
40574
43361
38876
36558
37492
42773
38507
44177
39550
43317
41118
57388
42145
39760
39175
37756
37703
39135
40358
39383
42169
38665
41104
48240
40116
43082
38751
45503
38888
41734
41601
44125
39731
39389
39694
56378
41757
47213
44309
38950
42849
45410
50423
42661
46096
38688
44028
38853
43906
44135
39310
51133
46190
44321
45761
40675
41056
38181
45374
41365
46763
39569
42083
52293
38823
38699
46772
42500
39834
43937
38990
46845
50242
38381
65332
43312
44936
41137
45980
38989
44573
42944
53038
42132
43044
41158
37845
50181
47685
43009
47962
48609
49046
41839
41405
41014
46165
41428
45560
56687
44424
48981
622121
41220
106349
48632
41808
102428
50288
76275
47272
51168
56563
40530
53629
40870
48512
40676
55276
43234
43193
42769
54922
54307
50098
49651
43001
50942
50182
55712
55627
43200
43300
113742
44517
112785
52586
53233
63287
56178
40898
43857
52223
53992
110047
40712
62971
54474
100899
43471
214589
61447
104344
42656
43442
41755
46967
38988
108748
50790
40671
40925
38156
43909
41227
37158
37450
41314
37913
40964
40369
39149
37472
37319
39099
40857
36927
38900
47903
39575
37945
38337
40260
38184
39190
47933
37814
38559
37397
38594
42231
39932
36970
43693
38260
42067
38561
36867
40564
39970
36736
37921
38310
38882
37883
36284
39469
45997
37968
38377
38243
40915
43008
38863
49290
39856
38152
47252
38453
39254
37835
37317
37210
41834
38108
44081
36049
44215
38338
40279
38953
41307
36590
36614
38868
38068
41047
41197
42675
45492
43030
41257
44065
37181
38913
42952
39342
42565
37871
47794
37518
43803
40048
39079
36286
40425
46194
37152
40037
40068
39169
38689
41125
38937
41473
40402
37836
41707
40082
37804
40582
38393
36909
41286
62469
40476
63543
38568
48427
37916
44926
39657
40453
40141
40352
37569
39721
37071
46525
39709
49051
42183
43846
47501
43401
40011
42938
37992
39921
49823
38344
45264
41089
39930
44285
37045
44818
38993
49102
39912
43714
39738
37184
42968
38385
41732
36460
54082
41179
50513
39884
51957
39020
47688
41302
40052
42238
46710
40424
36746
38970
47668
44284
49189
38817
42187
41547
39119
43143
38537
42292
45839
41088
38529
46560
46291
40743
62523
42733
48975
39613
53275
42186
41292
47812
39675
39152
38836
49871
72372
53612
39849
47503
41135
46408
58152
49877
40761
45133
47532
41231
47587
48161
42840
45162
45174
41949
44537
50843
41213
43460
41055
42040
44839
46958
52027
43256
62639
42177
51519
44328
51411
44374
51437
46159
41436
40112
53405
40207
43243
50116
54738
43161
52730
49344
47707
49307
42865
54592
53554
52689
39632
61992
40544
52316
55201
47371
48273
43069
54792
52308
101089
41841
51569
49912
39076
48940
53504
41210
40889
40219
42822
47630
39626
51265
47092
41399
51237
55287
44403
48547
43319
43206
43230
36814
36279
40806
38730
40502
40167
40924
39778
41160
42126
39198
40718
40384
42546
39231
39145
40201
39908
48651
38300
42549
44422
42058
38867
39051
38998
53194
46193
38854
44809
39034
39852
37755
37764
46607
40649
40172
38874
38222
37946
43856
37736
40389
40654
40100
40457
37588
45771
42053
39318
39460
39344
44576
40159
38470
39560
43859
43897
45796
41422
39223
39064
41531
39656
48285
39679
41782
39273
37490
37708
38265
42666
38390
39750
38617
42574
44637
38070
37726
44834
46632
42619
37664
42493
39494
44047
38128
42200
37570
39506
40314
39772
48402
47305
43572
41631
42137
37998
39699
41079
42167
40566
40605
39485
44785
42428
42523
36775
38145
42286
43669
42135
38325
39270
41020
40531
37500
39722
42547
40746
42708
40749
38317
46114
50091
45906
39302
42507
45674
41321
37633
37692
46886
43073
42415
40173
40744
38054
39779
40372
39315
38515
39443
42571
38461
43391
52331
39124
37521
39516
39143
39615
51337
41389
43372
38994
40791
55584
36773
47700
38375
44854
46516
43976
45846
43552
39651
55641
48907
41709
57044
41445
41810
42262
41606
45487
43760
54392
46091
39103
47215
42296
53838
44600
44223
62795
40439
42063
40228
41659
42012
38584
39807
56895
47729
47791
43264
51099
49093
41164
49885
52925
50560
45229
48649
43047
99850
45888
45226
165824
64482
58865
53798
39240
46960
41409
41457
50114
40822
53369
45290
78340
56583
43457
48138
59562
48960
53222
54425
49252
42560
38663
43481
57967
59436
44920
44924
43520
53006
63727
42248
53818
51249
67328
70585
43884
46492
39576
55050
42792
35095
43910
39667
41214
47124
44958
40154
39450
36399
38182
55412
45549
42317
38546
40705
39519
39340
46672
44105
37113
41540
39753
46025
41463
42062
40942
41455
39696
42249
38373
39579
44300
40747
38458
38174
41037
40624
38083
44480
37226
43002
42367
38339
40211
41967
39351
38822
46204
46890
37190
36705
42727
41318
38341
44190
41718
40198
36278
40626
39584
38825
39484
42121
42226
37831
40765
41424
40613
40913
37477
39116
38429
38575
39456
40396
40587
40362
42641
39946
43226
41827
41378
46640
38839
38148
41359
38603
41397
37284
42475
39288
42618
47722
39795
37373
40345
42624
38682
36756
38646
38649
40286
41403
39833
42285
43521
57429
42487
40459
40751
40862
39285
38095
37735
39108
45287
39767
40798
38859
38639
41953
40236
52546
39471
46124
40050
44546
90174
43181
39692
44113
42820
49625
40627
46832
38315
41821
37298
49895
42300
40464
49264
40269
44728
41740
45266
46446
38599
46742
43807
42576
44170
40584
42917
69454
42646
41182
40508
44211
46553
49231
42111
43861
42075
50060
39353
47875
41801
40547
42688
45847
43767
43777
53470
45142
39120
43023
39107
50675
46636
42144
46240
48582
38883
40719
42134
45280
48486
46649
46430
43780
44165
42518
46660
65283
45544
58084
45256
48863
50960
41095
43103
194298
49610
45315
55798
41533
64391
59011
39826
51579
56828
61915
59306
55513
62682
49839
49206
47736
58854
47055
41783
62839
42555
42191
538985
536064
50258
48209
44808
41032
50666
52720
44959
59494
97727
40527
53396
114129
54569
86641
47934
44469
68431
50464
59724
126782
36583
38159
37186
39419
42313
37813
40914
40049
41097
40750
38815
42610
40548
41635
46395
44156
40308
39740
37486
53416
45629
41066
40013
40003
45003
39649
39289
44466
39265
37169
40426
39714
41190
41311
39968
42768
40259
39966
42032
42579
42005
37395
39666
46755
37027
38221
47857
42227
37369
41010
38676
44892
38564
38979
37967
50649
45401
37947
40235
39510
37334
41725
40926
47038
36372
42255
36949
39594
45090
39544
41009
38731
39958
39322
39287
45371
44204
204412
47773
42289
41536
40901
40920
41434
39897
43635
44496
44041
39513
42021
44252
40557
47127
41115
41404
44761
41712
55976
43776
41293
45157
55959
37387
37540
39870
45148
38251
55521
37842
39677
43624
42421
45223
40151
45996
38971
40008
36760
44607
52119
36838
42592
44120
49909
39096
38718
45227
42752
48337
41966
51239
41165
49926
39261
42087
42531
44131
41300
39948
47560
49539
40202
38835
41609
47155
37723
47093
48310
54076
55560
42413
45532
43104
46228
57776
41979
47821
43575
45175
45131
46619
49640
42707
52556
42059
39775
55901
47024
42081
43247
51783
41543
44465
45135
51343
59979
86715
45887
52344
41483
618164
47772
45982
54035
50412
44054
55603
49998
48704
42715
47120
48329
57244
45965
43196
53054
40815
62247
44866
46961
55572
60336
59846
48444
59916
56121
41102
41520
44555
45562
64797
55781
49995
127045
35390
34912
48256
40059
38110
40155
45569
39071
43612
38899
57214
40600
38543
42844
49796
48534
40406
46362
40153
55698
38465
49830
40225
38244
41061
40496
51666
46238
47197
54108
48650
37123
46827
42097
45448
43106
43437
51013
41583
37202
42477
41630
41938
44925
41652
49944
40435
38432
40716
40655
44066
43108
40442
41157
42874
39881
44072
38100
52118
39883
40982
41260
41279
43281
39390
41593
53573
40894
42002
43411
44711
39759
40175
46135
40074
46781
38795
41832
42852
39969
45769
45123
40041
39720
42516
37446
69542
43455
48272
49835
44257
45931
45870
36804
52449
45236
37347
42422
100844
41954
42829
50807
40946
39911
41071
41094
57599
43553
49598
42033
37771
47395
42258
38321
48970
41696
41496
48236
42954
45897
43095
43876
46319
49876
41171
42386
42150
42216
41929
69074
44733
41127
43344
38015
40221
49478
46286
56439
43666
38372
44847
41550
50994
41553
44676
39276
43162
37768
72336
40000
37292
48172
40561
41924
38732
45409
54589
39910
48779
41295
43191
38914
52854
43445
47327
40553
43015
50624
51023
40696
52025
40883
52123
51075
36553
48901
40247
48509
40985
46458
43597
39739
44874
41831
42951
270079
48248
41119
39189
43690
59200
42430
49136
49353
45343
41976
119874
41414
104317
46443
58606
48090
85117
51655
43781
44191
54457
46573
63411
43582
108440
62490
48064
110695
490766
58398
50159
52986
42230
46310
41594
46089
64425
42729
58333
61046
46639
49103
48964
47382
53089
42048
43757
50823
35562
35714
55750
45065
41524
40885
39216
40720
43727
38997
38925
40972
40067
42667
52355
39007
43890
43240
38211
37149
40692
39585
41421
37806
38736
37484
41354
40832
40150
64956
41823
44481
40461
44169
43217
38843
41072
40458
40423
46225
59163
37574
39630
45426
46067
42332
43064
42424
53533
41844
42190
44127
41005
40772
39489
52938
51647
51822
45119
47512
42093
42050
43500
54071
42163
73730
43314
45616
42320
46694
50430
48864
59623
41002
42243
40292
38753
38792
41548
39924
46828
42684
45789
43604
43820
55889
45255
40021
47099
38729
42535
46502
42983
40933
47716
47755
49542
42355
41921
49179
46596
40643
43981
45862
38919
39299
56887
44078
112772
49226
40734
41044
42008
44008
46662
41759
43126
42757
42118
48437
45422
41155
41680
44618
39473
45684
45528
39713
43615
47927
40836
39962
48022
42363
41868
44545
45763
42648
49412
42371
48834
42078
43589
42261
52013
49130
49053
40261
50517
44248
40782
45215
40820
51593
45394
39821
44660
43551
47928
37929
39960
54877
45774
40455
44281
42207
42237
39373
47893
44107
120012
43655
79656
42856
47402
49054
60713
57089
44344
56113
56651
43523
56374
52498
51777
596799
44739
51302
49165
82983
52329
54287
52764
45732
49851
44330
42784
46218
40030
57901
40890
39774
53498
50756
80794
50906
52178
51584
75765
49115
92481
52110
56714
46442
54141
43160
44388
44868
50967
39295
103713
37164
37427
40118
42530
48136
44277
48885
46545
44753
48037
39046
39887
41959
42091
38555
54605
44386
42760
45470
39927
46629
49661
49576
45159
43364
47279
42452
43584
41469
39015
43029
45103
41322
44634
46555
39562
53754
40491
51982
45036
40507
49991
47013
41598
43661
42816
53974
36827
57841
42974
47936
39564
41504
40215
39939
47720
49026
43150
43605
41670
42767
42817
47859
46163
45823
44334
44219
47494
42499
48574
42643
41392
42941
47408
38742
43903
44243
46482
52117
40850
44032
36450
40246
42756
37648
55927
42985
40114
39703
51463
38749
42338
45850
40177
40380
43357
38279
44200
42907
43901
42022
43054
43328
42616
45039
46894
41596
39572
74907
41132
42919
37566
45692
51032
38667
49958
44195
45802
59612
47766
59543
38577
37844
43371
43750
44407
40585
41453
40387
47039
42975
52019
46417
43569
43995
45857
43858
43117
41749
49076
40916
43109
37506
61796
41374
42400
43506
43020
45497
43482
40061
42842
37954
41451
41788
45740
49683
53450
86774
51338
625036
51623
48355
43843
54254
42847
42149
50770
43290
47019
41769
48430
51359
52388
43032
48570
42405
53456
50277
44130
43925
70638
57573
48583
58569
51303
55753
39862
88723
48896
58462
57338
47646
321603
44746
129441
45671
73353
50213
41353
45817
47406
35494
38964
36315
38087
37762
43517
49568
43996
50659
46715
44609
38632
52653
43447
37979
55982
39761
38926
46288
44822
40814
38421
110176
41568
76245
46253
43631
41824
54363
38089
46601
40661
44189
46907
49593
42754
55360
45164
44236
46415
50327
47608
55261
47601
49260
50105
43761
43746
45390
45267
43039
41614
49614
46855
43548
43735
43478
54440
54825
48455
47460
43538
42503
46014
38947
41926
43427
39877
44034
42600
39599
47384
42632
46276
46839
54563
43179
42793
46431
46646
50005
43433
41234
47918
45717
53114
42142
38217
49511
42771
40077
39038
38985
42843
56387
47224
42953
50733
46572
50884
55441
39836
44601
41074
40599
44114
42655
40598
45230
41174
47605
41505
48028
46775
44431
39918
39828
45526
50766
50859
39421
48316
48055
44579
41126
41719
42895
41903
60746
45413
43526
43619
48851
39123
42851
48637
44602
48054
54427
50631
42780
42505
53492
47695
57553
44921
44971
42945
40854
43674
50403
47511
40422
48952
40522
58046
40446
42395
47725
82971
46269
96082
43797
46323
49764
44826
48294
40298
49499
39319
40180
43252
54685
49438
65859
86730
66572
57521
45493
42326
53636
44455
84362
41581
47669
51412
311277
565411
50956
34929
41509
45518
39947
37452
38358
42314
39027
39744
40648
47444
45724
38986
39938
39234
38403
37402
41803
37555
41325
44357
49424
43960
52503
44216
44683
48644
42206
47832
46579
41503
42302
38278
43309
47896
44557
61636
47071
39710
45435
41764
45859
38940
37911
47727
46439
53294
44947
46231
41943
40035
44980
40349
56267
48185
62309
44096
211270
46576
43033
88387
47611
54116
46691
42805
43424
42827
49164
41051
40085
50440
40935
46146
43915
40592
42695
43291
51442
42730
47800
47290
49293
36910
42039
56741
40794
46719
42803
44577
42060
64502
43825
46125
50000
60873
41494
49731
41872
42671
40580
54814
41309
40966
43851
40445
46537
41623
54711
50603
44255
43513
40158
40333
45602
43166
39905
69213
41003
48038
47091
48350
61537
50809
44807
39533
46787
41805
41621
53654
47615
43878
45833
43576
47735
45429
45220
48408
40732
40892
43006
54070
46885
57318
64582
40588
40986
56132
43778
44479
86468
59054
48321
48260
54595
48847
56442
46073
43276
56184
64559
45745
45305
51852
39920
55722
48204
50982
50189
42439
48459
41073
60439
42550
76254
47754
50727
45317
65272
43682
44444
49586
49702
48861
44079
49986
66361
44620
48929
46526
54519
126334
94219
49551
348642
44713
57339
321562
88630
41918
41514
89324
43362
47221
48017
56111
43728
51669
35467
37150
37392
38838
41274
42331
46912
46381
48695
50892
64201
61075
50597
41683
53343
45254
53390
45109
43083
46341
41367
47140
50071
46757
42776
56817
43998
53857
53708
46295
41001
40115
46334
45728
42394
46251
42743
53910
41607
39653
44963
46740
47485
40764
60058
40120
41705
39520
41245
45415
51668
45514
46946
43680
45974
42506
50612
39729
39855
43969
40668
47730
41121
51657
60922
47167
46391
44787
48966
58872
46370
50716
41615
60667
39407
39398
56977
45747
40347
42914
42947
45444
62961
46738
44389
39547
43278
39427
54089
40803
45666
52652
48024
42901
37533
42787
40829
41471
40955
47035
43623
43927
45172
53231
50638
48376
48199
48561
45381
49173
40709
51910
41990
50747
50435
53564
49095
45552
44724
47858
46612
55378
59197
40069
62360
45105
42814
41139
40421
39570
47547
42432
53127
37612
64095
64838
56576
49937
41842
40542
50981
45953
55717
59138
44059
48288
48842
46611
38679
42823
55242
49949
60343
44297
56769
49259
57418
51770
64621
193324
94195
50108
54788
66424
48963
51975
45231
51027
46018
49870
46896
54310
49037
50663
55175
39072
42015
40541
37909
39623
39741
43131
41569
42744
37407
45167
50495
40513
38642
39886
45347
54222
62997
50322
45559
44509
43296
44820
42687
46182
53174
43968
47966
84893
42748
47687
48883
75792
52959
85513
43649
59414
45017
43287
60272
47657
43721
46164
57203
55232
50122
44303
44123
43916
55774
75631
45900
44663
114087
39601
50794
55450
56466
100453
44226
61004
43719
48657
58006
49390
41138
41065
44024
56768
64369
41699
42074
49982
49493
45527
43541
43677
47147
55409
43005
51995
47241
51395
43123
39001
44575
45243
52694
47079
44995
38329
45557
52397
42788
39337
50030
47553
60286
44437
41906
82039
50047
43093
43423
42274
40321
48326
44644
49083
41425
78848
60674
48257
45652
79505
52167
38009
42459
60695
40119
59320
58612
41426
357807
43274
48303
48716
40537
44194
43421
44134
42809
86947
58154
40185
51827
46126
51842
44561
76942
102588
51305
54117
48995
73162
54404
52249
48747
37580
35769
36035
40191
37382
44373
38709
40282
40014
43740
42491
49441
40802
37414
41049
44706
41853
41283
37858
43497
56328
49106
50157
42373
42633
45500
46838
405665
56124
44694
61237
47932
41013
46902
56575
43636
324992
41499
41181
38775
106947
60944
56988
58241
41923
47789
50280
44994
42818
43752
44387
51774
44674
43282
64230
40938
43273
46064
55707
55760
55535
50325
39362
44842
52101
46486
45115
39724
42970
44076
44089
43216
61805
47211
43791
43830
41538
54074
52100
42678
49321
55093
39141
46349
379272
39608
52049
61798
351410
44759
40961
46008
48424
58614
42808
44071
46540
43609
42390
41178
49843
51795
55117
46213
54051
44871
47432
45564
44147
48640
44740
56257
56545
55966
41211
40755
44736
40432
48478
57024
64325
44953
43770
43667
400442
46714
41908
47964
49092
52343
41981
65086
40760
62748
104232
38005
40316
41806
43215
45968
44385
44279
54763
38363
108488
42554
47521
53626
42746
44788
46290
46953
54410
38477
54535
43936
49332
44499
56587
41023
51480
42110
50840
38660
38493
47627
45285
42922
47317
51670
55103
41838
38884
38905
41084
41970
59897
47474
60499
65458
43383
41443
51233
48989
43098
42441
46735
41720
47971
49733
46863
48944
38295
45582
41464
44031
48148
44664
44665
41334
41217
46327
45033
41800
44489
54845
44367
57051
46635
42162
54708
55729
54710
40879
45722
46051
47014
54167
48725
53508
53961
49771
50326
60916
51799
44974
52678
43010
42295
50854
42109
45007
49251
53900
46423
42348
44827
62048
47001
46273
60789
41475
43736
54298
72170
40475
40838
157039
76644
41991
41351
50627
61451
51919
52230
63432
42704
97621
48167
58798
40002
41945
63689
565712
36132
46082
63268
42151
40086
38075
42731
50995
44562
38779
38039
41338
50832
48274
41798
44439
69538
129505
39529
52846
56117
42438
43503
42346
631370
40771
102691
47862
48158
47664
46214
51410
42176
43931
43581
40025
45076
44091
51254
48438
38922
42670
55349
42364
43665
42859
50551
52381
42122
56240
45095
39159
48121
47359
42563
45783
47807
43989
45233
45225
41592
45262
45376
47897
39005
60074
50588
48195
49440
41619
44518
45550
51129
51120
49331
41933
43518
44777
48750
51622
52639
54843
45242
47489
48228
87644
41402
40735
53576
42609
61404
58387
41561
54357
58093
115257
46684
41807
46062
43599
61828
61254
46807
56798
46945
53132
34754
36687
35436
35767
41361
37128
36554
38275
38879
40368
58269
47817
43516
42536
51121
50051
53845
41330
53733
43382
46574
40140
44772
53811
47300
49490
46814
64783
48312
43594
46974
61180
50847
42466
61572
42102
55786
54429
50686
43110
49084
54247
41708
61119
42266
41939
53918
45296
46897
43031
55435
45447
57794
57506
47825
46013
48859
49564
41731
39360
43958
51278
42978
66316
46328
46059
42106
57457
54962
43228
92264
47912
47499
43053
48360
42246
43724
43485
41790
51350
42617
41131
43676
46216
53977
51091
57612
45187
45915
42368
57604
46686
44616
48404
60491
55243
42966
42279
40710
58908
73795
80981
58514
44325
39844
46580
44901
55388
75330
54411
50563
52690
59456
48006
62913
76130
47698
40896
50491
67454
53264
47187
38386
44250
53225
56403
114431
51033
43124
89916
50293
43821
46235
39251
43284
38233
41064
61311
54147
52328
38931
50066
45831
55848
53871
60330
47138
45331
53352
50019
47096
50382
565044
40466
51884
41189
47405
46329
38673
47134
49237
42537
40356
53816
58572
45865
56758
39146
46588
46022
305536
48449
37135
42108
43087
45653
42664
48208
39552
53386
40568
44628
49623
42904
52129
47196
48318
46061
85423
44126
111941
45300
43917
48714
47449
55599
77092
47355
41081
48429
57307
42693
57461
60367
53814
51575
54695
40216
57639
40355
61608
56499
92933
57162
54757
53079
68017
41406
52305
45283
64997
47554
83884
43819
57155
41828
40296
39174
42429
45765
39286
38773
53064
47339
40919
45132
41777
48433
970195
57077
40562
61782
55066
78014
47422
42636
52280
58898
40998
46144
49889
109463
48471
41340
48705
54189
324452
82461
49005
46522
38685
53246
41822
58506
46380
56061
598435
48479
40680
51716
69290
46111
51934
565858
42133
44128
43689
61257
48594
118702
44011
43647
54196
43380
48440
613009
42846
68105
43060
45094
57468
41975
42525
46345
639978
40331
46995
43975
51332
50140
49300
58399
48058
42152
43373
64884
54638
41268
51525
83459
55845
43253
53797
53893
46680
56138
50308
48562
45884
47558
82348
39557
45012
45312
46150
44030
47883
50580
102597
39967
55964
45328
48450
42866
41192
61358
48484
43389
52226
49981
64654
64781
46676
39909
42532
54655
45990
126011
40271
44838
41575
38981
48912
37192
45245
48103
45893
47069
46848
54789
51533
48331
51510
61682
46874
48627
43704
50699
47585
48031
65194
50214
128583
584836
55156
40733
40212
47602
111968
40256
50714
45851
39973
44099
47168
45516
45577
328934
47122
58247
66624
54910
40373
41616
49730
47711
41154
84825
55598
61892
47920
72994
43148
42965
52814
55782
43963
45786
112603
41968
54099
57559
48865
44661
58835
43174
46562
41722
41086
45986
60193
61681
47647
64881
70884
75002
45178
60572
159177
87757
57595
60787
49515
44684
67225
50503
55330
41729
43567
47507
40084
52933
40516
51080
42212
45935
60643
44928
43845
45424
50492
40762
272200
43065
45938
40636
45496
43057
47130
52908
47655
429941
41450
50750
65459
60251
61499
577587
97094
65204
50272
42402
81505
48569
42215
40729
576173
129469
47139
45082
40027
45258
46151
53029
55612
52573
56842
47506
62701
40524
47452
53368
44533
47198
44606
54862
50225
44415
61429
42322
591007
42781
50811
39247
44513
57372
51543
41572
59753
50914
47550
44824
331175
38995
36934
36620
37864
42018
42595
40936
54523
43257
44765
50271
38294
47201
43644
46931
46369
62962
51272
45950
40490
50032
49418
52074
44232
39785
63566
45416
43337
42779
45623
47291
50758
42444
43404
77104
48683
52787
44653
46835
40332
49375
44806
576418
58850
43751
59796
52927
56592
47438
39899
56196
61897
55538
41448
41265
40467
38637
67168
55975
48169
59124
40398
46568
56195
276559
55438
58846
49214
56432
39627
48187
52967
49208
57262
598227
45163
50187
955953
49486
50676
580174
42086
43400
587830
51965
63479
48464
45810
961848
48258
429270
44939
47175
49799
54047
60802
50255
48555
53207
38356
38008
36940
38541
41045
44512
47029
51288
42079
43068
76082
37846
49057
44369
44730
44294
47765
54688
52524
47822
48530
43183
57281
55485
824518
56440
42372
39331
41639
56339
48087
43574
51038
627914
40395
112115
44828
41194
54857
46695
45452
47823
72942
42103
60983
41935
48799
43558
58875
43074
53161
45894
84202
45428
319422
54197
43451
44306
43477
50055
45326
43610
44751
43152
51306
47490
61656
43671
67282
52131
61620
47995
48323
63742
55385
42665
45208
54660
42658
52413
49814
54790
49790
47938
45551
49742
45320
73010
43827
63072
108601
39790
46297
51903
49633
49358
56625
311211
52831
44954
55967
54614
45924
59042
125047
42515
706268
52768
37021
38185
39122
39184
38615
57793
41681
46060
49641
49750
107903
41582
50211
57872
41919
50046
46659
43283
51081
39429
49906
38133
42080
49619
53041
42590
50036
54331
47066
44986
49451
51413
43664
70925
54606
49312
58992
40628
51392
47802
47642
54151
42607
45079
41584
50702
53865
57070
56481
56773
58866
46437
55765
47835
321012
98338
46088
52440
45324
47993
55852
46988
76120
46968
46509
58348
87782
63762
56913
43122
45586
47999
45274
52083
42454
57618
48005
65444
70830
60127
49150
49589
48239
78276
52132
57433
47801
44329
48737
49866
236517
47117
327684
37889
38634
44998
41649
46394
44774
41261
42762
52971
43153
59183
56205
44844
53794
59399
47318
88506
57164
64009
587053
44150
43823
99591
56658
41284
49408
71793
42114
48162
47814
45890
43120
42484
48425
49169
60451
62454
54864
45322
54394
51175
49098
49347
47854
48007
50100
50014
45282
44693
95250
42988
92206
39237
50427
61666
44362
40928
44290
48677
40339
108452
46255
41974
69771
53801
58852
41677
48698
49971
54338
50791
51958
55181
39803
45585
42344
49292
44021
54012
46550
52893
47391
871344
47085
43556
48308
55246
41508
49751
44690
45311
44017
44379
55269
59107
55221
38801
54734
45621
48469
55271
47924
71610
46819
86509
47010
45488
52725
47568
47303
80672
49747
56023
75896
964796
42893
49534
56188
51151
57861
366189
40753
104276
87580
74463
47681
53976
42194
44115
57608
57822
53312
44213
42542
40578
41814
52128
45073
348489
47989
47527
51255
58628
57437
46849
39282
104782
87871
52357
129052
45864
48111
119345
48584
44764
44646
49795
47803
603460
49047
51275
74382
35332
38772
39371
43187
40222
43499
39055
46285
42042
43953
47087
41224
42446
52941
39841
85344
58329
45546
39577
39902
47561
40208
39171
45704
39858
54496
48155
40821
51103
43849
44332
77764
55597
44132
51554
113026
47845
53611
51916
66336
41273
56541
47380
310322
50151
53382
48483
48454
46749
43280
43224
113314
46071
111990
45578
171698
52093
44689
51041
54023
82926
60687
46751
54103
42720
44913
44778
63559
57180
75170
40816
43155
42997
48554
44648
43911
46978
57995
41802
59477
39971
41281
97278
106901
868442
49759
52277
58382
123304
48287
97110
47956
48196
53805
47425
59613
64513
48601
45565
50831
569179
39824
43808
43888
48371
49862
38652
44891
39851
41597
45590
37876
44365
41588
56126
41698
49936
47399
45423
55882
57258
40265
50901
44055
58430
49279
68602
39725
85726
38962
41587
46279
39161
43768
57998
50404
53009
874431
43324
434710
49074
51422
60226
43301
47809
64913
104674
119256
64486
59014
56453
40354
62257
47407
46622
333971
43394
48221
62368
67372
48035
44615
63175
51791
373991
707303
47233
591676
58672
51561
142637
59268
42057
577214
58353
