116741
541638
807118
115058
71586
527063
595855
599077
11044
69812
118958
81602
605228
303214
122287
129093
45033
30040
15242
16162
49816
12903
12048
13252
9776
627529
75995
97530
585843
551672
75005
121927
575597
807033
376699
128000
121383
30168
118832
19683
110315
14193
25395
14932
14197
94537
55632
609408
94282
15740
11903
12603
16812
17375
15127
10162
10093
121981
54625
586019
35999
112754
28638
592082
35574
16895
648790
30591
591438
117612
459991
67021
68580
18759
629535
11405
13569
14887
44825
576447
15058
23001
38493
16241
93959
9634
20275
12011
12118
110247
17886
9088
9906
21724
21436
120063
619795
652123
111740
70139
15145
15196
280405
33143
560558
10608
28749
649885
292249
573750
577915
65932
541509
535510
555421
316991
803947
16452
13636
904019
117823
588749
18828
526490
20531
116869
15650
37752
98021
129845
550428
21976
19602
617803
127068
120086
62053
95823
21624
79912
120287
546604
35982
433545
8856
70324
74630
22540
13504
568491
20256
22103
11022
19100
17615
19850
868041
18245
564226
11082
29954
70369
109160
19698
655293
110103
71436
11602
626944
526854
70101
110209
11612
544152
76773
80238
15607
24189
22213
8872
12514
23921
649760
65759
63189
49568
20572
578544
42696
75972
32315
43098
15086
12513
10219
77406
17435
21865
36830
13283
41795
18641
6510
125789
130959
17599
32567
26870
65643
31372
30042
118795
75955
14629
96585
34222
36164
16354
20813
31002
66000
582958
42031
18364
19193
106712
545972
58805
112982
125034
13903
46358
45758
73046
16911
28381
160909
275078
14789
19893
62974
14291
129934
10738
15996
13590
77386
50249
649861
31021
67060
11948
625575
14067
14455
15950
549258
11432
14751
23297
26535
21783
29299
13482
20724
22607
49015
15063
68669
74941
130227
16218
122878
48865
16677
79271
16734
12526
81699
14410
13408
22297
33061
8888
23311
8351
20117
13001
21184
11328
108089
71405
67280
33310
577858
25426
108161
25338
38190
618156
19925
9187
18383
109840
46222
60539
588543
70702
31078
96387
97166
27268
47902
14610
108174
16801
18587
98596
10799
40184
26735
20668
25388
14736
15648
24070
38879
552780
19650
62213
52251
19973
12095
74791
67155
25322
11519
12968
50002
15027
48281
530731
19468
19070
68828
18672
8030
26355
79671
12083
25073
12512
51887
70767
64150
16702
20298
12452
10046
17418
14253
264146
9105
57885
23084
16901
40164
21113
9056
12317
8421
15865
19979
348668
541724
19054
72001
11528
547014
60542
24547
67019
73283
11343
66493
81270
654553
17160
15502
15519
7912
11255
11342
9840
17529
18564
98069
13403
22219
19240
13933
92050
23587
70192
13617
80939
25720
71168
93146
55650
46708
69018
71593
12675
615971
23039
23503
30196
15553
13219
21672
22418
46908
614735
116820
11913
908560
11636
20488
88446
8603
15961
19489
25597
12653
7574
17818
541910
78367
903832
15103
17895
13911
54768
15677
69738
17049
76968
11958
22784
16663
15587
14716
21949
18981
30684
19079
12373
16546
18005
66594
14351
104022
25905
17501
11335
17520
15391
13720
53680
11539
17749
18553
16169
292960
30525
10788
19314
11178
41317
18864
11198
97740
627892
11883
591946
94466
114951
13537
18917
12739
12823
21397
11470
15184
20360
10049
19445
77493
45052
9126
112873
19637
581581
119660
31607
93522
32604
12925
32697
22526
14615
72803
19669
10491
10852
72025
117165
21616
24776
35534
28650
12009
66701
14824
79774
69316
15133
14300
13847
66146
14758
22749
14331
18384
37075
583489
21374
35619
18122
20461
48304
15610
23603
13380
12674
11413
44174
10319
23496
49367
18217
16937
37450
14896
9643
27818
11736
8059
58350
16864
35445
18884
19506
20552
67555
18329
70834
577838
14857
22358
20902
14391
12962
21548
18409
16202
48936
22252
23527
29126
11834
18574
27402
14359
27387
73746
116348
16524
68427
18690
6040
17553
9482
11319
9753
11140
6392
5367
543267
16211
83224
18694
117970
21631
14623
63674
11421
13071
23283
19194
20453
22281
22218
12877
292971
18371
14318
39230
37863
24699
13794
68860
12786
9963
44182
15860
34563
541399
14211
111221
107384
16640
614023
26538
39889
27780
11684
12704
48194
24850
22483
23016
13463
28021
13672
608785
150256
18931
32220
35218
73238
15644
13204
25364
35641
39848
17654
21766
701169
16727
8562
11873
18296
20846
96684
24329
21709
21994
53658
20204
649835
19324
27515
21386
30010
115059
15861
33523
35690
11168
13735
18811
65282
112195
12131
21632
40049
30966
73047
98181
19947
16580
34904
17237
16968
74548
13592
8307
13057
19269
10214
7098
29616
123082
23738
19544
14591
20701
22306
77487
12788
19862
23618
12064
32708
33559
20750
425760
25557
28416
22169
21190
70548
19157
49553
13971
13023
20505
27752
25366
24361
12698
16069
18678
11745
572740
25284
17686
10768
12604
16314
15984
72115
599725
108728
14052
30294
54982
42679
17147
28798
32210
77860
597879
14086
36976
27672
11730
31867
19057
95572
26489
80182
18950
22643
26384
69988
41092
61761
16015
10366
17564
25670
15929
10657
10769
14201
16135
68469
20112
12277
16404
54099
32935
18745
38786
18436
22149
16254
41189
18878
10057
13271
9789
17893
127261
17304
18982
10404
16679
20443
525941
19473
18372
52222
77598
70380
19822
20431
20092
15691
28687
25106
10957
49166
16281
36076
9397
20671
51761
14854
17059
9392
15596
34335
27227
10930
14202
16754
75217
11902
31209
100814
39654
8654
80332
13193
12460
39918
8794
34876
12834
20321
30696
12981
43852
8727
27020
923869
14072
9716
73624
76917
18720
30517
13927
19179
13166
13759
43625
12004
15398
16360
28291
14399
21799
15936
10589
15017
10272
70963
14433
10850
81249
18165
16548
9852
13970
20318
11910
12651
19110
12346
11517
16885
7489
9353
8947
4653
6588
618059
15503
15118
22558
20555
17970
17330
10043
14588
36191
12408
27053
12961
24404
72846
53735
23499
65861
71121
17609
18211
17551
23880
17684
78071
58833
12384
13013
117888
19289
17332
10861
11407
9206
78977
15935
15123
42633
14530
11501
10944
31826
18618
40580
9601
25667
116760
23600
16321
69456
26324
23326
11465
14342
15030
21036
22385
29566
46775
13549
15808
17428
20235
15329
23859
7234
107779
72421
12579
17207
19011
68741
11375
12252
36683
16060
20284
10961
14910
26687
17598
13103
11707
11725
592032
11231
14506
20568
121609
114192
12639
31255
12069
108969
74063
36367
129484
14472
11040
95393
21716
22342
14865
11332
10011
13515
11955
4895
5393
15393
20027
19715
15801
14775
13507
19808
15930
10873
22598
13519
18127
12333
11510
15427
11819
13852
12278
15455
19237
16376
28178
15652
12924
12630
8527
28177
14780
25235
560007
14019
9619
12354
12332
35275
11119
19809
17509
25864
32266
9746
24546
18718
13732
121731
14622
23424
18227
25169
55556
10551
19285
14196
28420
18030
12532
53714
17848
25198
12356
17862
29484
19360
23671
620331
19626
26850
70771
22650
13396
14652
13544
54341
16357
13645
14037
29845
16410
20134
14380
198434
70783
11575
15429
9578
53699
70222
13284
9131
23006
17082
13585
22623
23566
545218
14087
127116
16185
14962
32651
17163
556792
15380
15045
20207
16770
20131
9653
11354
10224
13496
14727
6453
12896
96306
14890
12107
14595
11666
10423
9133
7493
5819
6792
13354
32410
21480
51380
15584
20201
16116
19880
526440
11373
19579
27446
17708
13220
107818
25252
22472
19396
22843
21619
22359
34818
11269
17897
14467
12787
857932
13243
13799
71619
110107
10517
16035
13717
19155
36209
17751
26983
11668
9712
67602
18837
45135
16468
14187
18139
22730
22425
122811
15412
10514
44732
19761
14679
15874
20122
10782
10560
11853
13342
29887
19059
26561
12867
10170
27719
64432
18970
55066
18429
21246
76120
27201
37079
583358
12122
16833
17735
120498
14292
11483
15938
119684
18727
15703
10264
14916
13233
13708
25078
11525
10740
52372
23369
12533
19771
71909
16682
21046
106179
10236
13240
17746
52709
10258
9513
10164
11150
13201
21892
13754
38184
21324
35683
13455
10429
31272
29677
13995
9723
17933
23820
9629
15753
14389
16240
27223
15834
16101
9102
12073
9805
21403
16043
15499
17458
32134
10505
20030
8090
8163
10144
15966
13275
10774
11889
31004
11341
11624
31474
16225
12538
14121
11191
18778
31284
25262
15434
41305
40686
7666
97765
15026
11943
71926
7988
18710
10970
17586
22023
22088
27654
48733
23609
24737
56593
94538
9008
67087
24570
11671
57717
26748
17057
122327
538867
29764
13471
12847
67465
16244
18503
8813
9182
27745
11403
98205
13050
10690
9305
19271
70412
11390
23877
11434
12379
24093
17717
14260
14764
14000
11559
16538
14848
14297
50289
29264
12799
12771
33552
69599
12289
12432
13973
11226
21095
73441
25207
9553
14422
9788
22823
16022
8521
4838
37015
14670
21267
28881
10254
15661
10729
17784
14792
14826
11924
14999
18996
35290
607209
25307
37918
16034
14403
20567
19943
8206
15238
14430
32860
78982
17334
123001
35970
67173
12642
17705
15756
20865
21531
14753
15814
11323
23758
21973
42170
18289
16528
11925
15909
24944
31457
23354
9019
18873
17290
14071
9580
44891
10934
19116
346352
14449
10297
10999
12480
13351
9394
11112
11622
8617
16927
9916
16808
10009
107572
15187
11885
22207
18524
11356
8441
13183
13100
12641
15222
16248
583271
17850
70749
12531
9204
57099
22521
10958
7168
17577
17889
8841
9260
18390
22971
10898
77378
15722
11679
8492
9703
13140
17242
16042
75460
14519
12209
24915
11412
9791
14523
291035
9711
21737
7124
16805
10361
11632
14560
16023
10072
30550
11599
28989
10183
14837
10864
20691
32735
11521
21468
15336
8281
10624
22395
19868
19804
9533
14444
20354
20615
20985
13132
7609
10919
11288
8099
11667
5031
186443
11526
10291
31785
11429
10122
11621
24019
27944
12958
28020
32119
17311
17124
30062
46294
21882
22988
15706
12092
14949
18334
8117
17770
50681
317950
23091
14535
13160
10921
35329
50900
35654
18299
8185
74692
29633
13790
14152
39883
9089
8199
12426
23869
8626
34253
14754
27549
44818
13475
12503
25066
21668
18255
11735
14425
10858
36822
18696
25449
11097
19402
12468
11277
12483
10362
16362
9962
21309
14708
10593
13705
8045
15445
96785
14048
15083
15421
45345
11071
11879
24633
14495
13534
14402
10897
10825
12702
32843
16170
15043
12285
6908
11527
8682
12940
11338
33782
15115
12672
15846
12499
629403
12855
49556
22909
11280
12707
56054
13350
116456
8993
24981
12186
22934
13855
38822
24175
18214
13767
16729
18770
9185
22770
18258
10111
15612
12662
20656
11063
12988
87900
11832
11363
11852
7808
98749
25584
14221
22161
8234
13158
7820
7514
7441
28145
96766
19852
11408
18187
17354
16348
14939
53088
33595
66489
12493
38112
236300
19406
10716
21545
17743
22234
27438
115576
25922
26511
24100
15920
17504
22322
11741
15385
40103
10257
11574
13018
7156
126319
9050
21346
11011
17063
23134
20279
9085
19169
24172
10015
16257
26807
98230
51786
16948
24242
8109
16145
25055
13637
369941
14997
14718
58003
14721
57613
18246
11641
14174
19532
16525
12927
40532
15290
71253
10906
12908
11102
14967
72347
10459
15205
14579
41722
9443
22772
21653
16744
19622
13206
11133
12474
15972
17037
14336
10829
14980
59296
25779
10325
14984
65794
18594
556966
17438
19737
20317
17588
34911
8611
598611
9384
16456
10312
17584
14908
7387
29839
9886
42090
16774
14799
9138
15439
16009
19076
77029
21171
17097
24496
9286
23504
28709
13402
11706
15260
10923
18800
11579
15515
16882
10227
7956
10301
10583
17810
12563
8587
10849
15159
7429
18890
26263
40420
20355
20156
16758
17579
596173
13135
72910
57948
11271
15074
8130
9118
74181
17403
14040
20409
97863
27278
18731
72438
15816
21180
19294
20630
10118
11000
12589
18199
52434
22580
26728
16907
12826
10358
8164
16934
13248
14046
14157
15800
71658
9393
12076
11880
15155
20996
9955
27021
13421
15107
32193
9908
21848
23932
867379
13382
12343
10920
13574
19522
10442
21286
16751
13989
340002
26088
10497
12260
27711
14181
8634
9927
13290
28842
17972
12088
22460
14010
19087
65699
18445
70946
12324
19967
15868
13431
15806
18269
13529
15084
14384
14735
15355
16840
15403
16533
16310
12463
12850
12135
13536
26741
9695
19355
10579
12500
67352
20586
15695
32106
11689
12319
13698
15964
58228
20113
14950
16935
13667
13982
274679
10109
13442
21104
35067
15711
12937
16996
12626
9130
17616
12758
34730
75594
14524
18003
29494
8912
19692
13620
20887
10200
23690
22945
12699
17216
10081
11928
17441
21086
11757
10821
7165
5815
13073
10948
13447
9947
13041
17548
30240
21684
21223
92661
66327
14585
18467
24921
68484
21032
20920
66267
16646
13571
36341
12130
295346
10894
69951
18531
33546
14417
21299
10884
15572
12584
12335
17982
15038
11727
18636
54170
10520
36077
16021
8551
123083
35130
49292
18103
12027
9832
17927
11456
12905
16371
7150
10971
50340
12508
48455
55125
8685
15415
21139
13221
10113
68747
12638
12684
9005
130158
9371
11322
13697
16571
10147
10167
15539
19597
20040
46405
13264
76881
20873
11237
16427
20720
20072
20657
47422
7616
15470
15332
11751
15404
13395
19003
17821
9159
7917
12081
13687
10375
9690
19955
22679
22786
13118
13016
11713
14227
21102
10841
275070
11327
15257
14546
6835
19777
12634
24936
15843
11166
20325
11289
16477
10134
25128
15853
17515
10177
9611
10349
9667
11422
16922
10590
16394
8385
30355
48917
18675
13020
20773
12311
14855
8631
19188
14027
9999
12390
16980
10001
10681
10980
9239
21140
15408
14557
13210
12516
10285
12671
11174
13255
9721
16913
11306
11207
11542
16187
11120
15211
8869
9417
10242
15511
10196
14507
8625
8259
21398
16107
24023
13400
12663
18422
70741
14509
6325
12621
10206
8412
10095
9221
10928
23874
12471
10483
10859
127105
7645
66568
3606
10479
13212
14208
27432
7134
37984
17772
70019
12165
553472
11206
18274
193157
16072
16691
13977
8945
17043
41210
22382
9496
16014
23672
28582
14254
20596
41638
8610
21268
47044
19008
47781
25125
17734
9689
15052
67206
13231
74651
25247
23064
8501
15616
115521
15914
17431
13797
16109
16641
14299
71719
14306
35458
20534
10963
10486
35301
17454
13707
13314
11495
11359
8897
10082
10445
76987
11655
10684
17935
10295
10998
21052
18333
30751
15056
13186
13315
15840
11311
14794
8906
11861
10993
19103
10925
16080
8942
15128
11696
10344
8756
15995
19716
16847
7686
17938
16407
14831
8800
19956
7712
8081
25413
50799
18833
16555
37706
9531
15195
11705
10562
9499
9150
40430
11479
6876
7199
14130
9552
11090
11085
15992
10964
14372
12485
37636
13095
13182
10581
7575
25387
10460
10083
13281
11077
11779
10303
11926
23347
9509
11504
16238
16623
8895
14194
10943
13151
14730
11543
10354
10408
9023
11394
9991
10746
11976
10294
13358
14216
28463
13040
14931
16067
13393
17731
10278
9360
10075
9741
9375
10745
17222
23805
15999
9631
16786
13994
20519
11111
15505
16830
9331
11812
15046
11008
12286
13914
8980
18872
10725
10120
9080
7715
5284
16036
8570
13824
12617
7932
16040
9636
19460
25131
30945
61173
26004
20236
18341
28936
27229
19994
10838
12164
17814
10020
9448
22247
15302
10260
111028
113325
12618
23845
18149
11238
11772
41738
42949
20489
19491
15081
18163
32895
18901
24472
16863
13305
71884
10733
86404
10757
40890
16106
12812
16710
17067
15246
13821
8242
8732
48561
566706
8608
17488
28728
38965
14416
17611
11796
21498
15817
15341
12239
28477
22844
23795
23034
17677
8285
15051
10438
11661
11939
14512
9798
12229
8251
13975
12406
23716
10275
7559
10945
10723
13980
8014
13441
15143
8386
9445
14145
16782
7322
9293
8973
14244
11703
16985
17258
9027
16493
18506
18889
16485
14255
10131
15426
15571
8056
23341
20799
12189
13235
9733
11693
15989
14447
12263
24043
13474
12610
21596
11220
28892
14172
19309
11628
9715
18729
49293
16823
5546
15625
44450
12611
11847
15471
30896
21932
20520
23118
12222
13898
10685
9310
66895
19255
12427
10823
18395
10997
13469
11989
8132
17180
24451
18809
17596
9148
13492
8554
18131
9226
18253
17363
9031
12235
23189
10114
18069
8452
17699
10299
67036
7643
10025
17573
18250
11228
25682
7967
10580
11462
14987
14870
9866
9872
12433
10889
6090
12777
9545
70460
8909
117045
13828
17978
16634
12327
124424
29334
19946
17864
11657
117808
9967
10502
10545
130300
25754
17650
14921
122610
16118
15204
10314
11634
14007
32277
35039
8926
22891
9093
16414
14148
12979
26645
19500
37798
16324
12479
29480
10336
22462
19493
51550
17528
67370
14293
22788
15934
14367
18772
14941
14884
23611
10245
6339
13048
118800
31036
14412
9070
10012
10844
26776
14875
13969
66558
20874
34541
10730
27609
21057
10644
41422
97444
94449
10985
19049
127025
9961
13185
8724
10872
13935
9973
6429
11538
11301
10613
16569
20908
23759
13952
10399
16174
10326
15253
8453
17713
11431
10658
9724
10682
9685
8940
16294
13384
17373
14663
8044
8400
8422
11441
12014
18469
17192
13986
10975
9770
12148
25746
15671
12166
12828
8883
14843
16165
13091
10039
23968
10013
70157
15927
10364
10061
11960
7741
9701
15578
12181
55788
9428
9116
10211
9869
8687
13849
15981
40268
17068
7357
9974
22237
12544
9787
9802
21661
15065
7319
10574
6472
19385
18337
10053
9184
14806
9951
16304
19720
9161
10499
11029
14013
12005
9879
8931
18848
14118
8134
11310
14700
9249
20733
11282
6864
10833
14282
17248
10163
9556
10059
7288
13563
11600
10051
18605
10792
20458
9002
8339
18784
9519
11209
7093
10832
8219
11781
14674
7922
13543
9515
14382
12307
7855
11783
6707
11416
9011
6007
8547
7001
6560
4039
66892
15250
12469
20747
11213
17845
15326
38462
16501
17873
38258
11487
8266
9677
29947
11360
36961
11545
66542
28517
19562
10754
18379
28598
14644
543709
68672
29129
8176
10623
13976
13546
13008
66745
13542
71533
93329
21400
15649
16764
14668
29222
19931
21354
21337
10356
12266
8063
12183
10902
7613
574506
15182
17851
10758
15267
6764
23447
15983
627833
28356
20303
31332
95657
14268
14408
10252
13405
10115
11923
13607
17225
11299
16150
11411
9572
11218
9112
7881
16125
18184
11005
7915
16723
11660
16124
12180
9041
13190
12056
12097
15820
5730
6828
24600
8179
12911
18888
13733
9780
8921
10288
6682
10171
19165
20588
19265
9637
9433
19082
42913
15002
11400
15631
12685
11243
7051
9518
15564
16038
6053
13564
7749
7889
13294
12482
9180
12328
8240
14510
23508
13338
7304
16061
20641
13207
27892
7928
7935
11841
10402
20087
13532
14690
17139
7834
13123
12024
18101
11678
10337
10322
11522
8224
11791
8057
12939
10950
13710
14316
9195
11835
11514
13659
13520
10718
23622
15160
8377
8031
7447
14781
7752
11857
22519
14089
10981
8563
7564
8624
7048
10632
11406
9920
11712
8170
10425
10427
11020
12455
15197
9194
12111
21520
8609
21933
6336
10150
6803
12403
8728
7083
74107
18183
8802
14209
8699
8822
6833
6332
6586
4518
19102
45061
35509
38418
81248
73212
34309
39007
11651
9166
16508
27952
14219
13833
24794
19514
23462
68344
18916
19327
17130
27510
25430
12629
10818
14405
43333
16082
13292
22808
9758
18860
13329
18247
15298
48945
10865
25060
16429
20420
18260
9004
12026
14116
39552
24911
17372
19140
20966
12251
19877
28226
9801
12883
12567
22239
89154
23154
15372
12710
13445
5784
12889
16265
14206
13615
20001
14788
14678
14029
7704
10771
12941
11015
10148
10482
8343
7537
11792
13102
9577
15881
11551
67318
9738
13424
30189
8427
7534
12441
13643
13269
13196
15547
8168
9502
13623
14654
6832
7630
18461
15825
11607
11361
9021
15621
7117
16232
11643
6932
9151
11410
12842
19377
12595
12640
10946
19878
10965
16085
15508
15441
7755
15202
10193
14465
7125
23078
6084
6521
11426
16198
10184
23198
15533
13827
10907
8781
11176
11932
8544
18144
9686
11975
8788
11619
9418
12673
10866
20743
8569
8135
14369
14134
7597
27564
8992
13940
11025
10521
12949
14739
11189
11496
12489
6341
11882
13011
7918
12827
11582
10811
15862
11137
8615
12759
11135
29218
11107
11918
9238
10968
8612
15082
9834
8860
16026
9521
13737
8671
15248
10088
7103
10713
11006
19691
8821
12888
10441
9382
14182
10045
9752
10142
7891
10251
15611
10316
10550
8147
9929
8494
12101
8819
7896
29840
32997
29199
16239
116472
78838
19282
25802
54105
27673
21016
566087
15335
26021
15370
78680
551837
17294
74405
22198
23661
16197
13098
16334
20045
37807
7565
71044
43227
18428
19703
11234
20074
22432
25848
10842
42150
14487
43124
20224
10412
10283
9779
29076
14161
8407
17069
18314
21560
21122
118441
14973
25964
8987
8531
14486
30533
15968
7999
14218
65964
19224
22619
16724
25843
12264
13554
11916
9507
22642
14988
14156
11798
19865
13614
8827
7138
93743
9108
10019
20372
11267
21477
8830
12473
15957
8489
14442
8123
71805
15544
11398
15836
9593
12421
24892
17121
20558
9335
14146
9926
8292
7474
17804
15852
7649
10123
12326
15422
9680
13829
12120
16386
11627
76268
9128
7723
11869
7160
8506
11904
9425
11787
11095
9817
14820
7036
10424
7665
9061
29341
9639
12768
12387
5566
8383
15122
17001
8188
5968
12564
8868
10990
7531
11478
8076
7705
8731
7347
9835
9590
10262
9998
15057
6913
9740
13116
11635
17776
16794
4811
7396
8618
10910
8934
7453
15277
8656
9782
7772
7818
15049
8449
15447
8613
10324
9616
6723
8212
13353
10078
6697
6850
10651
8778
10145
16783
10612
13173
8369
10037
14955
7290
10181
12545
9213
7133
9170
14160
14105
8558
13302
7885
7035
10304
20553
12418
11758
14171
9040
9257
8713
8232
11423
9447
10805
7706
5740
9324
18382
10834
7502
20070
13014
7515
10432
7188
7798
8606
9863
9604
6180
8085
9045
10826
6169
7280
7688
6423
6217
15660
65131
80616
10780
18662
17685
24969
27366
69646
15360
25441
18623
28141
18100
17750
73051
23095
22990
7736
29771
16578
7943
13286
19957
14239
12505
12921
9675
27390
18106
38818
15130
33857
12703
21243
20612
8700
16951
13559
13030
80225
25399
72181
23886
44021
26442
13715
31697
11747
69273
16624
15276
12391
9614
23362
16129
43886
17062
13632
16267
15582
9671
10104
23643
9868
649872
14243
17472
33493
14819
8903
17357
91167
8122
11723
47054
13021
13356
10932
10722
8660
13691
24247
6665
15991
35833
8290
97973
13724
10335
26495
23875
8253
25019
9366
14480
15314
10194
10628
12237
11720
11056
12650
11340
10100
17416
10538
12870
14998
14283
16888
7979
7079
7321
12208
8415
9504
8738
13722
15090
10645
10637
7259
8616
7879
14605
10092
9355
12588
11592
7000
14750
12020
10584
9709
12682
11229
8388
6618
13327
10192
20484
10226
8029
16203
6393
9167
9539
8566
13056
22876
14583
11615
13318
5890
10828
12265
6026
7431
12303
11420
6449
8018
6754
9887
10374
8264
6633
15034
13651
14798
10882
14567
8455
13465
8549
12518
8095
17017
9471
17074
9596
11563
9641
14259
8036
12072
8922
8590
6050
8248
5946
18176
7071
14319
8763
12592
12805
8807
8237
7254
13251
14613
12214
12112
8670
9682
8701
8217
10237
13494
15443
11752
9231
16781
6649
10327
10149
9243
8598
6486
9480
6926
14766
8971
6274
7600
11536
9297
21639
9081
10549
8152
10595
9774
8419
13090
13148
11445
7427
6849
8260
12152
7982
11162
9099
9481
7214
8305
7407
10604
7464
6594
8429
8241
7893
7562
8338
9326
9145
9681
5988
9042
8221
8466
7196
9119
5926
8500
7579
9010
13325
8908
6019
8278
7905
10105
8932
6715
4848
19730
115357
12382
22814
15167
72641
11840
17407
24154
34992
12944
11141
14906
11546
12678
25471
8097
45875
10340
76211
15994
60381
19487
22190
28155
70229
19977
20497
8138
12802
12484
19983
10692
32242
77531
10489
13309
13584
14827
20680
24994
14971
26167
15522
8605
24094
12071
9422
17506
92514
12656
19380
18613
10702
16024
13319
94948
13612
493721
17985
13872
13901
19843
20990
13557
17497
16193
17953
20454
10600
11553
11823
9725
15568
21198
9523
9761
8885
15475
11964
8647
16305
9074
33762
12794
7939
21699
32157
8211
10557
12134
13654
25635
10523
13165
21035
13578
14810
12796
17325
7500
7769
12667
11646
11131
22638
9251
10673
8925
15653
8277
10813
6982
8902
10817
8712
13644
10936
17198
9772
10369
9942
10268
10749
14551
20399
9638
10328
11946
7843
16559
11278
7255
9141
11695
13575
11529
6444
10676
10284
14025
14706
7799
12438
6558
11818
11035
6779
13159
11854
10962
10437
8362
7614
15688
6229
9473
11318
13053
8811
10973
11871
6916
15153
10587
21665
9516
7483
13653
10951
14407
13565
10503
8193
10229
12619
12502
10537
10695
10005
7118
8327
9362
13783
11236
8730
11845
12032
6818
13042
9718
13007
11370
6264
7553
9329
8848
8226
9235
10577
5856
7478
12176
11637
9623
8104
8791
8268
11293
7149
11265
11200
9403
6309
9369
8381
6473
7771
6808
9567
8831
6753
8151
8028
7272
7351
8799
8924
9205
11598
11317
13170
8065
23802
8510
18451
9983
9426
11125
8203
9079
10416
15545
7566
8597
9103
5980
7506
6691
7528
5999
7691
7679
13856
9895
10931
14114
8675
10330
9250
6294
7882
6730
6580
7641
9346
8765
9222
16337
8658
5627
7177
7364
6103
6722
7625
5641
7548
7490
6093
6218
6211
6032
9737
7822
9439
7027
10393
10741
5598
8169
6484
11513
5175
11279
8689
6541
108000
16683
69733
72709
18766
16834
23379
13948
14566
22648
21796
31038
10436
34529
58814
34722
23676
14038
24320
22233
139923
73725
7591
9054
21245
18589
6786
628707
22286
17321
20062
117821
31110
90171
24978
12561
13806
13530
13844
15321
30218
52315
14217
7854
14511
16004
17914
10728
9232
7683
11644
77183
15362
26175
12529
12646
20446
16373
24658
15459
25242
17924
13449
22309
11160
41197
17674
12487
42664
12534
11589
11304
13818
13902
10420
8468
16986
9218
11088
14317
11856
11652
13261
10488
7498
7758
28736
16892
11349
10938
11987
15102
10269
19258
10643
18336
13295
15761
21263
19133
10052
10775
8790
10451
96391
10018
7314
12132
11190
11912
8330
8711
11810
16226
9240
16793
11066
20513
16137
8178
8726
13997
9405
25412
7878
10398
8389
12345
8582
17249
9497
9936
8780
9367
13812
12719
13603
14054
11611
12424
11544
29338
9706
8938
7086
6457
11572
9430
14783
11053
11195
9100
12082
10621
13096
8066
9642
12846
11773
11942
7960
11313
7897
9594
9291
9857
8707
8620
9846
16192
7958
13460
8927
10203
7984
8706
6861
10027
11084
9777
9139
8222
17053
6752
9664
9450
8571
11357
8972
6525
10772
11042
6074
8180
8165
10318
6538
6236
9654
9544
5496
7592
11590
7461
8084
8749
8192
7276
10247
7695
14537
5949
7077
6488
8490
8446
8328
6605
8187
7419
7540
7378
8257
9694
7608
10969
7190
12086
6067
9111
7969
7039
4540
8818
5834
8715
8740
5676
9214
7720
12037
6819
10067
5291
9084
7010
7312
8392
7263
13541
9582
6650
9649
9543
9272
6758
8026
6371
6635
7848
5481
6561
8787
8100
9586
9363
7344
15349
9216
44713
6894
12833
11294
8693
6382
13746
6732
9599
9924
12575
9745
8484
8873
6183
9066
5734
7384
7582
6280
8797
7072
6746
8067
5189
8875
10959
8758
7062
9762
6626
5947
4804
6142
6994
7650
9792
6814
5550
8276
7677
6875
6881
7832
5141
8367
11974
7762
7774
9483
7147
7642
6768
6494
4211
10680
54421
8653
12255
69729
94654
66395
44143
16142
15506
22142
11262
24663
24602
21161
22221
9245
10697
23803
33990
23535
29374
22316
27120
12547
38354
30068
16405
27679
27809
18224
72471
91180
16463
46789
24815
11330
38439
17842
11820
39722
125983
16991
51645
12864
12558
15366
13528
573207
21174
16018
51611
17119
13793
11891
24291
12168
14529
122388
11945
17262
70713
89331
12325
14383
24105
23114
21230
14491
594429
11767
118050
16556
74209
13387
16453
10161
12652
8948
7479
11143
11604
11270
14714
12762
11630
9415
15726
8158
10207
24357
22732
17155
8599
11251
78985
16478
8560
14439
10960
12098
7369
9072
13779
14345
12230
14565
9837
15592
9734
9432
6551
14475
13180
8793
10710
24864
16157
11019
10406
10602
8522
11039
8325
12051
8092
11941
12797
10688
12128
9279
12362
9889
8990
18437
13117
9778
9964
13792
17318
23260
11224
9376
21913
10756
13963
8663
9400
9146
12023
7864
12006
10069
12779
15177
8989
11831
11583
14577
12256
10984
12157
11761
8116
8096
11032
10031
7840
8755
16389
7797
7363
7496
16102
10734
8399
14005
9227
10541
13136
13702
12491
8785
5942
8207
6591
13178
6770
13450
8195
9328
9588
6794
11048
8918
7189
10622
9692
10112
8093
7681
9464
9978
7296
7417
8373
6804
9877
7805
7059
11468
7257
8126
5556
7782
6961
7136
7450
5983
11803
6385
6735
10787
7504
7277
9304
11061
6717
9806
6450
7756
10767
7225
7082
12530
6474
10659
11364
6276
9823
7318
6352
7814
5812
5997
7763
8088
8835
5565
8402
5224
6978
6815
9215
6468
5780
5327
9274
7030
5664
6186
4959
9427
7467
6344
5791
8005
6532
6420
6063
6789
6022
7094
8666
6929
6655
5312
6750
8409
7349
6203
7626
6898
7876
7205
6673
9028
7829
8672
5553
6158
5551
8474
8141
19156
7719
5790
8293
4920
7488
8507
6629
12720
6380
6144
6146
8025
5966
6842
9229
6609
6085
6356
7034
6088
5830
8574
5419
6617
9401
7725
7339
6197
7249
6979
6497
10180
6469
5530
6870
5747
7406
5261
6178
5465
6001
6310
8350
4695
8817
4680
11686
18161
119332
75501
14616
26690
12987
75639
21306
14002
22048
43439
30326
10854
18591
16483
11588
9754
11203
120953
11687
11273
34068
14880
16779
75991
12761
15493
9822
17904
13194
20634
18895
29880
14026
19966
12841
67098
13394
88542
37895
13784
60084
16054
68290
24433
16570
20875
94608
47649
16837
10869
20000
15662
15833
22010
48095
21771
20312
58408
9488
10526
18362
13079
31749
30655
14385
26351
10770
15738
555637
13648
11966
9795
9209
19343
7718
23029
14773
13451
20379
27074
36307
20639
15897
8692
23843
18529
12980
12040
12754
19710
14665
37750
6868
11638
16551
12000
13924
6964
12437
14689
24461
9157
7947
13838
11595
12411
7895
16649
13538
9453
8951
10914
9140
7985
12872
12649
9071
18356
14093
13884
9984
27760
12920
15859
14704
11196
19151
18511
12174
8133
12281
8393
13000
17243
8579
8270
9051
20527
11623
8432
9558
9357
14008
8496
11714
11046
11316
23916
14877
8567
10611
6733
6231
8196
10669
6888
9197
9212
20280
10024
8236
13006
12681
18200
10298
16484
6947
14832
10098
10421
9134
32241
10626
15676
6433
8595
8166
76583
10558
11826
15561
6798
12043
7657
13250
5867
7646
15149
8968
11715
7853
7577
7670
7621
8855
8669
8324
5319
10567
9162
8209
8667
9915
7248
9988
11392
9565
8950
6938
8229
8952
5832
10240
5710
12091
8688
8561
9540
8488
8518
6477
7171
8309
6226
4910
6791
4735
8716
7449
5865
16053
8201
6654
6152
12371
6275
10287
7009
8035
8652
5803
10175
7692
6507
7872
9751
7806
8252
8406
6811
7759
7598
6431
6949
7640
9710
8216
5729
8390
6397
9903
6716
8739
5113
7583
6316
5191
7142
6151
7954
6669
5371
5332
7063
6646
5299
9086
10070
6701
6134
8080
6135
7877
5842
5397
8578
9534
6259
6936
6370
5241
6445
6529
5571
5584
29200
5475
10017
6122
69756
7291
16215
6017
5889
4809
4927
6398
6480
5405
5311
5570
6080
5445
6338
7404
5752
4960
6463
5783
6647
6600
6840
5940
4494
6154
6862
5425
5796
7050
4382
6033
5262
4870
8789
6958
4941
5235
5165
7179
5901
6557
5517
7286
5073
4916
5125
7644
5829
4824
5771
6271
5303
6625
5880
4633
5422
5240
4977
6401
4508
4412
5892
7007
7146
5670
5655
6096
6223
7238
4135
5385
7114
6378
5358
5364
5080
4755
5742
7102
5723
5433
7265
5055
6290
6227
4212
4740
4058
8120
6291
5316
6143
4963
6698
5572
5630
7740
5078
5106
4954
4625
5038
6550
6695
5015
4749
5898
5698
6277
4994
5252
7148
3669
115652
15178
23830
62036
19861
21146
17484
15629
10293
6288
13274
7222
9124
8238
12818
13745
27445
54373
17031
16292
22080
12415
9386
20723
15794
11894
76653
20387
11481
10618
15247
21428
14559
9878
71101
15542
20663
16098
10896
11905
20963
23776
30762
14200
21748
16932
24419
17475
18782
21979
118062
19840
10563
18019
28901
15518
14785
9785
9833
16597
13478
15266
33014
78974
32028
7394
112680
19050
10935
28121
8801
16019
13256
22266
92889
15747
19926
29552
24459
11386
20617
11718
10801
6928
8491
13398
7558
11669
16029
12126
6192
10824
9980
6696
12932
9568
9944
9351
8273
16941
7900
10392
20293
14695
14651
10915
7342
8929
82962
7491
10518
8644
10939
18232
8826
46016
11246
16504
11900
12018
11060
11372
17409
9083
8137
8760
12695
12357
14210
7191
9030
13306
23009
12815
11151
8159
12725
11524
12116
10160
15000
13141
11201
13128
7801
13656
7851
11515
15474
9201
7044
11169
14238
11028
11026
13874
13375
9377
6066
10704
10320
7348
8296
7555
10189
8471
10468
13436
7654
9241
7469
6971
7381
10481
11158
9557
8359
6674
7376
12129
11126
11662
10417
9049
18998
7284
8162
7412
9890
7990
5509
10244
7556
6787
7486
10378
9930
7047
6299
13602
8418
8503
11258
13425
8649
7924
8553
9302
10143
7297
8183
8900
9469
7022
7525
6957
6387
7187
7016
7176
8087
7696
11806
8681
6029
7172
10639
6805
12706
9236
7227
11106
19699
7144
10552
9451
9615
8600
5932
7100
5746
5806
7992
6200
7213
8037
7099
10212
5893
5709
7766
5845
4945
5413
5933
6395
5492
5905
5177
5800
5209
5808
7153
6451
6853
6095
5684
7207
6172
6802
6751
6173
6534
6524
7807
6202
5813
5925
5516
4635
5768
5083
4595
4646
5960
7633
5534
5993
5753
6661
5221
4872
9156
5368
4459
4687
5593
5429
5561
6841
4894
4572
5766
5345
6514
6924
5557
4553
4813
4546
5560
5822
5591
5074
6160
5873
4321
4394
4873
5153
5389
4912
4915
5542
7135
5823
5642
5603
4975
4898
4888
4874
3708
5014
4501
4678
6319
5273
5297
4628
5279
4794
3972
4314
5384
4434
4407
4807
4599
21841
4207
12664
5578
23768
5386
16596
4460
6571
5685
11511
4683
5526
4351
6593
4677
4857
4514
5272
4421
6383
4793
4102
6984
4777
5456
4712
4816
5026
5114
5366
4818
4660
5309
4244
4863
3973
4393
4182
4076
5357
4616
5408
4544
5156
5872
4232
5719
5047
4065
4831
4707
5805
5914
4534
5469
4747
4799
4478
5158
5169
5410
4513
5053
4592
4453
5596
4256
5166
4253
4452
4343
3848
4330
4324
4128
4472
4176
3947
3749
5003
4555
4512
4903
4158
4620
3893
3605
15289
15965
7113
15496
23534
15316
11297
22599
15599
35931
809166
12028
15645
74568
19971
18240
13371
18960
17951
27742
11094
31123
18704
12436
13181
19048
12136
14862
22872
27022
19978
4567
13894
13718
9440
9267
17367
14184
11339
13723
14415
12776
13335
16227
25075
16447
27183
8230
9726
12476
14233
15264
10671
15689
14927
10261
11240
8075
11083
6848
16860
17232
13990
8426
12068
14702
12807
9294
7661
21496
10904
11012
9775
14489
9563
8258
13060
10351
18624
13453
30499
23624
14715
17173
14744
7701
14022
15139
10582
8053
66901
10687
17080
12254
7485
13113
9203
13470
8796
16775
9794
8461
9325
9742
13787
13027
11647
9562
9219
8982
8645
13374
26709
14409
7986
18331
9799
8997
9606
7229
9365
7787
13869
12884
36394
17576
12608
10652
9855
10512
9670
8770
9423
9466
10014
10373
12852
13630
9352
6443
14924
10727
13962
11469
8512
10760
7635
9069
15523
68047
11640
16526
9337
7508
8274
9388
6834
8708
9893
18459
10384
9262
9933
14437
7934
8284
12971
10290
14387
6604
10966
8279
8153
5678
5290
6438
10127
26918
11907
22527
7892
10306
9125
6796
11108
7065
5987
9461
6638
7812
7019
7747
8508
9149
11555
6910
6567
9640
9015
8004
11444
9883
8750
7786
8899
6407
10668
7269
5852
6762
5654
6919
7530
7847
8497
7298
6404
10916
9067
8838
5984
8060
9569
7651
7181
8641
8208
7440
7902
5801
6837
8576
7302
7667
6255
6304
5585
6421
5599
5110
580590
6943
8294
7576
12445
5032
11073
7791
7353
9657
9838
6284
5508
7871
5802
5794
7539
4883
6094
6785
5718
5040
7465
5883
4921
6124
4893
5648
7551
6612
6713
7503
7060
5228
6129
6616
6355
5881
5041
5206
4404
5466
5022
5735
5920
4978
5119
5227
6209
6939
5331
5913
5354
5144
4891
4562
4884
6015
5183
6030
5477
5239
4974
4490
5300
5379
4156
4942
4398
4797
4539
4995
4833
4849
6164
4016
5618
4779
4295
5140
4968
4719
4197
5105
4469
4439
4400
5440
4337
3914
4192
3892
4181
4591
4665
4323
5394
4157
3379
3929
4529
4846
4311
4637
4242
4220
4709
3705
4056
4165
4364
3967
3825
4800
4107
4437
4655
4416
3833
4480
15379
4159
9907
3818
6670
4610
13415
4551
10286
4264
3770
3592
3595
3850
3853
3784
3846
3616
3996
3798
3862
3922
4015
4188
3628
4503
4001
3921
4183
4173
4011
3228
3437
4278
3532
3604
3326
4409
4307
4072
4052
3485
3910
3983
3509
3732
4216
4088
3727
3714
4028
3696
3960
4185
3984
3785
3576
3691
4359
3521
3444
3951
3498
3380
3409
3826
3598
3701
4168
3365
3596
3477
3852
3668
3414
13728
18002
61547
16899
75476
117989
15230
16636
19212
11971
22018
9225
24136
24731
19582
36176
11659
10472
33403
13583
43692
16115
29391
19856
12560
14274
17452
18722
90348
16740
574315
26414
92477
655030
39299
17600
10419
10065
578298
22661
9460
13389
18920
38388
17246
15146
31919
10678
23991
7088
17447
64132
12042
17694
18918
13887
16448
25433
17590
11557
7919
12013
11458
8659
9354
17658
11701
9684
19969
9396
25823
10097
16119
14411
17799
10077
9234
19996
11164
13599
18844
9989
10617
11631
27521
9570
15148
12525
12268
12832
9891
8602
10125
13031
11062
14454
7552
8820
44688
11312
13906
11770
11369
15591
10029
7784
9395
8443
16049
27133
9052
17469
12282
10591
9390
7335
10735
6587
12175
7595
6400
23884
18363
12718
76930
19684
8112
7239
10922
14961
4137
8514
8541
9651
5807
11506
5184
14326
9339
8464
12477
11549
9736
10991
9379
6680
8976
8526
12375
12819
8142
11729
10016
10762
12654
6872
13634
17865
7862
14543
8077
8674
8840
6662
12314
7570
11516
5636
7874
9043
9730
15570
12124
8988
9583
6960
7415
8643
9728
8977
8834
6579
6689
9412
7217
6493
9391
7802
7279
9646
6843
12972
6287
10249
12372
7267
5760
8334
7237
8239
7075
9714
11784
8596
6413
8082
9595
5878
8182
5853
9109
7554
8401
5692
8806
6492
6543
11347
8459
9220
5151
6985
9748
6132
7223
7739
6068
8408
7405
6501
8870
7789
7733
7078
4590
9506
5506
10403
7948
9263
5989
6576
5844
6353
5414
5965
5745
45115
5958
9277
5793
7313
7266
7475
6139
7687
5149
8303
6318
5748
6133
6047
5487
6326
4405
4361
6847
6933
6714
4952
4865
6844
6237
6043
4025
7610
5978
4679
5973
5248
4543
4840
5134
5193
6046
5672
4805
5036
4788
7627
6012
4876
4643
4112
5777
7032
4085
5446
5115
5194
3952
4693
4477
4812
5454
5671
4466
4686
4285
5391
4632
5340
4378
4583
4552
4419
5249
4904
4602
4535
4716
4381
5498
4331
5448
5138
5302
4199
4871
3980
4053
3839
4234
3837
4021
3939
3864
3710
4600
3734
4806
4089
4145
4509
3458
3679
4265
4277
3463
3824
4473
3641
4035
3764
3944
4022
3766
3768
3799
3806
3559
3994
3482
3843
6114
3429
13690
3403
3816
6060
3284
28512
3419
3397
3451
17087
3570
3473
5238
3404
3418
3104
3229
3692
3656
3411
3164
3131
3241
3431
3443
3591
3341
3574
3550
3610
3715
3346
3167
3069
3207
3160
3224
3247
3834
3205
3627
3218
3489
3270
3134
3393
3597
3265
3888
3154
3475
2952
3348
3023
3108
3540
2960
3268
2828
3601
3219
3478
3048
2904
2982
3144
3030
3425
2962
2987
2754
3036
117338
16869
15342
97242
24988
21942
43419
35857
47673
26737
12123
13075
18358
16206
112666
43843
19936
37603
10250
14777
20993
14603
14630
9764
19538
10411
73759
19783
30974
30537
39838
17741
12302
17291
18856
42587
108906
18507
12965
33705
29286
40220
30333
67462
19351
12147
10979
10954
13652
16881
11081
10781
20247
14404
11132
13267
20826
9322
21730
10415
74938
8533
37882
11626
17759
15831
10533
10576
13064
17310
14881
16322
13573
7386
11476
9542
21924
19630
8705
14516
12114
18980
24621
14791
10048
10191
24161
14311
7994
12133
13485
18293
10050
9246
28635
10447
15113
11068
11307
9648
10084
18599
7873
11128
8584
7844
14127
9691
14525
7793
8769
9306
11079
15990
12298
10040
14428
11565
12404
8743
20046
16247
11875
8965
11733
14119
9333
9911
10677
12523
9368
13481
6757
11778
10802
541078
10654
16765
10036
17975
12597
20043
12915
13608
12467
41350
12989
11464
10405
8050
72589
23171
6700
11738
5828
7989
3350
67938
10790
6377
8777
11010
9665
9632
10197
9797
7510
9585
14596
8105
9402
10835
13385
9077
6977
9494
7194
10471
10302
13871
9756
5848
8006
11067
8144
6306
8655
8556
19175
12121
8007
7006
12566
9647
8223
8502
8205
12077
6461
9839
6025
9097
7462
6006
10698
10085
7573
11018
9288
7232
8697
9528
7841
7742
8515
9136
7888
5814
6659
10568
17135
7545
9147
6799
10955
6555
6328
9814
9598
5633
7612
7340
6230
6640
8197
8333
9230
9491
7685
6496
9255
8939
6308
7783
4937
11263
6467
6852
6161
7459
6024
7360
6636
5314
7329
6176
7714
7395
8998
5162
6915
7025
6540
9153
5713
7301
24566
6807
25393
8131
7109
11366
5096
18680
7161
6533
9744
6447
20174
5962
20932
6692
5353
5362
7593
5601
5072
5178
6816
5545
4726
9292
6873
5483
5501
5088
5749
6740
4946
5304
5484
4498
7282
7753
4853
4474
5521
5350
5120
5882
4098
5922
4761
5195
6097
4258
5887
4389
4224
4858
5374
4892
4636
5258
4650
4652
5294
4825
5736
4877
5827
4495
5017
4729
4738
3828
4647
4750
5313
4483
3928
5318
5910
3872
4919
6303
4329
3958
4847
3511
4506
3988
4457
4064
4019
4110
4435
4221
5090
4126
3827
3871
3645
3745
4671
4223
4426
3465
4132
3898
3495
3756
3915
4108
3736
3930
3549
3659
3880
3529
3479
3200
3620
3618
3868
3260
3531
3376
3588
3095
3327
3185
3128
72815
3231
11868
3792
12258
3420
34063
3227
22059
3252
16444
3098
30777
3081
3127
42877
2910
3097
2950
2882
3242
2747
2820
2783
3061
3226
2968
2741
2819
2863
2778
3058
2794
2709
2895
2610
2723
2672
2679
2710
2535
2619
2685
2721
2789
2532
2576
2682
2656
2637
2749
2533
2577
2612
2785
2606
2726
2504
2499
2615
2522
2651
2827
2836
2553
11038
9137
10903
21968
14456
27102
519025
11154
13310
52323
14659
20575
9940
23013
12496
16047
44151
10099
23267
10924
10937
15916
16762
15894
57786
276610
26981
17411
12090
21079
17636
11430
32759
13628
37764
10887
8604
16369
27364
16954
31730
10080
8016
13202
16425
6854
7268
13579
6950
11173
7977
10634
20460
7193
9937
15952
616844
9767
12692
6923
9258
13699
13910
9163
12892
11118
10174
12722
9338
10157
9925
15537
16112
9024
9809
10394
17977
11790
8961
7064
9127
16379
8898
16194
14909
13601
7345
22593
6901
9602
6403
13304
8862
7620
9057
21311
7017
4554
10797
6980
6210
21677
8651
155714
6903
4328
9625
12813
7804
12089
15887
10988
5894
4115
7084
21836
7365
12860
12876
8812
10110
3858
11333
18171
8607
30916
9985
7162
7538
3760
7716
7974
8378
9676
11374
13956
9020
5051
8824
6775
8864
5066
10808
12417
6249
4401
10714
3723
7580
13760
8914
9932
6519
15273
6712
614508
9044
6120
9555
5797
8467
116335
7907
15580
5751
9763
23449
3731
6772
17089
7810
3666
6147
6866
6175
6422
5841
8552
9268
6592
6460
7261
9273
7660
9537
7337
7139
6727
6997
8999
5548
5915
5912
7549
6825
6153
6934
16045
6829
4947
10747
6466
6471
5307
8424
7435
9749
7143
9479
5824
7544
6278
5697
5743
6855
7104
5658
7866
5137
5528
5259
6222
6686
4367
4587
5335
7767
5680
10463
9266
5758
7070
8157
6062
13729
8601
14050
7578
9633
5837
6170
6329
5453
5468
12386
6035
4924
4606
15067
6198
26108
4720
4373
4772
13044
5437
11110
4970
15532
6273
535670
6952
3803
5326
4672
5693
8482
5533
4030
5231
4856
5255
15802
4558
16127
5513
5755
4796
4006
4982
18079
5694
10783
5458
13624
5996
6748
5381
8845
5029
19400
6671
14374
8904
23453
4700
4275
4979
16152
6070
21728
5127
12038
4131
3542
4826
7170
4801
9228
4986
3989
6390
77526
6729
6487
4505
3306
4491
3220
7414
7241
4699
13346
4882
6330
5921
3577
4446
4484
4274
4203
3873
4631
4238
3804
3566
3777
3694
4319
3886
3681
3685
3790
4180
3568
4003
4130
3398
3899
3907
3728
3534
3720
3721
3488
3526
3297
3413
3643
2946
3901
3212
3523
3328
3497
3554
3426
3538
3503
3096
3368
2985
3384
3080
2990
3135
3140
3103
3053
3077
2947
2911
3016
3060
2757
3912
3184
11722
2796
7243
2674
4342
2907
6238
3074
4009
3099
5711
2913
8033
2925
7397
2755
12644
2834
28126
2786
7946
2573
7422
2748
9281
2872
14972
2719
2333
2603
15683
2700
4886
2843
24374
2791
70210
2524
9122
2561
38734
2563
3842
2472
14709
2488
9564
2551
6498
2491
14635
2556
3800
2434
3353
2501
14390
2420
12791
2421
10198
2386
12705
2395
6542
2304
12461
2328
4208
2313
19461
2351
4179
2273
8405
2262
18028
2288
13848
2251
3471
2212
10431
2230
12238
2170
3640
2186
5820
2154
3590
2158
8734
2177
8661
3504
9321
19115
15174
10564
35152
12594
14106
20616
13038
36305
17279
20404
12922
9446
14034
18829
21458
36834
11409
24425
19505
15141
11249
45308
40379
16908
12093
28718
99606
6374
15562
105778
17287
13142
30224
31444
4713
13561
12338
22997
18670
16408
8809
13197
13875
25683
45176
19561
16374
11681
7975
88601
8145
77931
16302
16351
11300
22741
5614
25967
4350
76422
6745
13025
11795
69266
14446
13658
8896
16594
8630
10744
11664
14198
9992
12490
4362
11448
6711
10650
16075
12960
5952
18689
9359
15912
3539
10128
9549
481786
6632
16600
15037
9860
9573
18151
12344
15701
14279
20006
3386
12145
12511
20722
6582
7940
12156
11144
15241
2871
5495
5586
6778
11639
10347
11358
13998
8002
28654
9574
11535
23340
8374
12380
8879
8859
12711
14505
11702
17137
11541
11704
6372
8679
15358
9313
8354
9253
8837
8923
10480
28132
9803
9821
19317
14452
12930
9819
7823
15520
11016
7336
16140
14273
9336
10598
10450
10026
13139
7122
9815
10341
11708
17903
8983
10528
7390
6652
9414
9283
8725
14288
7589
4402
12774
4560
9347
81669
12520
4481
10357
67800
11827
4899
10699
5057
11116
4450
8371
8346
22825
10766
8311
4106
9688
3923
16183
20855
10827
4504
7590
8714
8456
7846
12100
26494
8916
8540
7930
6302
6783
4068
7507
4214
10032
7024
7252
6221
7201
3493
11625
8844
9862
3527
6622
15022
9729
9899
6435
3814
5979
3917
6018
4259
8106
5992
7275
13631
7738
3623
10239
7334
9419
3904
8118
7355
12050
11743
13022
11165
5328
3194
6087
10496
20240
6569
12206
7842
8198
6412
9441
8642
8442
7155
9566
3295
199605
11877
8306
7169
5809
6418
13801
32548
7618
3377
3375
3486
3180
3094
7476
6941
7603
8528
7775
6399
10515
7294
7827
10124
7270
8302
14687
6918
7221
8943
7927
5503
7242
6289
7273
5767
4930
8623
6596
6086
12291
7526
5060
7108
7838
6590
7338
5631
8213
5669
8249
30195
8121
6357
6869
5854
5705
6755
5048
5103
5131
5754
6896
6419
5403
6321
5657
8420
7087
8619
6475
7870
14303
4880
11424
4047
39064
4966
10605
6281
14840
7516
12348
5365
6331
4834
3706
5337
10773
5849
4697
6206
6349
4281
12996
5514
40815
6703
15482
6011
70830
5623
3690
5527
3906
6976
6891
4770
4129
5305
3543
4443
9309
5242
11648
6462
4204
6020
4154
5507
21388
5432
7112
4821
11591
4585
7200
7727
6963
4317
20164
4225
17833
4845
17973
4694
3517
7346
13618
4913
14286
4929
5963
4574
12582
4141
5030
5559
8919
5161
3587
5122
7957
4561
7754
4029
3674
5376
3467
4681
3969
5000
5218
4456
6005
6004
15395
5289
5467
7195
5217
12907
3362
7778
4589
5869
12453
6069
8589
8174
8648
6931
3882
4374
3985
3607
4122
3863
3883
3687
3802
3957
4127
4177
3686
3447
3851
3611
3357
4358
3499
3360
3573
4014
3801
3874
3700
3584
3153
3580
3652
3442
3282
3746
3472
3264
3000
3334
3210
3448
3582
3855
3329
3059
3301
3462
3173
3009
3122
3166
3082
2938
2971
3062
3040
2774
2885
3307
3148
2633
2546
2891
24521
2922
2607
2983
2720
2858
9527
2718
2517
2624
15710
3072
14451
2592
23318
3105
18612
2822
4836
2542
10539
2666
14370
2641
8580
2598
12451
2560
26608
2810
12367
2550
4662
2740
80735
2458
16513
2378
7004
2474
17634
2529
9825
2450
27357
2362
7327
2381
9526
2283
8487
2513
39142
2391
41616
2511
9301
2292
9873
2393
10978
2270
19230
2240
6522
2217
7253
2293
6111
2208
12598
2209
12388
2189
93103
2191
16703
2147
6157
2166
3430
2168
13282
2182
16462
2140
56778
2144
10641
2123
3221
15830
13526
50806
3141
5076
8722
17263
5102
19831
8062
6871
17820
5656
7315
7949
19455
14748
2502
12963
12835
115971
16307
19013
19797
8816
14101
128472
12885
25856
27518
16778
11291
9373
13280
8721
91279
23051
12899
14214
20099
11075
10708
20398
96307
2663
24718
5071
14562
7968
13257
2490
92526
5063
19253
2711
15215
16486
21572
21188
9520
43043
70985
6648
20423
5181
79728
9196
8591
2733
26164
2649
12624
6038
66991
2444
13795
5196
22861
2469
21131
4526
8846
2558
22021
5296
23868
4418
11769
17259
14856
2438
25836
23285
17617
11414
10273
4664
11030
10176
11951
15392
50968
8955
15954
11292
9152
20885
14568
15619
12964
7251
8458
9923
4449
7944
32918
12946
6242
22394
21635
18521
11548
6857
20637
19022
5116
30534
4269
6415
9875
8171
7209
7663
4425
6204
6598
4497
9178
3808
18055
94146
11447
16190
15481
18056
9660
7382
7780
8286
10575
9174
10798
11052
8657
11183
19422
8250
6846
9295
6944
9705
10023
16396
7425
6820
6987
9356
14676
10911
10743
10940
14981
11351
38262
7317
12789
9910
10913
8342
15507
15091
11091
13580
14473
15317
10350
9341
11460
9477
8504
8694
10305
9917
9183
7547
11552
13336
10529
10753
9512
9888
6189
6595
7236
11305
8011
6895
10321
5214
14001
11014
9421
4492
15640
10439
6615
14876
5485
12822
8314
9314
9627
8975
10696
9416
4171
7942
3847
6470
6583
6307
15758
10484
14872
6490
8557
7054
5002
9188
6599
18898
13352
7399
7785
14620
10724
9669
11438
11763
7331
15318
9503
17572
6072
26138
9434
5145
7830
6900
6239
5208
7185
6358
5112
15655
7839
8880
7522
13468
5004
11290
12162
7567
10522
7023
4698
6724
24401
12743
11348
7132
8310
8054
9882
6777
10007
9828
5624
4524
14159
545700
2823
11815
9861
4004
9831
10554
23747
11179
9673
4026
7518
24928
6737
4523
2919
21826
5549
15939
5256
6879
6946
26375
6863
6974
7105
7362
8430
12213
4861
7781
7370
5192
7776
6061
8729
8315
5716
5874
7305
8191
11259
7744
5957
5662
8384
7886
5769
7092
6058
5653
6743
7367
6156
7831
7005
5476
5417
5789
7796
5847
6270
4454
5392
4900
5360
5052
6071
6000
5563
5069
6056
5243
4914
6297
6361
6822
5438
7495
5661
5818
5321
5157
4200
6547
5738
5714
4981
4989
4372
4722
4603
20906
6010
17343
6756
29923
4784
5154
6098
5163
4571
5720
5054
5082
5609
4932
5301
4086
5569
5442
8403
4815
7316
17338
4609
7647
5798
4936
5489
4050
21674
4864
26396
4118
4403
4395
5420
13967
4682
4391
4080
4375
4990
5225
3787
23840
5891
3751
11984
18841
7826
4270
6343
8720
8172
3796
9142
14946
18347
6970
4764
5380
7606
11320
4105
8055
15339
3027
5744
4584
19186
4766
4427
4580
4045
5037
5089
8753
4034
15322
6631
6988
4304
17239
13323
4731
3887
5900
3729
3675
3932
4399
3581
4292
3139
3552
3612
3761
3562
3717
3548
3704
3449
3514
3712
3427
3410
3754
3344
3364
3631
3110
3087
3435
2942
3512
3791
3560
3309
3047
3481
3237
3292
3178
3201
3249
2798
3183
3007
2998
3121
3283
2864
3051
2963
3042
2795
3006
2940
2694
2873
2920
2701
3021
2605
2857
2645
2557
2686
2652
2627
2436
2702
2671
2569
2706
2494
2518
2432
2429
2462
2594
2476
2321
2412
2311
2269
4114
2322
2319
2315
2200
4586
2195
2263
5133
2211
4852
2153
2141
2174
2176
2148
2138
20123
2145
2127
4023
2149
6265
12060
6667
20968
17979
50237
8475
90275
8985
14928
25872
22676
15937
18077
14294
23709
7154
4187
22459
7295
20560
6105
26483
24383
6034
4657
20984
2851
8463
15025
8472
10102
4202
23537
4985
24801
12854
8483
13830
15953
6312
72838
2898
42589
22978
14378
8627
10074
13809
24665
3949
42444
3940
15028
9990
6220
7473
16676
13321
52739
26052
20599
40840
13297
88226
11362
7959
20371
11816
17046
15546
10376
7953
14830
20583
15721
9975
20834
21557
31350
25672
14767
15093
11186
11381
76122
15254
12227
10912
10908
17726
5250
12906
5971
52769
8094
7529
6117
15904
8757
12067
4640
9200
7037
46491
9299
8071
4875
12106
9881
9399
8072
9457
8032
14421
5164
16838
5271
13825
6531
15164
18442
5981
31803
14045
2567
21214
7470
17679
9811
20760
15173
9622
10603
21946
9800
8632
9224
13796
12783
13399
6384
13195
40871
14322
12363
15854
4316
9849
7480
14191
4124
74106
5277
20986
37545
22781
93118
11463
4618
24157
4593
17114
6969
11744
45082
16002
20587
13476
12936
13695
3718
7524
16158
10101
5851
11842
13832
54082
8577
8220
7634
13026
10400
9223
8673
4250
13889
9609
5480
13826
8113
2163
15448
6123
4785
6773
10820
3752
6578
7020
6442
19118
19206
6345
15356
19007
10525
35551
17008
5136
11283
12599
4448
12781
18573
9193
4608
9389
10073
18401
5687
57867
15728
10647
4867
11009
15452
11477
107357
12897
9900
4228
5187
4189
3670
4902
4046
5070
16675
9996
13138
5407
3613
7494
17823
2492
7833
8772
11146
5725
12412
11755
8155
13684
12201
7408
13843
20011
14053
14189
6865
12521
7655
12916
12248
7186
8847
25053
11284
13661
13837
13840
10179
14755
9661
7731
7520
13134
10816
12914
17931
12280
9101
9610
8709
16323
7850
16802
112942
11716
8828
8355
8319
10371
15347
9001
11642
6500
8543
8069
8545
10789
7443
14095
7571
2544
8710
545562
9652
2617
7955
2514
6267
21935
8854
2510
6256
17007
16143
2409
7231
4953
10592
8509
6528
2387
7684
4178
7123
2430
7586
10876
8124
9248
14804
14024
6240
4773
6877
4868
10726
6417
6838
2371
6506
2442
10060
4486
12144
2339
9525
4532
6362
2354
9560
3934
4611
2447
8498
4489
9123
4103
11051
19911
6784
9318
9874
8288
7033
70187
11055
4648
6759
8759
8960
28823
6188
17565
6049
4044
15477
5580
6177
7056
8434
7333
8184
9880
9571
3829
6266
28036
8839
8074
11673
16017
8364
16446
7923
15114
5564
7287
8680
9065
7325
9013
4792
2758
4542
9090
6138
4371
5846
15473
16839
21335
2994
6981
7111
9965
2769
3926
3900
11239
7416
3490
5109
7420
13764
8070
7178
9750
13633
23704
23329
16428
2868
16561
9474
70558
3962
4260
9818
6427
5605
5772
4018
13347
6998
6897
10759
2667
4396
7309
22331
9659
10210
24715
5059
40180
11991
6335
3079
6663
4042
6780
13004
10434
7697
9063
18292
14098
7192
7341
7463
7471
13789
5600
5479
11605
6705
5190
5143
5994
6456
7455
6205
6800
9517
7198
6389
6688
5536
7700
9720
6014
7604
7308
5897
4901
8244
6518
5421
4444
7472
14204
5776
10186
5275
5955
5689
7411
5998
6282
5574
4938
6930
7095
5665
4907
7026
4482
4827
6283
5761
5257
5538
4163
5494
6767
10372
4967
5107
6845
8723
6023
15484
4597
5124
4442
11377
4890
6162
6013
8275
5651
16312
5620
8473
4928
8128
4909
7220
3600
14897
4613
4630
4604
4376
5637
4601
5292
16167
5126
13681
5185
2348
5402
6432
4887
8991
3755
12293
5861
8677
5179
77760
5056
7055
3943
13112
4266
6693
3726
20172
4239
7389
4721
4433
4169
7226
4298
4345
4663
5324
4136
6482
4354
11675
4626
4651
4703
4000
4859
12017
5281
21334
4073
23123
4369
9760
4117
3725
4233
16286
4410
8433
4392
11492
4965
6369
4299
6781
4447
5329
4060
9842
14821
9198
2817
3879
3506
5075
7765
6260
12492
3788
4745
20047
7292
8425
16988
5916
9663
4133
3783
25520
13983
37167
20093
58530
3137
2625
4284
33318
15847
11633
7894
8110
15411
4353
14844
4879
4642
59454
8119
5461
11753
4123
14903
4787
8843
3812
46712
2779
4255
3920
11811
12637
7377
9510
8411
4423
6057
10691
10672
6499
4288
6564
2547
4756
4186
73545
5404
22407
11161
17383
3935
24237
8423
5899
8764
3151
3638
2337
7310
3338
3487
3508
3491
3208
3177
3281
3347
3181
2974
3266
2936
2859
2988
2862
3158
2977
3076
2926
2934
3043
2915
2708
3008
2812
2797
2752
2715
2880
2831
2659
2744
2703
3065
2620
2635
2670
2736
2543
2481
2590
2586
2626
2377
2525
2465
2437
2402
2415
2435
2360
2341
2425
2366
2290
2298
2222
2169
2382
2165
18339
2179
2439
2193
2356
2126
12590
2172
2305
2125
7067
2152
2372
2131
4992
2112
9972
2118
2325
2116
5434
54810
2317
27620
8814
22537
19510
9702
11587
90054
3831
12276
4763
30058
11890
11694
12065
48810
14031
10748
9300
11092
23804
12495
3981
16692
14724
10706
6182
18012
15240
11986
5266
10627
3995
8321
8969
12874
23525
9948
9867
18449
8981
23737
5270
19628
7323
14328
12527
56532
10342
10418
8218
15472
10610
19135
3992
13535
38019
22605
3459
23145
25767
24523
3978
13278
5663
9059
7293
6101
75466
70866
5531
2545
5934
17570
10000
29894
5568
5510
17465
6224
6628
6315
5430
52929
17574
7057
2452
27073
9092
5582
7599
78658
13842
6184
14553
9006
3987
48877
5529
6734
19084
9608
5111
10087
9191
6902
10360
8398
11230
20485
14500
5879
23520
12104
2765
6630
34739
5226
4290
3956
13808
8127
5613
2751
9016
5702
2648
4055
5587
15559
2889
6575
25822
8136
10133
18197
9158
5129
5816
17052
12257
26358
11296
19128
12928
7980
48216
8886
22846
9865
12057
13815
21158
39459
12902
60373
13991
17997
84183
24959
11717
8395
14298
16660
12498
16590
36152
11859
13881
22224
17000
8696
11041
8633
17841
20038
15977
11402
14964
11466
8210
11843
12155
11532
15762
14770
6986
20073
17773
15567
5906
10785
9524
18297
2296
18004
7274
11491
19263
7246
2346
9841
19250
12879
6076
13669
7865
13484
5732
16250
16120
8572
2327
334028
3924
20948
9605
12334
9538
90775
4093
8505
9455
18692
13277
13376
13641
14494
4227
9348
7423
8049
4226
10878
18029
12359
3849
10779
14719
21275
5474
13711
8361
11443
14907
2132
3757
8332
20914
31492
5731
11981
8254
11864
14645
10213
4109
23885
3986
10917
6126
9017
12340
9914
15674
16251
7130
11037
3738
14722
10485
7343
18585
8946
3753
13177
4445
26350
8493
7091
5315
8825
3142
7721
9769
10199
13410
6552
4341
2976
3136
19621
26399
22930
8150
12019
5886
15556
5426
5707
12084
14125
3441
9587
3683
14356
5443
5924
3469
2549
3461
18021
3677
11272
6921
4996
5220
19974
32273
23561
89791
8495
3948
8784
7672
7779
9282
8322
15055
6664
7262
5263
4479
12857
6065
3567
14077
20925
9444
7680
14242
9269
5490
32721
10570
12240
10571
8499
13495
7773
7499
9957
8937
12976
8013
7129
13189
19892
7987
10440
15782
10317
8344
7271
19238
7792
6293
8008
8622
6448
28964
9181
7116
6614
8668
22134
7673
8867
11153
13613
9901
10359
9323
13605
11452
7350
10543
8336
10492
21466
20328
9276
27181
8911
9094
8752
12244
10586
9783
11921
6505
6452
7456
4917
11988
6749
7710
8959
5264
5118
7438
17213
8594
4339
6760
5860
7669
10216
13692
4119
4612
6262
8382
12341
6168
7867
8235
4732
8024
4104
9144
4344
6121
7212
9454
31574
6966
70718
8308
10089
11573
5831
6577
7437
10106
6039
7448
6996
7183
9000
7728
8884
7045
7468
7788
37234
6245
5706
12934
4294
6795
4272
5540
7904
8140
27956
8882
21293
7311
4057
7460
6089
6526
7458
7398
27178
8047
3821
7931
12633
6904
6196
6113
6765
8762
21804
5211
6136
5058
10140
68383
8836
14693
5207
5728
5959
4885
5937
7676
6549
9514
10407
9265
7898
6411
9662
8891
5975
14953
7216
10195
8450
9462
13107
6830
4267
6608
5288
4235
5543
4432
4386
7204
5213
4746
5293
5927
6106
4769
7235
4692
4276
4101
4798
5027
6620
6340
5399
4408
5341
3963
5610
4988
4776
3999
4510
6051
3911
4170
4151
5006
4390
4810
3891
4380
4808
4054
4758
4388
4091
3654
4670
4282
5008
4289
3343
12381
12935
10253
13922
3052
8637
3024
2905
17256
8766
8810
70140
3232
11159
8357
11578
3063
2881
2634
3111
2473
2602
2562
2526
2534
2419
2495
2427
2332
2340
2299
2363
2331
2203
2336
2225
2202
2175
2162
2244
2173
2119
2124
2128
2115
2117
2113
12954
47282
12539
954265
63499
13317
15997
14109
12351
42203
11455
73466
33628
23068
12622
32022
10041
14457
9003
11104
23166
11365
30888
13163
12895
8335
90161
109452
12607
10223
25719
12866
11235
10430
20790
35918
11219
51118
15565
10452
10235
11917
8857
10446
11523
21394
12670
17420
10256
14592
50074
11613
10055
11610
9330
17559
14213
11698
19456
22174
8413
22853
7624
11732
7887
3214
19784
2906
2850
3022
2773
8967
76693
11893
29943
15288
12735
19844
7014
10900
18016
13089
22369
554369
9177
115177
15283
17094
11072
15200
115244
68256
15363
16867
15842
7320
19700
12003
25742
16769
17100
12628
18695
9735
8754
17937
19257
32666
7973
11457
21330
15697
15637
13929
19190
39103
22513
17004
41652
18167
12274
613586
12929
75753
12233
9091
13798
13936
21800
13893
15069
108915
17393
18806
24541
15337
29021
42837
17379
11355
15005
15175
12295
15059
14685
19171
11187
9242
12550
14123
9009
15095
41168
7623
9435
13892
11346
10493
12694
19002
7015
7852
9600
20297
12569
15364
11344
24378
8009
11500
69096
13523
11435
14573
4639
2330
4069
5602
3711
2303
4422
4438
13941
7617
4138
16944
3867
5424
16094
5821
40205
4762
22366
127423
10689
12687
3642
12420
3919
4461
3807
5666
3407
13162
3716
3695
3876
4948
3250
6405
3525
4842
3277
5877
3905
4219
32370
10154
6658
5173
3314
34663
3004
7089
3070
12969
3602
4125
3391
31413
3359
25347
3318
10656
2953
9413
2989
7283
3361
7457
3369
4036
3617
3693
3280
13059
3294
8962
3256
41613
3073
7250
3090
4521
3013
4008
3109
10454
3286
3744
6925
3244
15077
3629
13411
12984
3066
4564
6077
3152
8107
4254
5174
3663
3093
5009
5398
3765
13125
3193
4549
5359
3927
5649
3276
3835
6009
3950
3537
2937
4078
5667
17993
4515
3288
3275
4336
5198
2979
4002
7245
2992
6119
9938
2921
3838
5021
2949
5518
5065
2804
4032
5951
3054
4997
4926
3005
3647
6634
3225
4243
5457
2941
4279
3039
3424
4568
5084
2883
3890
2923
3217
4851
4844
2697
3748
3198
4485
3578
3336
4923
3672
3114
4538
3747
3132
4352
3646
3169
3964
3897
2806
4263
3759
2932
5132
3545
2848
4822
3274
2916
4287
3399
2908
4095
3733
2900
4463
3501
2970
4167
4017
3056
5267
3439
2829
3953
3029
2646
4099
3661
2814
4566
3522
2815
4082
3303
2802
4581
4934
2698
3979
3658
2737
5967
2089
4897
2110
9679
2082
15566
2090
12994
2087
4077
2100
15638
2088
9199
2096
7409
2083
10165
2091
15371
2079
11617
2081
7517
2084
11603
2078
6776
2080
4315
2086
3822
2075
57684
2076
5502
2071
7053
2073
9424
2070
3885
25797
2746
2489
2068
12267
3011
7817
6215
2077
3682
5608
9078
2271
2074
9912
3936
13814
5427
2642
5101
10812
2316
2057
14934
12234
3586
7906
13268
2894
21623
2239
13058
17365
4280
2587
8255
3124
5431
3541
3254
8866
2190
9532
8865
49085
2830
3085
4139
10129
10307
2688
10601
14424
76477
9459
2471
543455
5150
16518
4531
25102
2053
5099
14278
3941
4823
12576
8015
9771
2596
66930
6613
52054
2475
16926
8447
18822
4976
9854
2052
10952
7929
3535
5016
2477
13683
4162
4499
6821
23295
2678
5369
5246
4943
2869
8363
3632
2361
11303
4420
9217
3394
5903
8298
2657
33839
3775
4245
5488
2750
9902
11103
2150
2312
2771
17112
5268
6527
2058
9747
9261
2956
4293
16592
3102
72591
8245
4517
4417
13517
2713
2061
3990
10475
2961
4257
18408
3049
11768
8805
4488
11467
2392
2784
2059
3974
32455
3563
7764
15166
62300
25040
9095
3762
5097
2060
30153
14042
3084
21813
73668
9843
9176
19961
4691
49391
2206
2066
3555
18913
3310
12466
13974
3001
5274
7760
117061
7713
17002
2201
2062
10006
8340
2861
5035
23750
14742
14113
66528
6099
11105
12515
2063
14793
5875
3279
5197
843061
12751
6619
2245
40222
6927
10871
7963
2064
14120
3119
4142
9678
10572
16880
11990
33916
2764
16916
22771
2069
5785
3238
7410
29268
8102
2282
2790
9851
9617
2065
3699
15053
5520
10947
7202
2072
6141
20094
6736
72507
16745
2067
7828
2106
8317
2092
10532
2085
13104
2095
11260
2103
9626
2101
2249
2093
8640
2104
6459
2105
13467
3933
2548
6402
2098
6079
2102
21412
12838
4037
12269
2664
5638
2097
10620
9739
11295
8161
2600
3667
2099
7914
14604
18935
5597
7860
3703
2122
22126
10500
12454
17208
8454
6761
4814
2094
17883
5233
7699
6948
6425
5342
3476
2151
12552
2267
6252
4411
6681
2780
6937
2161
6193
4262
18570
19152
9919
5950
8614
2155
7184
4765
9704
12680
94327
3507
2130
17101
12187
2238
6003
10700
3655
2248
19093
15330
2227
2137
4789
3474
2229
9674
7073
3544
2309
3589
2308
3484
2284
3698
2343
4575
2291
3955
2345
2373
3991
2368
2884
18899
5283
3269
2385
4356
13406
3316
9591
2845
7210
2506
4536
8469
3182
6511
2887
5619
2416
4160
14137
7379
7622
2927
4607
2359
3735
27313
8958
5535
3392
5583
2704
4229
10807
6572
10238
3159
3381
2467
3965
20595
5522
10289
3015
5635
2570
3976
27693
3401
7868
3188
2456
3993
34936
13662
3977
3199
2669
17145
10631
2912
2519
24323
17682
3289
2584
4638
3556
2581
3470
2593
4283
3222
2724
4511
3172
2787
4357
3432
2677
3408
2753
4230
3635
2772
4140
3575
2638
3608
5320
4074
4563
547067
4775
4273
4251
4210
21515
5862
6945
7607
3572
19437
8650
4993
5092
5459
22001
13076
4462
6064
4730
14215
3374
4079
6899
5237
16792
3245
24741
5970
6476
5839
12509
13992
11771
6623
4387
14673
5750
4530
648806
4455
53482
3571
4645
6045
4556
15529
3363
6999
5094
20472
6639
6052
4781
5033
13930
5804
36663
6078
4935
6199
21611
6624
4742
6388
5515
5782
4684
6657
15071
5012
5356
5298
9350
290066
7021
619552
6167
4012
9155
13912
7557
4860
6208
5473
5524
9870
7726
4757
8312
8301
8525
6257
6491
5370
6645
30946
8160
8910
6116
15750
6523
5773
6251
20384
5795
7513
7127
5023
5470
6300
9186
9982
6159
23234
7307
4961
13647
8048
7166
9381
79908
5778
11449
7527
8283
33727
5840
7505
22769
6465
7299
6687
39769
7588
11825
4791
6394
13817
5704
12033
21377
4576
3278
13841
34175
9597
10274
2236
9344
16822
6137
7451
11580
17854
9656
15766
19488
19261
6536
4241
14371
547476
7512
9143
23181
30367
12261
8548
16387
2951
6554
7013
11480
6130
5500
6440
14547
4855
7424
5581
44879
4969
10926
2259
7081
5245
6334
5486
30460
11957
4998
5387
24018
3157
5396
4502
9431
4516
12557
6584
13880
4062
8717
4991
17934
3454
11331
9372
7452
13216
8370
21304
9312
8345
327664
6424
15226
43788
9859
2318
5634
7637
19552
2146
17273
5428
19277
14346
13765
6269
6489
9630
4326
4820
5606
8375
2188
3331
61667
6148
7289
14633
5285
6678
6683
6428
20125
7332
5974
21025
9836
12310
16400
18987
5590
6602
5547
5876
8431
17709
6867
654682
80348
8920
116012
5390
8513
10614
13562
7421
14096
6408
7909
10246
6684
11123
34612
14420
6213
11204
28093
28526
5838
10843
14569
10035
8228
101906
10090
9816
10205
7546
16395
15491
5727
7203
12061
6504
8894
15004
6495
17280
15702
15476
6704
13785
7533
612580
8148
7925
9173
17175
18607
14574
6365
18192
7164
16532
15903
7126
8534
14290
32138
23502
76633
10556
21473
10266
9994
42299
15262
17327
18843
10987
21861
9237
8368
18625
8269
33575
18210
10719
30957
10300
5352
13499
7709
8994
8735
48072
9316
7903
9317
24518
12856
87423
7601
23287
11581
9603
11188
8019
6685
14772
12113
18544
5219
13762
10540
12553
4075
3811
9827
28014
3106
8744
20296
13156
7631
5247
18627
8676
44602
5715
6559
115232
21438
15001
8892
3551
9026
54835
7880
6706
16108
7961
12191
4752
9505
9429
17583
4896
5287
22776
3129
12744
8200
14954
26491
14175
7734
8038
11777
8167
3333
2281
32839
14333
41073
16547
3174
12543
6044
69861
48086
21019
10755
4451
3621
7543
12820
3018
14817
5552
13555
11710
9935
8365
9208
5186
16645
37736
3460
4310
5383
621886
16803
7403
12836
20512
18749
5142
13301
6606
22044
15795
6455
7795
6955
31713
18424
3366
14655
11069
9106
17990
12185
8662
24901
19863
13340
15911
9668
16020
10899
5774
9018
95638
18174
8323
15643
17701
12273
11345
17545
10494
7751
7383
7152
11886
11858
8051
8593
5938
18751
21919
12039
11967
12139
7745
7374
7477
10477
9732
11308
12315
8917
14682
10353
9548
8970
6774
13088
7811
10566
12717
8089
9500
21118
11977
8621
9945
8529
12765
8523
13457
25077
8204
23841
7824
8465
11114
2048
24692
41899
24202
7285
12763
2049
71694
19162
7328
14662
12887
10241
2050
12193
917293
9561
7219
3968
14544
2051
13168
90387
10139
6597
2214
22274
2054
3466
9296
8636
10135
2246
6782
2056
8404
73290
11594
6694
4619
9332
2055
7466
10736
46814
15788
9576
6279
6972
9449
6824
20049
7174
3832
9696
18582
14580
3861
8736
14364
152700
3345
13730
78621
5908
8320
12573
14277
6502
13734
12368
8953
18181
6416
12982
21074
16269
4347
67758
10501
7069
9117
8684
28737
5770
11898
14503
3204
9621
9498
16910
18850
8804
17161
48785
9876
15008
11384
13126
13288
8890
10054
11776
12977
9830
15076
6813
10473
13043
11844
10992
13122
6379
81653
14732
18652
12224
121683
10062
26518
9541
17295
22232
25542
10248
16316
19172
23702
8360
10091
15305
13225
22696
9493
19555
9489
6573
11782
73190
11674
17298
13859
8194
23094
8559
33934
12163
9107
10243
10597
91399
12806
15020
15003
22842
9438
16031
11486
19785
13540
15856
15221
13363
22042
13853
10487
15278
7746
10166
15479
14597
9404
10003
21381
16200
10008
15876
13807
7040
17710
14526
14068
10435
9114
12036
15574
6360
10784
13493
3836
2266
26717
31106
24512
9698
20271
21442
13293
8247
23427
21151
3820
5539
29196
24878
15044
20927
19167
5049
10339
16686
10141
21228
18261
40167
19228
12798
22670
39518
18903
15863
15501
20697
15228
15344
35972
21367
37297
22081
29144
12494
12055
14618
27542
15967
17707
54173
67770
27993
74497
20675
116115
14657
13332
16319
14020
8575
15910
71433
16177
28421
13913
11034
9207
15137
121719
13900
17035
18923
7800
21479
8012
31873
14957
10068
2120
2129
2109
2111
2139
2134
2133
2136
2237
2210
2221
2198
2279
2254
2289
2268
2301
2297
2277
2364
2440
2426
2497
2578
2565
2468
2405
2423
2515
2460
2665
2485
2782
2716
2676
2860
2837
2714
2735
2695
2763
2699
15463
2388
3019
14576
16016
12849
3396
41914
20013
2353
3025
19363
8915
5046
3480
16276
93145
14028
3636
16065
20545
18875
3373
22851
9693
16741
3045
8517
16363
2344
3322
30768
13024
4743
3421
77173
300023
3332
9719
7497
3014
4550
3520
3724
3262
3609
3779
3569
4063
3337
3223
3583
3422
3662
4696
4061
4134
3678
3518
3619
4096
3894
4458
3146
3877
4384
4070
4783
3938
3713
3772
4383
4190
4365
4355
3844
3810
4349
4043
4155
3782
4286
4249
4333
4744
4688
4302
4676
4778
4759
4213
4594
5449
5418
5018
4194
5188
4760
4487
3830
4049
4318
5615
4476
4629
4734
4164
5451
4066
5762
5333
4493
5344
5086
4237
5836
5611
3909
5722
4866
5135
4656
4528
6150
3743
6516
4795
4363
5128
4753
4829
5395
6165
5412
5885
6520
5683
16361
4527
3516
5447
5532
22982
3859
2404
5904
23673
3653
4475
7861
11734
8021
5629
7085
11485
3215
2611
6721
7950
3305
2725
6601
28524
11148
15446
10038
7428
3856
5595
5787
14812
6953
9259
6434
11223
3869
9284
17892
3857
6827
7511
5756
6483
7908
6485
19895
5577
6322
8646
6081
6959
6042
7120
5170
7402
5215
7748
5884
6439
6454
5936
12609
7981
7921
6907
5650
6995
8272
9766
6201
5928
8704
7303
9871
7011
7090
5200
8462
30567
8397
8779
8792
7388
7356
7043
7936
6346
6651
10146
7175
7561
5325
6368
10388
7777
7941
11969
9343
6675
8480
5786
6212
9303
9913
6250
7256
10137
12288
7393
7228
5378
9032
9132
6367
7482
7910
9048
12926
6548
15531
8954
9442
6075
11750
7978
7628
11593
7278
10949
5679
7732
17036
5612
7883
10555
9547
5811
8358
8798
10228
8280
7140
6261
19112
13716
5363
7993
35567
18444
12570
2520
14192
9850
6324
6036
10530
66590
6731
19948
12078
56323
23762
8776
9722
14915
6942
7264
13776
6320
3773
12054
17339
11507
6228
527463
10259
8956
15186
13101
9470
8863
9374
26879
18540
10377
23187
14517
9034
23726
15405
17996
13429
16011
15864
11518
11367
15805
8476
15614
13401
26408
11947
9315
5976
8974
12548
14140
7821
14681
8887
11149
12808
14807
11978
8243
10220
14376
11233
14102
13047
15715
10056
32111
8428
9053
11334
14357
7224
8871
42571
18986
58642
12231
9038
10511
14332
18941
11867
13249
49255
18248
7158
10665
17843
14205
17729
75709
72905
16579
12666
9345
7682
17336
66221
9645
21217
10267
7768
9098
15168
17688
21536
15541
11170
17692
12339
2466
18831
11999
17317
2389
17138
18966
3767
12399
20728
8046
5724
2588
18798
7012
4143
18819
15365
6313
12536
2537
11874
546137
9905
5499
8387
7671
20686
21566
15033
10819
16965
14395
7835
12880
9921
99763
26882
15822
18189
15357
23470
24087
19012
41450
8876
13308
8291
18145
16584
20576
11688
40946
19340
11780
24353
41635
16375
23607
15603
12439
119963
11080
15892
16616
21294
72492
40110
25191
40108
31062
2121
2114
2107
2108
2135
2142
2199
2164
2171
2159
2219
2355
2250
2235
2383
2320
2265
2314
2509
2530
2446
2349
2498
2585
2457
2487
2403
2640
2613
2508
2516
2775
2566
2555
2631
2661
2756
2928
2933
2781
2839
2865
2897
3038
2801
2991
2833
2805
3020
2914
2886
12701
10444
3400
7761
105340
3740
12591
19803
7432
3255
35904
22915
2650
3793
7737
11325
5019
3982
56060
16688
70071
3671
25386
17382
3813
3688
3234
3789
3865
4573
4718
4148
5338
4654
5347
4218
4906
4193
4690
5817
5295
5202
5911
5308
4622
4161
5091
9468
5168
5452
5155
5491
5210
4832
7584
5741
7401
7693
5579
6446
6391
4911
5121
7042
4940
5077
6414
24279
4828
6568
9717
6092
12154
10661
12733
20429
10863
12620
23405
13131
15821
10309
17683
8564
20643
10033
10387
11774
20400
19854
6962
7605
8530
8115
16903
8477
20664
7652
17430
7632
66525
13882
84537
5985
10886
9210
14110
8683
10662
10642
15921
27056
3367
7711
19428
3970
12236
8146
8751
12730
9135
21147
8874
9885
3190
40542
16154
13668
12283
12250
3120
13459
9478
20108
5632
11391
3383
16391
8957
6880
7233
23180
13951
16893
3781
8202
3505
12075
6317
8538
14882
12063
20937
11749
5621
16961
22374
20098
3707
14251
4313
25181
13034
24979
12602
13341
3908
15773
8889
11302
11440
9699
3665
20361
3579
10664
4658
11944
11376
14329
7521
17730
18323
7998
4547
11321
4754
16633
7358
19738
31132
74521
4325
17771
4120
18530
8478
10705
4195
13300
4837
23386
13105
16768
9943
16509
23190
16420
14220
11914
15940
12615
20233
18586
19564
10044
27152
14647
21313
12562
10941
8040
15813
25321
25957
12966
12450
58395
8832
96855
13379
80751
15763
11388
15575
16595
43324
14458
28586
10986
25045
19067
55260
37255
61681
71568
20502
14462
9487
20081
18485
9508
2967
8341
24660
7029
25867
21731
6546
19605
171969
9550
2143
6272
18099
2178
7639
2157
9941
35760
2192
5406
2160
2167
6992
2196
2218
10379
2184
2243
3860
2194
2287
2261
2253
2257
2295
10956
2411
272101
2350
5525
2357
2413
14228
2370
3918
2407
2480
2575
2591
2433
2601
10367
2493
10182
2623
2691
4248
2483
2832
2684
2732
4385
2917
2975
2681
2608
2729
2878
2852
27770
2981
20253
2705
7849
2959
9713
2995
9407
3031
11952
2690
8061
2813
16975
2973
4222
2776
89175
3028
4819
2966
16651
3191
3794
2935
4146
3133
17915
3273
4271
4090
3342
21571
6747
3057
18015
4710
2930
11130
6263
3126
6886
6376
3155
18373
2181
3323
13556
2207
3340
10868
2216
3187
28505
5855
3230
6406
19793
3417
3315
3737
3290
3388
3971
3866
3547
3585
3763
3313
3291
3312
4436
3387
3809
3648
3450
3239
3684
3453
3456
3622
3719
4031
3530
3903
3395
3528
4370
4429
4081
4196
4301
3371
3870
3954
3702
4121
4083
3854
4040
4051
4348
4767
5416
3817
4714
4465
3637
4332
3797
3776
4240
5171
4440
4261
4598
10188
4215
21729
18317
5025
3769
20589
4097
15435
3937
23127
4430
8586
5868
12676
4500
10983
7049
16338
4615
3916
4748
4705
3170
5172
5024
5146
4305
4958
5544
4471
5123
4768
4724
4641
4406
13359
5068
5062
4246
4733
6512
5061
5918
5537
4951
4116
7018
5639
4674
6140
7326
5253
6002
4725
4413
6115
6054
5117
5044
5334
4933
12890
5953
4268
4548
5835
5007
4617
5779
25516
6108
6719
5339
8225
6323
7058
7400
12052
4931
7101
5956
11731
5896
12199
6574
10086
6285
7911
10063
5045
4198
8783
6296
26100
11145
5265
9467
19030
5482
21168
13279
6248
24500
4962
5361
22892
4675
4415
4971
8537
6436
4172
14818
5592
13077
2232
5826
6125
6458
9115
5464
6235
5573
5373
8585
11253
5859
14868
8058
7611
7519
7240
6790
9256
6083
6149
5462
10527
5640
9062
6874
7300
6246
6396
6214
8417
6666
9475
6905
6243
12232
6566
6603
8023
6247
7952
8073
6305
7541
5765
8686
6104
11505
8451
6739
46372
11437
12942
7121
17516
11493
10867
6517
8767
5690
13312
8416
9635
7361
13407
9058
6041
15454
9650
9334
5558
10002
7933
7080
10803
6016
7247
5810
8003
8901
6563
6055
10839
8460
6535
13226
6917
9055
8052
9781
5870
8177
7809
8581
11899
11428
9856
11596
7803
7454
10752
6709
10630
10712
10108
11494
18059
10383
17446
13834
13149
4736
10296
18921
7230
4368
16459
10890
18905
4533
7560
4644
96649
42523
10185
20648
3771
21208
10396
4397
8964
4184
2215
11748
23894
4217
8287
33007
4346
15675
4715
12878
9271
27374
80691
10395
9172
2228
11281
13917
4577
14762
11721
8233
10880
8546
6858
9171
12750
8842
6118
11821
10221
13918
12568
12881
10094
16055
11401
10462
9385
13458
22303
21237
28903
9311
12709
18081
15960
16496
19142
11994
11214
78132
7724
25215
2187
16231
23320
5833
12287
17071
4964
31797
15613
10815
27764
28716
8265
13665
16315
15285
11855
9076
17492
8803
8304
11425
13372
9247
20294
65707
9687
30284
94604
12821
21860
16033
67618
12716
67435
10215
25030
91716
15281
21222
7965
22928
18320
16849
6244
2260
17880
10739
19606
14493
12851
26960
2226
22750
2180
33640
2156
6430
2205
7028
2185
9046
2183
10204
2213
2294
2197
8774
2224
2276
2233
2223
2306
2286
2285
2326
2258
2300
2431
2394
2422
2464
2424
2365
2564
2538
2486
2616
2643
2589
2618
2595
2675
2767
2658
2680
2770
2539
2673
2644
2614
2972
2899
2890
2855
2759
2739
3176
2808
3216
2957
3064
3017
3010
2811
3071
3092
3179
3253
8181
23147
3565
6556
9700
3299
3840
13589
3308
4830
9939
3209
6906
4569
3088
4667
4541
3412
14801
9864
3502
20924
4889
17643
5042
13621
4414
2242
4803
2220
4291
2231
4918
4949
5176
12997
5964
4790
4668
4537
5674
4614
6544
5645
4984
4922
5236
5675
5948
5085
4428
4209
4191
5681
5199
4522
5095
5203
6073
5160
6839
5923
4588
4706
5775
7648
4704
6893
6301
6660
5726
6797
6409
6611
7197
4973
5930
7481
6509
5349
6718
5444
9584
7061
8041
6145
6656
6219
8079
7794
4780
8154
2204
10079
5104
8936
8979
10509
2272
6989
12995
7602
10190
6627
14683
8928
5935
14571
10508
13576
8263
8745
11502
11045
6530
11285
11192
7076
9950
8175
14035
7131
9463
10929
11936
10845
8550
12299
11672
10151
8299
6581
8935
7003
9340
7875
9452
11497
6354
15041
9897
8256
10594
9033
21495
19883
9958
12689
11569
8101
2342
10720
9511
12780
7845
11058
22318
10159
4972
13015
20199
18758
10701
9575
10895
9624
14275
11961
10343
17261
12923
6426
97477
12178
14185
11606
10457
38627
7901
8986
15790
9436
17128
10132
22801
14540
4817
19526
14841
13545
5064
19323
6107
25132
9546
12973
2234
2256
2252
2278
2275
7662
2280
2380
2347
2408
2507
2399
2358
2454
2455
2527
2482
2689
2760
2523
2401
2639
2571
2693
2580
2745
2696
2788
2654
2727
2761
2867
2896
2924
2777
2902
2978
2945
3068
2954
2876
2803
3389
3003
3055
3091
2901
3335
3083
3296
3113
2929
2999
2842
3492
5902
4020
6653
3697
7046
3664
4621
3599
6348
4334
4027
3774
2835
4100
4771
3997
5497
4582
5604
4041
8565
4231
3354
4320
3235
4741
7869
4175
23350
5001
41814
10892
4939
5330
5943
10333
4881
21206
4782
17795
5346
5929
4545
4841
5588
4206
5575
5278
6100
5323
4578
6364
5286
6710
5505
5512
5244
4980
5700
6166
6912
5351
4661
5439
5991
5108
5781
5562
4673
5919
5093
5400
5028
5757
5282
5977
5504
4702
7141
5554
5423
7218
5990
9104
7492
4737
6386
6347
6008
4596
5660
17467
14094
6742
6644
9484
5010
7128
2799
5673
5863
7568
6195
13236
6668
6965
7819
6112
6809
5450
3352
10136
3033
6091
6702
6909
5688
9060
5739
7106
5013
10765
8086
38047
9896
3496
7535
16311
6375
8366
7115
3942
18110
5695
12769
6437
71897
8352
15457
6744
8829
9959
7636
9918
12767
9949
8396
7215
8043
7937
8414
11054
8010
10385
7837
7596
8129
8337
5864
8068
6890
7678
6207
7926
8143
8815
7770
11027
10683
14902
8941
12658
5652
15256
6194
12197
12074
15068
10498
9192
7815
12831
10201
10173
7563
7182
11247
10881
10848
19920
11597
77881
17388
4579
8156
6642
7856
9966
15687
4701
8300
8583
6292
9579
34225
17628
10352
10519
9807
14829
13420
3390
19371
11453
6643
9387
8376
90409
18107
3676
13345
9358
3406
16607
16163
10058
24649
20422
16962
32075
15973
12370
7945
12904
11963
11676
9420
18375
13908
38600
10989
11024
8326
11554
54624
36959
13954
14033
10172
14272
19875
20717
22251
7694
11719
10428
9922
13480
15407
8702
9707
117032
9190
4360
34236
39865
8695
8448
92683
17176
44053
41434
14350
69471
25821
77511
72753
63048
60440
9501
29473
45534
11147
17766
125334
7825
28257
9270
2264
8479
2247
10853
2335
26864
2241
2374
2324
2441
2384
2479
2496
2414
2484
2500
2568
2599
2521
2582
2722
2846
2668
2717
2738
2879
2629
2742
2875
2692
2856
3123
2955
2825
2840
2730
2986
3032
2944
3112
2818
2984
3163
2877
2903
3149
3945
3263
3324
3285
3046
3050
3644
3464
3189
14065
11115
3243
3147
13491
5067
3536
12270
8316
3130
27430
12938
3423
4728
3510
3553
4774
3689
3815
3881
3931
4144
4201
3564
3884
3750
4685
3966
4496
5493
4424
4717
4153
5382
4306
4624
71154
4649
9437
4666
24216
4950
3925
4059
5888
9383
4627
5931
5251
4908
4957
5436
4507
4303
4468
6708
5050
6699
6179
5201
7976
5686
5081
5409
5348
4557
5216
7208
9672
5254
4835
6725
7675
5555
5646
7119
7281
5907
6826
7436
7964
6028
11350
8698
4623
7442
6565
5843
8524
6993
7372
6738
6441
7159
8742
6373
6956
6610
8064
8348
7970
9666
6562
8775
7689
7659
6059
6185
7258
7180
5625
6672
5167
8746
3233
7913
6793
7392
12506
7052
6954
7532
8555
10470
13083
6831
8444
16212
8532
9073
6766
8437
8592
9618
8022
9082
10638
11450
7585
11534
11397
7433
11691
7653
8893
9559
7385
8808
7066
7110
13217
11530
12475
12661
11922
10750
26625
8353
14725
6102
7619
8149
22535
6856
10804
10495
10225
16419
23397
18196
10071
17335
8103
13686
10679
10510
12221
14122
13388
19939
10996
71971
13005
28443
16835
11909
3902
18316
4565
12331
6585
3026
14528
13276
12309
3259
14803
9087
6589
14852
3311
9378
8470
27675
10796
12047
9280
15899
10456
16887
12793
8091
5594
10028
4252
16221
6788
14154
30377
10977
15827
20444
18493
38346
8691
37070
12614
15468
8690
12727
104483
64980
17917
13950
16495
8114
28272
13775
33796
21407
2398
2323
2310
2369
9361
2329
6553
2338
5355
2400
7656
20946
2428
33331
6481
2630
6268
2893
2478
8823
5276
2540
9254
9012
2609
10573
3206
2505
8289
2445
13223
2660
2622
3657
2559
7668
2655
4519
2687
4010
2647
4048
2762
3416
2653
10559
2816
11109
2712
8379
2728
16182
2554
4338
3012
6806
2892
2743
2939
11098
2821
11100
2826
14207
2870
13945
3138
4669
2841
3067
3257
2943
3044
3546
3434
3171
3161
3125
3101
3261
3319
3240
3615
3317
3415
3211
3351
3660
3156
3330
3143
3302
3639
3325
3287
3455
3533
4033
4247
4327
5011
3913
4113
4905
2844
5411
14032
10348
6763
3778
18113
4987
124859
20992
5721
16259
7444
4340
19105
2888
4854
4038
5607
5205
4377
6233
4520
6187
5511
4869
5343
4379
14440
5944
5079
5792
4850
5628
5576
4300
5643
15905
5763
6241
18805
5567
28847
5372
7698
4525
3630
5098
9320
5460
6967
5147
22487
7587
17630
5377
11210
7484
6922
17016
5701
5759
7366
5260
8445
7434
4925
5234
7008
6232
5909
8231
4843
6479
5182
7426
6508
8719
7572
6537
7581
6216
7206
6155
6350
9486
9290
11709
9884
7997
9211
7373
3034
10893
10507
11862
8083
7074
20186
5961
13331
11970
7674
11199
13857
15236
6771
9986
8852
9997
12811
11298
8329
16006
6464
12138
17203
12397
8638
12853
5180
10158
6690
7690
12440
9252
9164
11566
4999
10277
6983
6884
6920
16301
8741
7501
16255
10381
9904
8516
5733
8039
7857
7750
6859
8995
7664
11155
10640
4689
8485
7352
8747
6801
7890
14481
10905
7536
12007
7151
11911
6726
12748
13627
12497
13109
18238
15237
9727
13124
12741
10976
7523
14664
15792
6545
20754
9121
6191
22561
13920
8297
16523
13755
12215
15087
24506
10855
6889
115293
9039
16632
11872
13129
24211
17210
75286
36550
19262
27319
3186
2255
5969
2367
5039
2274
16052
2307
10901
2352
6676
2302
4013
12115
2579
53606
14733
2768
4007
13446
2621
16084
2838
7107
8949
2824
4559
11680
2958
13333
2766
4464
2583
4152
2854
2853
3370
4711
2964
2792
3236
3041
2731
2874
6851
2734
4312
2996
15376
3117
7368
2997
3457
3321
10830
3150
8001
3100
17581
3197
28386
3258
4955
2847
3165
7163
3500
3192
4296
3741
5148
3078
3445
2376
3650
4147
3349
5995
3272
5280
3271
4322
3483
14143
3524
6637
3196
3593
3203
3446
3739
3896
3494
3786
3561
6513
19652
5519
11484
4366
47554
6131
6298
5159
15605
5212
13923
49084
5375
3841
9790
5626
7629
6163
15659
6882
4205
5401
6810
6337
5717
5229
4024
5306
4739
4634
5703
4297
6968
14710
4983
25605
5478
9035
5954
4944
5866
6607
7173
12407
6359
14006
5472
5647
5589
6127
5737
5204
2375
5871
6021
2459
7354
18132
7703
7038
4071
8536
9993
10414
5317
8000
5463
12374
6935
106957
7157
5541
2406
5682
2461
7916
5941
9036
9380
5972
7418
5764
8098
7137
11086
6327
8295
6990
20089
6314
4005
6823
10222
7836
7615
12429
10879
7413
6366
6975
36951
7430
11786
38996
8539
13548
7884
16172
12096
9928
17355
8108
19189
7031
7920
7730
14587
9298
15117
8542
16012
8718
8139
11860
7446
5005
11101
15294
7702
4067
14835
26257
13863
10636
15142
5677
7962
9894
8436
6991
10856
7658
10030
12830
11329
9708
2390
10368
13039
8853
2334
9970
12021
11649
6621
13146
10363
27911
8733
10169
12225
8877
12353
2470
11371
12035
12999
18326
6295
16585
21974
16998
12782
19662
20448
3709
13761
21054
10666
13769
9308
13921
2443
14994
6171
14661
20103
14951
129661
18940
2418
69779
2448
3624
2379
3649
2574
9244
2396
69831
2531
6677
2463
4605
13111
2807
48226
2683
13397
2636
37500
2662
14340
2993
3246
2948
3107
2918
2980
3002
3468
2809
3320
3378
2866
3248
2793
3118
3115
9408
3195
14542
3405
3251
3086
3293
3339
3558
3168
3213
5986
3372
4441
4150
3758
12010
3780
3382
4570
3433
3878
3975
4166
3440
4956
3452
5388
3402
8665
3356
3998
3889
11813
3355
3875
3959
3961
5020
4149
3823
6503
7244
8391
5322
5435
4087
21047
4111
11567
41046
5696
11122
7951
13802
5034
11616
4659
52201
5152
4723
7068
6860
4431
9202
6679
6836
5043
5895
5616
5087
7306
6887
12551
5699
6048
6539
7509
6234
6728
4802
6342
5799
5644
7735
4335
6109
5415
6363
5668
8186
2536
7330
6333
6515
5825
9113
5788
6110
7211
6311
9773
5139
5617
6940
5982
10010
5712
7991
9845
28418
5622
24362
16989
3162
19964
6570
7638
10117
7096
9022
14347
17306
130701
15105
19276
23979
20019
7041
36330
8833
7594
9398
7375
8486
7971
9644
14461
11799
12668
8568
6973
10279
8703
12859
12241
7813
8034
7380
13272
11417
10390
17930
13418
8573
10346
9535
13560
18241
14070
8782
16846
12109
9037
11618
12442
26590
11895
2417
7858
2628
8737
14728
10152
2632
10857
11863
9047
8215
22206
11286
21010
8786
10461
18114
8078
6641
16309
16359
10629
8318
3730
21510
15154
21364
68131
14878
10751
10103
14100
18934
17849
7743
18454
18410
17445
23378
13339
16709
2528
16472
14030
6027
21297
126846
9683
2397
6190
2410
11124
2449
2503
2451
2453
2512
2552
2604
2597
2572
2541
14147
3037
52359
2707
6817
2969
10737
3202
11215
3175
22895
2849
2800
8520
2931
2909
2965
3089
3075
3145
3304
3436
3634
3300
3625
3385
3428
3267
3895
4084
3680
3116
3594
4094
3651
3298
3515
3035
3603
3722
3358
3819
4309
3519
3557
3673
3633
3626
3513
3946
3742
3438
3845
3795
4786
4092
3805
3614
5230
5691
4751
11968
4467
4308
5523
8267
4236
5939
15536
4839
4174
6082
5130
4878
6258
8262
4708
5222
23990
5945
15131
6225
8372
32971
4727
60841
6878
21529
5659
8349
7359
5708
5336
18867
8189
10401
4470
5310
22574
7983
14575
5850
8851
5223
5269
6254
6914
6951
5471
5857
6181
4862
6812
9784
5858
5455
5232
7439
7729
8214
6128
7002
6253
8629
7371
6478
5100
10693
6037
7445
7260
6381
6720
11134
7569
13861
7859
6769
6031
6885
6410
12105
5441
8795
13253
13063
5917
12053
7097
13299
7550
6351
8394
13596
8984
8519
7717
19912
19929
13361
8331
9129
10831
13245
12700
8768
17370
8511
15225
9154
28199
70128
19335
13087
7972
12873
12824
276452
10042
12446
9327
9844
19528
9075
7966
17700
12034
10281
9793
18510
12364
12571
11415
11503
8261
11217
9934
11935
14041
11436
71876
12094
12383
10156
8227
11848
8347
11003
8439
16216
10875
23137
10365
12447
12868
11439
24793
11690
8125
21116
10709
14413
9410
24139
20413
71745
23388
