16517
16149
13530
13590
13598
20779
16748
22376
15926
24526
17588
14032
14626
14481
12782
22197
13828
14438
14873
16223
16330
14450
18118
15059
13467
10684
12018
12269
15241
14744
13286
13649
12412
15545
11802
11744
11321
12624
11728
11184
13545
12791
12613
12013
12282
12238
10790
11348
12273
11974
11395
12135
11272
12081
13056
11577
12137
10793
12283
10551
10623
10751
12152
10747
11732
10255
11621
10794
10583
11197
11838
10714
10429
11554
10709
11246
10116
11598
10644
10727
10768
11983
10781
9941
10290
10313
10920
9716
11538
10433
10560
9977
9896
10227
10334
10400
10733
10418
10992
10165
10168
10695
9823
10252
10340
9739
10033
9995
9546
9709
10062
9567
10238
9306
9290
10457
9588
9832
9840
9550
9636
9768
9771
9824
10161
9411
9501
9450
9864
9561
9314
9763
9425
10278
9596
9541
9649
10228
9925
9670
9554
9347
9775
9173
9442
9471
9621
9555
9630
9859
10018
9158
9452
9416
9395
9513
9144
9408
9585
9038
9285
9388
9479
9189
9124
9244
9065
9117
9122
9077
8952
9101
8856
9092
9091
9040
9087
8852
8935
9042
9013
12720
14487
10862
14169
19285
16173
11276
10292
14687
13171
12017
10858
19168
16047
9650
11320
10269
13179
13620
13450
13274
9657
67190
12742
21172
9785
10962
18996
17581
10060
13470
9872
18329
11722
12429
10076
11388
12544
9867
24589
11018
13393
16491
11792
12094
10332
10335
11102
14643
12726
11481
11496
15809
10950
11101
10122
14168
14257
24436
13495
14588
13568
18862
17452
14012
13432
14221
13163
22448
17769
15750
12211
18796
13106
11875
11828
10739
16600
15442
15531
10306
16527
13174
14131
21652
18687
21261
14493
9962
14069
14818
14787
15080
17464
15817
14211
16372
13849
15023
13211
16948
19520
18307
20551
17141
16051
21718
15180
16576
10778
14894
16719
20581
13714
19437
16170
14580
11796
12926
16213
17007
19860
16614
14652
19261
20829
17651
15565
13985
18197
22505
22205
12260
17917
24475
14129
13758
18764
14115
21020
13363
16275
13729
18365
22438
18501
19016
17170
18023
14279
20249
19465
13242
17921
16007
17176
15413
14622
95522
15168
13233
12896
16504
21053
16383
14593
21421
21749
16345
16044
18358
13237
12516
17569
17998
16516
13398
16711
13346
14107
14838
12555
15219
16254
12781
15176
15691
13489
15769
14294
12975
15330
13697
14262
14167
16560
15164
36798
13224
12000
14950
14899
15642
21598
12919
22336
18516
12123
11904
13806
14067
17434
13706
14118
13931
15684
23218
12387
13477
12409
15650
17536
12193
13405
11948
11177
13319
15100
11087
13481
14036
14657
13087
13327
12202
13219
14510
12431
13169
13615
13539
18182
12166
11944
19166
13010
11856
12133
12442
11860
14816
14680
12666
13252
12110
12602
12095
12522
11750
13313
13616
11715
13194
13170
14120
12069
11970
12114
12813
11775
12146
13728
11671
11263
12350
11130
12149
10846
11545
11916
12873
11725
11649
11887
11478
11140
11735
11351
12206
10899
12064
12508
10957
11164
11171
11185
11299
11816
10877
10914
10542
10715
11124
11019
11667
11789
10611
10203
11313
11719
11391
10210
10615
10160
11200
10541
11467
10206
10410
10712
11290
11587
10736
10657
10412
10933
10842
10501
10144
11305
10895
10632
11421
11134
10821
10187
10482
10287
9992
9774
10590
10345
10691
10609
9850
10317
10180
10647
10100
10084
10024
11047
9524
9566
10422
10553
10329
10101
10040
10159
9364
9935
9853
10580
9845
9821
9808
9660
9441
9945
9664
9678
9367
9584
9368
10041
9287
9800
9462
9322
9400
9340
8986
9417
9253
9343
9204
9339
9533
9423
9346
8953
9147
9363
9293
9155
9139
9193
8995
8842
9058
9046
9094
9112
9017
8724
8796
8825
8859
8831
8910
8845
8810
8786
8905
8785
8982
8781
8813
8891
8771
8739
8736
8942
8895
8863
8977
8799
8811
8807
8656
8710
8713
8835
8762
8734
8705
8822
8686
8723
8742
8650
9655
10820
10987
13482
10464
9807
16863
14715
10303
12526
14473
13462
13461
15500
14861
16319
10231
14914
10495
12259
14475
10516
18752
16176
10023
10289
11419
14533
18414
13444
14062
12388
12141
13494
10027
18282
13946
13941
17950
11095
18120
9900
19155
12593
9772
9743
10281
16059
13080
12122
332360
16652
13008
11482
11310
11325
12026
10604
10800
11535
10710
10316
11949
11754
10387
10983
10377
10763
10773
10333
11011
10124
10628
9603
10476
10441
10678
10164
9794
8673
9538
8560
9551
9222
9284
9631
10129
9129
9299
9451
9976
9730
9516
9528
9245
9081
9190
9622
8970
9126
9265
9223
9601
9031
9080
8819
8759
9420
8906
9160
8657
8529
8534
8357
8893
8280
8562
8287
8305
10364
8298
8296
8273
10064
13642
14423
13511
12063
19628
14110
15791
12087
10885
16525
10569
13239
12320
12792
15222
10946
8302
12335
14113
13484
9553
15738
15742
16485
11045
20107
17875
13830
15092
12719
13863
14170
12851
16182
16887
13956
25175
10754
16829
14455
13343
12115
8755
14471
22662
15495
14618
13126
13808
15170
21799
15179
13144
13886
12009
16975
17876
14378
16738
17482
16079
21722
17725
17623
15597
17867
14934
12373
14395
11823
15162
11999
13818
16770
13882
19276
19676
15605
18869
15800
15325
20353
14227
14116
11636
18265
8311
20047
20854
17899
15416
12774
16233
14977
11765
12384
14731
13245
19831
21099
15558
13904
17061
18646
10627
17657
16531
16154
11472
14119
11550
14751
11653
13533
13189
14031
13185
12021
20257
13713
13203
14668
15630
15211
13244
12641
11195
16671
15186
12489
14285
12945
12383
11505
14398
13991
15392
11994
17055
15678
16050
12186
15364
12836
10493
12530
14795
13066
10322
11658
11242
11596
11436
10823
11677
12825
11157
11224
11380
12030
13157
10786
13647
12966
11425
11723
11681
14591
10577
12164
19603
10547
14060
10643
15409
10520
17447
10562
20386
10859
11824
10462
15704
11115
13090
11106
15068
12111
11035
10477
11645
10498
14297
10031
11882
10534
11186
9854
11149
11097
9919
24928
9878
9857
12776
10067
10029
12855
9607
9907
9875
9589
9783
10880
9697
10502
9446
10508
10384
9612
12062
14564
9308
10529
9414
10723
9805
12223
9517
10406
9714
9674
9307
17477
9015
11542
9163
8787
8965
8776
8873
8826
8617
8731
8658
8586
8741
8690
8479
8494
8579
8483
9268
8596
8458
8436
8459
8416
8331
8340
8349
13632
8278
10225
8271
10802
15535
13746
10787
16197
12684
13602
12790
9910
11834
9693
11244
9500
15047
8415
11345
9526
12317
13255
16324
14430
8973
15444
14312
11317
13328
9269
14144
12393
13797
9403
10947
17638
15741
13240
13781
8934
10974
13627
14511
9197
8306
11609
9862
10492
15982
12669
14600
15382
13625
14875
14560
10194
13580
17289
10882
14989
15234
12567
11574
14093
14404
13899
12176
15155
11867
11692
12258
13190
13877
15911
14980
13850
8914
12786
10266
12070
8665
17253
11384
13487
8472
20731
12614
12649
16821
30187
21021
13204
16795
9336
15796
22065
16194
10026
24116
16839
12950
14880
14180
15174
17206
13977
14997
12856
23029
13116
15084
27304
16443
13272
10515
15533
19036
17163
9710
15611
9970
12942
9740
18256
12261
19956
17162
14907
12915
9095
11175
8542
15622
8468
15556
12565
12962
14738
17195
13689
13337
12394
19093
15803
19116
16979
12637
15795
12138
16034
13107
12490
11335
13789
15358
16897
16785
14676
14310
13049
15128
13993
13554
13136
8551
11624
18492
11540
15820
12903
12568
13604
12078
13920
14411
11697
12352
11165
13672
11443
13636
13006
12830
11142
13628
11811
12985
14015
11412
12563
11814
12376
13888
11567
11920
11420
12647
10732
12167
10838
13509
10922
8194
10713
8193
10917
8419
10173
11212
10766
12073
10468
10078
10197
11061
9931
11318
10057
10634
11108
10353
10123
10832
10746
10934
10107
10841
10536
10654
10241
10865
10686
10153
10174
10309
9888
10311
10409
9679
10120
10012
9764
9718
9545
9632
9647
8196
9428
8621
9283
9616
9434
9240
9157
9341
9199
9194
9397
9277
9335
9617
9315
8969
9141
9221
9184
9007
9142
8984
9145
9027
8927
9135
8917
8765
8737
8681
8714
8782
8956
8715
8764
8649
8546
8497
8261
12233
8268
9404
8260
8192
8283
9549
11071
11254
13321
16538
11509
15142
12906
14442
9966
13125
31691
11964
17717
12006
11399
14705
13691
10853
12268
21587
18384
13692
14825
9848
11127
12756
12457
14983
10854
13404
12076
11341
13399
8195
9894
10505
19740
12912
18874
15144
23258
12689
19529
13571
18034
11387
14406
15710
20712
19865
13567
18662
14210
22143
15127
16989
12944
12743
13247
19562
19904
14027
13764
12808
14243
12635
23917
13905
20422
15965
21516
44962
20749
24308
12408
15318
18288
20269
17701
17442
16293
14236
11864
13024
16970
14316
19771
13463
15805
10748
17852
9415
18244
9899
14421
8243
13601
10849
13913
10397
17678
16061
14407
16175
15446
19197
13794
12877
13060
17747
14610
14070
13295
12819
13992
15460
18692
17205
19070
23838
14942
14509
16290
13395
14414
15798
12569
15767
12216
11702
52359
19333
13035
17596
12982
13769
12163
11995
11709
17297
12332
13134
18482
15628
13387
13516
14271
14304
12369
13217
11456
12690
19141
13118
14888
12056
12136
12410
13701
12072
17186
14508
13807
13206
13267
14051
13655
11691
15436
13351
12878
11291
12353
13975
13683
11151
12361
11627
9668
11866
8255
10470
9487
11539
13183
12839
9695
10852
14691
11470
11990
12974
10411
11778
11432
12553
12434
10822
11703
11404
11683
11815
11307
11879
13037
11182
11288
11158
12187
12620
11747
11198
10951
10525
10263
10753
10587
10331
10438
9975
10388
11453
10624
8251
9981
8252
9749
12372
10273
13293
10857
10521
9613
9634
9892
10286
10175
10659
9582
9499
9675
9792
9804
9913
9793
9531
9665
9571
9861
9734
9692
9214
9469
9231
9298
9232
9294
9008
8943
15876
8907
13722
9178
13613
8990
16868
8751
14672
8784
12304
8754
8774
8608
8583
8664
8503
8612
8631
8572
8719
8557
8605
8474
8489
8453
8493
8484
8383
8404
8342
8431
8297
8295
8266
12963
13967
12450
13891
20018
11302
9120
10945
9965
9947
13188
11049
14933
12857
11800
15036
11339
10235
13831
13371
12812
13914
14460
14204
12909
12414
15398
11474
16217
18459
14540
11327
14909
10769
21474
10984
13854
11098
12784
18784
18746
18376
12230
13873
11977
13032
13153
16230
17668
14775
12888
24665
19139
10199
17284
20382
12286
15830
18121
14228
14452
10208
13907
10672
15850
10658
15610
13339
9579
22360
16583
10782
14081
13519
15491
16606
16135
11854
8637
37060
12848
16501
14150
13932
20899
16629
13147
16013
24392
19469
14044
21784
10514
14436
16381
9886
13501
16684
17811
12329
13075
12142
15813
11483
10774
15042
12355
16561
9911
16005
13485
14086
15836
8896
14137
10693
13420
12874
12079
10105
18753
12535
14096
11857
12928
13141
13859
13959
10213
13177
14288
9267
13974
19020
9595
12513
12728
8601
15336
13400
11998
15925
12386
9167
13700
14684
13165
10448
15412
13543
10990
10402
16621
13018
12279
11044
13004
11782
10094
9565
12600
15251
12889
14767
15712
11945
10881
20534
12473
10888
12045
9271
12533
8870
11247
14122
11763
10130
11940
11957
12188
9406
11293
19068
12470
14821
12385
13058
12515
12404
14578
12895
13108
13317
16006
11382
11229
13788
9049
13911
8674
11372
10829
10559
8476
13120
10272
11643
9003
11386
12088
10588
8568
11673
11583
8940
8365
14568
11615
9485
11706
8867
11189
11858
8915
13089
11883
12764
12991
10355
11057
11215
10871
13341
13017
10878
12502
11267
14832
9698
10563
13510
8275
10925
13614
11020
11424
9230
11762
9915
15513
14931
10178
9704
12195
11594
11445
9402
10640
13222
11148
9272
10218
9067
11015
12436
10362
12910
10343
10851
10226
10876
10699
10414
11468
14858
10472
11943
11129
25142
10456
11083
10806
9938
10416
8989
10874
8827
10002
11324
10593
9044
10744
12253
10486
17150
11181
11250
9932
9064
8376
10428
10395
9427
10567
17707
11753
9897
13836
13225
9789
11740
9619
10282
9964
9826
9638
9927
10223
9786
10545
10506
10020
9996
9449
9828
9666
9574
9731
10046
9246
10005
9680
10138
9330
15357
8272
9353
16325
12741
9410
9273
9218
11759
9923
9419
24165
13241
8991
11870
9644
18742
9362
11607
9525
11537
9228
17049
9006
15506
9113
17644
9072
20067
9186
9226
9266
13419
9020
9239
9257
22819
9198
12476
9043
14549
9125
9103
9138
17944
8939
12732
8909
14332
8847
8957
9102
16433
8887
15594
8803
18306
8805
9940
8809
12673
9643
8843
10915
11370
8846
11422
13585
8749
17008
21618
8832
18548
9839
8640
8712
8600
8899
8772
8623
8643
8635
8620
8676
8504
8501
8525
8490
8462
8409
8511
8388
8346
8335
8400
8293
8300
8289
8262
8248
17835
22672
14449
12518
15473
19992
13070
15420
14768
11085
15202
14982
13007
18798
12538
12940
11337
20239
12994
11801
13864
9765
14669
16565
13906
13472
14735
22246
16471
14324
11766
11256
12280
17711
11979
12347
15583
17665
10459
18635
14919
12777
13596
14949
13145
17269
15752
14251
10571
8920
14311
13333
13594
25043
15687
13316
11661
10610
12551
15315
12172
13137
13855
16647
16011
12250
11021
22670
15307
17896
36033
15295
16445
15066
12276
18952
11749
13228
9880
11826
15461
120736
13507
12670
15783
29484
9781
12585
12472
11684
11581
17624
11226
14728
16070
12037
13720
11240
13750
10274
14477
11121
16249
11985
12196
13425
16731
11192
12833
16715
17212
17967
16289
15529
15990
15505
15958
12236
12901
13430
14176
13155
17673
15510
17912
17266
14019
14630
16347
11700
12811
16256
21046
11306
8398
13063
11756
19862
10568
12949
16221
16204
10469
13653
15062
15872
11368
15480
12218
16185
11846
19290
15938
15681
15709
14323
29939
16651
11656
12524
15386
19854
13449
15452
16338
13103
10901
26990
13271
15648
10941
15993
19234
13741
11850
14148
13149
20470
12058
15621
16674
12131
13349
17709
12181
12799
10646
12459
16820
18026
18249
13693
16871
12905
17928
20209
11207
13130
14099
11923
8792
15874
14009
15111
15458
22765
14514
16397
11314
13879
14467
12608
14504
12948
13382
17594
16677
13574
15717
12519
11433
18963
14646
8892
12677
8285
12583
13679
15206
12735
13559
12685
30843
12969
13562
11914
12704
13291
25300
15905
12345
14620
13662
12416
17278
14519
13486
23224
11457
15302
8851
15619
11426
12048
11743
12645
10162
11075
11757
11338
13940
12479
11366
12104
11795
12625
13660
12462
13454
11086
10556
11488
11237
11827
10652
11077
11430
11582
10676
23450
23721
13586
10909
13711
10222
8317
9979
17920
10190
10601
10201
10509
9773
10214
11000
10816
10398
10001
10271
10082
10004
10145
10158
10500
9600
9902
9776
10003
9671
9653
9334
10694
8341
9379
11409
9810
15497
9756
9905
11487
10021
9747
10030
8322
9883
25835
14268
9304
11908
13717
9171
9251
9115
9070
9162
8933
9104
9252
8768
9182
9009
8898
9022
8824
8783
8766
8964
8882
8763
8855
8904
8642
8833
8644
8675
8539
8624
8594
8613
8584
8435
14762
8445
11890
8421
13603
8499
9002
8402
14573
11806
8454
10488
12992
9659
8797
8372
8908
13197
11584
8928
8355
8791
22889
8337
10358
8363
10451
10891
8307
21041
8358
11063
9426
23122
12934
8328
8646
8399
13068
20888
15782
8292
15078
17508
8290
17655
16571
8301
9700
8360
18341
11446
8259
16122
14581
8249
8238
16736
16817
13661
11173
12306
9837
14331
12147
10805
11557
15272
12864
19321
14729
14943
13895
12694
11295
10985
12433
31619
24225
12852
20106
12740
11389
18207
9766
14367
16492
15969
12767
15329
15141
14382
14202
13999
20316
10148
14766
15862
11517
13506
12869
12660
10894
11844
8998
12599
10667
12438
10073
14441
11769
50517
10986
14217
13622
9871
11721
13026
16039
19076
10006
16421
10200
11003
8324
10061
15852
9921
17010
15105
12263
13227
13578
23532
12662
18812
12285
17416
16694
11374
11037
30060
11463
11711
8693
11780
14746
11473
13411
12482
16315
11969
15585
10193
15754
13248
17099
13694
13246
14322
15747
9984
11650
14599
11534
9960
18143
23324
17737
14955
13172
13629
15472
15380
14896
18497
19497
11079
18475
17135
15063
11876
15405
10817
19283
18113
8473
14233
15232
16186
9483
14791
16449
13338
13281
16544
13552
14229
19253
21891
12348
9439
12391
26697
15578
12040
14218
15488
15118
15521
9955
8389
15635
12595
11825
16911
13561
24047
16094
17125
12748
11014
16078
11727
13359
14381
10729
15226
10722
15837
13476
19115
19549
14383
14085
13971
14427
20927
8629
16780
21651
10052
12262
15598
11526
29059
15341
12378
15346
17660
13236
17954
20672
15808
13372
11028
11152
12793
12116
17387
12161
11444
13259
22136
15308
19117
14422
12485
18829
17885
9870
11330
19078
14301
16529
15359
16761
16227
8645
14723
10265
21832
17947
8356
11647
18268
10240
17093
10007
10485
15041
9952
10283
11437
10089
13093
14330
17514
10037
16024
13354
8922
12679
12605
10008
14902
16862
12140
11114
8830
9687
16318
10602
10090
10077
16522
10009
10244
9986
13957
10042
13164
10373
15145
9770
10421
11396
8485
9958
10427
10149
8450
9472
8509
10783
10797
17223
9901
11096
9924
16040
12658
9831
8429
9696
11956
8392
9515
8424
16960
11871
15366
9830
10811
9642
12001
8348
8380
13541
9378
16432
9460
12303
9669
12575
10050
16317
9860
13736
13933
13151
10115
11458
9557
11231
9866
19604
9445
12448
9640
11965
9978
14362
9274
13925
9890
11705
9073
13515
9248
12801
9448
12646
9133
11492
9512
11619
9505
11506
9311
14605
9382
11899
9536
10767
9234
12189
9136
18123
9369
11137
9386
17336
9236
14408
9454
12984
9374
15007
11841
10994
14702
9684
8980
13358
14770
11122
9237
13466
11017
8569
13496
16494
11103
9973
12341
12231
8279
9869
9093
11737
9041
13674
10507
14215
15625
10725
9342
10991
20740
10390
13666
9333
11685
9568
13445
14674
20254
13112
9389
13132
9361
12370
15740
8513
12322
12672
11712
9349
10184
14459
12746
12920
9380
17192
11660
11620
12500
11034
12932
9154
11273
16521
11913
10969
14341
9329
13848
17541
10069
11346
15225
8886
12043
17492
13612
15154
9074
12621
10635
10463
9602
23161
9345
12644
9215
14155
9247
14163
9276
15108
8769
14366
9128
13637
9366
11955
16280
12737
9119
20789
9164
18938
9123
12734
8983
15320
9409
11701
11901
8931
8449
9076
12691
11610
8691
15603
9313
10705
12299
8987
14709
9111
11031
8382
8761
8374
8925
11080
14333
10543
17451
17131
9292
12598
12177
16747
16931
10952
8254
10234
8233
11752
8226
13492
8234
11245
8244
14224
8231
13168
8240
17525
8227
9662
17059
12091
16302
8232
10875
12364
8558
9534
13646
11738
10837
8235
12083
15950
10136
8817
17052
8556
9898
21819
11170
13213
8225
8291
11555
14765
14842
12603
9213
12389
25637
18831
8223
11593
22047
14935
9108
12842
9150
10532
11462
8442
9577
11304
8735
11058
15138
8228
17156
14273
9391
9029
11909
13083
14064
9523
15374
9681
11520
16049
10385
21220
20263
8222
11107
9879
10552
13798
17699
8902
12420
9818
9175
16725
18222
11364
9583
10204
11589
8224
12989
9212
11632
12938
13187
10447
10297
8220
13279
8818
9654
8636
12506
11570
13658
8219
11067
9061
10022
13323
11056
8230
10856
8994
9594
8217
10538
8978
9288
8215
10926
8881
9424
8212
11402
8976
9999
8214
11329
9021
9576
8221
11543
8918
9937
8211
10776
8911
10354
8201
11253
10981
15762
14548
15700
10963
8599
13542
8954
18272
9030
8199
12033
15701
17190
8879
46062
13033
12700
14707
11298
8654
18836
14244
17641
16160
9188
9477
11604
13318
11092
8200
14501
9140
15114
10250
14092
9325
13012
11286
13695
17037
14741
14904
10325
17003
8857
9393
9105
74744
13421
9137
8198
9476
13019
13816
11350
15213
14505
11379
8874
17517
12824
13388
14819
12027
13360
15407
10310
10088
13391
8955
9319
14662
20695
10513
8197
11002
12817
14488
8717
10342
9468
8814
115899
14850
10898
11269
53438
12965
12753
16181
11167
9259
9972
16666
12997
10455
16803
11489
13858
12816
12344
9011
10132
13022
16392
14072
9039
12351
10348
12821
10908
12596
14697
10696
9279
10224
12052
11218
10651
8961
9819
13748
9430
14603
14101
18771
8950
17239
17749
16281
8962
15087
9605
10565
18710
14966
9062
10954
18002
16067
15156
12478
10828
11785
9724
9746
14566
8815
9467
18543
8999
12995
11385
23279
8897
12983
10474
10426
13417
8267
8510
10391
11043
15910
13817
10976
10404
9817
15838
20179
10415
15694
12437
16356
16342
14785
8202
13284
16832
13374
11278
13064
13844
8588
16585
15259
10995
9083
8204
10592
8527
10814
9356
20372
10720
8205
11832
8543
9071
8203
12168
8722
9788
8210
11174
8571
9332
8206
11461
8798
10582
8207
12139
8706
9183
8213
10792
8779
9219
8208
10698
8692
9562
8209
11779
8698
9326
8218
11442
8853
9453
8216
10943
8728
46912
8236
10801
8250
16639
8229
10219
8239
11328
8245
11748
8237
13431
13894
8414
11730
8247
13084
10189
11417
16714
8253
14893
13329
9873
14920
18030
21193
14951
8270
14256
13837
9983
13982
10360
12003
8294
20461
10594
17564
10799
18717
8304
15328
11623
12534
12148
13520
8326
13074
13930
8875
11450
9444
17495
8352
11480
15276
13199
9922
14820
8314
11355
21493
13214
13059
8403
11510
14720
11862
15778
8466
10959
15730
10548
10780
8439
10738
19074
12118
13062
10724
18255
10118
12031
15542
8576
12576
10637
13775
8677
15115
10735
11532
10956
10662
13159
10407
14237
10558
16702
11262
11562
11947
11369
13029
26808
15035
11116
13198
11220
9904
18833
16663
12308
16547
11053
16783
24481
17793
11093
15739
10847
14220
10741
12758
10928
16857
21177
14890
12952
11484
15656
15832
15400
10896
11559
9305
10454
13526
11178
19395
11400
11055
11525
10576
12531
11745
13229
10918
11651
13997
13253
13186
15900
10285
11211
123403
12155
377800
10114
10785
17308
13128
13365
13756
10403
11716
8606
11925
8585
10318
14047
12749
8578
14910
13166
52932
8519
11521
12367
14589
10179
11896
9948
11572
13048
30859
10293
23585
15857
8946
11938
12592
13422
18132
14365
12281
69927
12324
15527
10603
14157
10546
12590
11847
10999
11755
8981
18866
12381
18134
14874
11991
9098
14903
20680
13025
9116
12217
11675
13680
9075
18043
19528
13589
9520
10131
16189
16712
9262
13819
15182
11672
13532
12986
11163
33160
11334
12835
16196
11477
15928
10734
12820
98194
22515
12339
12939
16812
11541
13549
12807
17848
12468
14878
13355
15053
17640
12365
11588
15253
12970
14546
13755
9974
13111
11344
12725
12080
13682
12085
13910
9491
12899
12185
16835
9161
15989
9296
9757
17025
8308
14936
26092
19171
16511
12501
13903
11110
10674
15008
10215
28462
14351
11282
13459
23934
10544
21292
32853
11162
14742
12158
10631
16103
12724
11261
13961
15190
11511
12771
34000
10614
15462
14606
21755
13814
15228
18432
21689
13086
22404
13518
15866
9685
23037
17784
17199
20061
12698
13002
15071
13334
11926
17295
16132
13723
14937
14283
23774
16637
11869
14523
12145
14375
16323
12964
12661
14498
11676
11052
16102
24033
10661
17252
18971
9998
17426
8878
13529
14815
19067
11599
11503
12119
10112
12461
12316
11524
13770
10537
13452
15893
18181
22459
16054
14005
12507
11664
14576
11563
12022
10968
12480
14979
15613
14016
11873
14759
13408
11459
16906
18802
18401
21926
11791
12235
12659
13551
11885
17637
11311
14968
15103
12246
14098
21621
12497
17795
14022
18650
15748
14454
15401
15612
12916
14700
16941
11139
13915
19017
16972
18918
14778
14532
21628
16296
34986
11915
17345
17368
11199
21449
23393
12651
13478
10425
14640
9056
14474
11930
13710
17646
9168
19720
14895
12399
13249
16145
11530
11954
15432
15267
15496
15906
14090
12892
13809
13262
11935
15569
12953
11159
17473
13853
18076
14246
12405
12007
12209
13978
16846
17965
18042
16653
11724
14126
16756
15688
17438
15735
16073
17276
15922
13356
15532
14972
13705
22056
12706
13096
25319
10993
22256
121169
33753
13976
10221
22801
14453
12757
17407
15917
9470
10378
16588
13744
12663
17734
13563
15708
16141
19227
12897
17066
11381
16805
12194
10830
11091
14478
13498
16640
13129
13834
12976
36836
15289
12612
12875
21293
11852
13380
14628
13618
28776
25847
20233
13740
14447
9761
15547
11704
16093
13643
14607
13587
16916
12453
13438
15886
10572
12797
13514
10526
9928
15484
14128
8242
8241
8246
8264
8263
8256
8310
8318
8313
8316
8396
8373
8384
8420
8452
8492
8486
16180
8523
8554
8533
12552
8532
8581
13336
8540
8547
11975
8711
8659
11774
8929
9591
8610
10327
8616
12407
8720
9799
8753
15065
8912
10177
9079
18221
8884
13292
8780
13588
9014
15477
8872
11460
8758
14534
9255
8869
8924
9001
9143
9689
8963
19659
9185
9663
8945
8455
8890
8514
9169
9412
9635
9466
9606
9587
10352
9570
9569
9627
9620
9686
9633
9392
9463
9291
9278
9767
9641
13669
10660
9661
11120
27191
10095
10864
13804
10436
15574
9736
9950
14393
12623
10288
9437
14052
9547
11390
10063
12858
9563
11227
9711
13121
9646
10988
9851
25247
9912
17816
10070
12611
10013
10758
9929
11591
9797
12421
10717
11365
9916
13687
10066
11809
10155
20820
9834
14654
10319
12494
9751
14108
10527
12326
10795
14321
11315
17630
10247
15280
10641
10254
14385
10154
15568
15375
10137
10251
13101
10452
15277
14845
10591
33011
10669
10371
14553
9849
10121
12484
10305
11523
10810
11141
13348
10843
10887
10621
11062
11213
11595
12331
10381
10053
13558
10424
11967
10905
11917
12815
10275
11065
15699
11586
13964
11271
8992
10523
18183
10845
15039
10978
12264
12441
15244
12823
14884
12425
12715
10798
14205
11296
14065
11176
17971
11657
13436
11209
13842
12274
13607
12363
13645
10379
10458
13548
14932
12204
11579
12884
12093
11937
79707
13352
14466
10202
16782
10868
11799
8276
13958
18826
12413
16943
11569
8359
11573
13332
12697
11471
12041
12366
12227
10958
12096
13146
12580
15360
15801
12703
16693
14053
12631
12422
14574
13579
13264
12571
14678
13747
12610
16018
13140
15967
14088
15040
17892
13200
13305
13803
16271
13473
9195
12556
14889
72291
9131
15399
16118
13050
15453
13698
14922
14075
14476
13406
10320
12525
16542
13283
11251
12313
29334
12219
9580
12456
12242
13455
18817
15415
10965
12458
11839
14614
8265
14885
16231
13812
13811
16431
9436
17230
8281
12396
42220
13418
9532
14058
16365
17397
18015
16143
17437
14525
15470
17491
12474
17716
17866
13428
12547
12359
18443
17288
22481
15021
18521
12444
12446
12977
14796
17897
13038
14788
13415
9181
15031
9066
583098
13373
13582
8901
14956
11776
14302
11812
16130
12954
11451
10730
20947
10629
12806
9275
15345
8972
14353
12205
14750
9506
71034
15058
16126
9478
15184
14773
17309
10977
14269
10262
15388
12180
14806
10616
19389
19825
19874
16019
17373
16137
14405
12301
14026
19446
23964
12705
14655
14298
10015
19746
16017
19001
20267
12632
19443
46089
18861
15166
16250
17215
16526
11592
10257
15290
11180
12880
12558
16800
11448
16301
12300
19680
16717
12643
10645
15283
16037
16955
13041
15285
13440
14843
12503
10460
15623
10550
14296
20883
13301
13556
17179
12573
11531
19799
15588
13937
13381
15792
21330
18260
11081
31974
13939
14961
15814
14002
12254
10949
11340
117501
9053
13874
13139
12973
9200
12134
14029
13593
12143
15370
13675
12222
15485
27621
16077
9843
15575
12542
11686
14209
17302
18959
13667
25333
13840
10839
9615
14437
12321
15492
11772
12403
11842
14528
10014
14348
12733
18018
14074
10765
10540
18177
11179
12747
11553
10711
12305
13751
10198
15881
15679
8861
13231
13772
14667
10815
13778
13299
30945
12374
16965
14384
12701
16193
16334
15858
22006
18452
11257
16978
10212
26345
14264
9812
8257
8258
8269
8284
8282
8353
8354
8433
8937
8966
8880
8848
9051
8932
8936
9303
9429
9034
9205
9390
9235
9114
9208
9048
9328
9514
9475
9028
9354
9192
9352
9694
9780
9396
9719
9759
9836
9375
9509
9778
9263
8672
9881
10113
9493
15523
9317
9779
11829
9815
9652
8697
9721
9489
9651
8829
9753
9816
8789
9863
10749
10980
10855
10370
10389
10211
10673
10902
10574
10784
11155
10261
10230
11642
11136
11203
11411
11942
10450
10683
10524
10338
10826
11415
9980
11447
10366
9936
10764
10260
10844
10757
9877
10675
10510
10453
13639
10666
13114
12054
14998
10561
14048
15048
11347
16549
10369
9672
11352
14208
11687
10936
11906
8919
10827
15424
12243
8841
11100
14550
10183
11104
12255
10549
12805
10904
11196
12589
12680
11988
12154
11639
10916
12249
17751
12668
14542
11629
12277
11406
11611
11275
9987
13427
13841
11294
14010
10461
24603
12712
10496
18590
13564
9762
49932
11851
12256
13322
9432
12229
11784
12827
8625
12346
11441
11989
33391
13310
9481
13483
8614
11359
12398
15150
9618
12257
12296
21012
16138
12102
13668
12130
11787
12676
10836
13078
18458
12604
13124
13350
18719
12917
11808
11585
13238
11794
17274
14552
14125
15998
11997
18689
13765
12883
12327
34055
12248
8339
10038
13963
17969
14569
15210
17515
9918
14469
8451
12400
15715
10298
14722
13416
11507
13773
12978
15098
14631
8443
13923
11688
12382
8478
13508
14071
17117
24203
15732
11993
12512
10328
12738
12201
15221
9822
17667
10824
13782
9629
16287
16681
18515
11038
19108
16369
24257
9917
16057
11966
12881
15713
13423
12667
14106
19186
15355
14812
16567
15238
10737
11099
10903
12226
10578
12714
11270
16537
12907
11287
10706
9991
11514
12675
11881
10688
12108
12057
10600
11980
10796
12092
11239
12572
13379
13555
12900
11790
13857
11654
13656
12103
11084
13777
14794
10803
12886
12514
18435
13043
11493
11566
11919
11793
13342
12417
12245
12106
11156
11233
13102
11889
13314
11536
13870
11680
12323
13897
11714
13389
12832
12109
12165
12980
13599
13182
14495
14013
13456
11204
13401
16284
13298
13205
14456
13447
13986
12504
13369
12178
10879
17853
18099
13453
12951
12302
11146
12107
13122
16745
13042
17213
12126
14342
14328
14152
15627
12834
17057
15091
16068
15975
15571
15467
14162
13154
16584
11810
15019
19724
11640
15143
42429
15608
12124
21667
17250
14901
12297
11895
14526
16101
15669
12707
12681
15825
20910
20948
12956
14577
16503
14248
12775
24074
17710
20258
17484
11739
17026
15490
12577
12935
15641
17228
17781
28671
15010
13924
14340
17204
21787
17521
13676
13846
15502
14923
17621
14629
13534
12779
18997
14105
14503
13801
13652
13802
15079
18048
17245
14712
15853
14057
12840
12923
26056
16698
15188
14083
13949
14721
14991
16827
13945
14507
16720
15260
15224
17009
14440
9604
13767
13671
16348
11353
23527
12870
15807
14472
16741
18793
13835
22054
15884
13396
11924
13117
16896
17142
15895
19952
17449
11941
13471
11454
34096
21781
15882
17593
13091
26261
11568
19594
13869
13584
12796
12736
16001
11292
16072
12696
13099
13223
20827
18888
14377
12692
18133
16171
17051
16768
10893
11982
19747
14928
13936
10321
14145
13973
14028
10392
12548
11392
12800
9357
12100
18400
16268
10233
12617
10512
13392
12682
12183
10511
13725
12529
12867
24654
11258
14370
13611
20718
14809
19519
15204
12914
14336
15478
11051
14389
17819
11249
11284
15665
14231
13522
17103
12893
12713
13670
17559
11283
8274
8303
8288
8286
8323
8309
8370
8315
8312
8319
8347
8406
8387
8408
8522
8413
8528
8422
8495
8561
8518
8541
8695
8651
8573
8671
8795
8740
8696
8627
8750
8721
8823
8839
8993
9035
8844
8900
20795
9134
9320
9187
9337
9227
9207
9522
9151
9229
9564
9327
9624
9537
9063
9331
9250
9242
9464
9422
9233
9811
9297
9586
9383
9738
9484
9529
9548
9953
9717
10323
9847
9511
9750
9502
10128
10186
10010
10216
10196
10147
9494
9829
10840
9809
9963
9581
10099
10927
10157
10330
10680
9920
11378
10581
8338
10608
13856
10108
10772
10299
10339
10081
10016
10239
10728
10745
10192
10726
10291
10264
10268
11289
11123
11564
11072
10620
10217
10466
11682
10125
12060
10314
10475
10156
11274
11741
10307
11665
12328
11076
12342
11544
10484
12016
10942
10256
11259
9852
11501
11354
10939
10850
11696
11962
10973
11113
12911
10356
11070
11241
11301
10989
11078
13792
24714
11342
10326
11631
10386
12292
14020
11398
9884
11547
13385
12426
12539
12397
12215
13832
13878
11959
10598
13285
13409
11837
11902
13410
16607
10982
13173
12683
12488
12293
14561
13276
12379
13377
11934
14718
12278
12773
11064
12101
12220
11931
12477
16940
11606
11951
13100
13990
15028
13414
14289
13265
16987
16349
13306
19685
12871
11089
13148
13829
15692
15892
14496
13202
17113
13575
13347
9741
11773
13344
14147
15447
13922
13527
13606
15121
15760
17073
19394
15927
13919
11248
16384
15014
14151
14841
22189
18562
19569
12561
16000
16142
16628
14134
15396
11707
16909
12550
15871
14461
12993
15381
15777
14967
11708
16870
14999
20514
12129
16062
19158
16513
15327
11646
14789
18165
16026
15660
13525
15955
12291
13160
13082
14733
12818
15560
13260
16110
18301
13953
17613
16673
22096
15385
12356
12699
14464
17258
19370
18112
13045
42451
15999
18941
17490
19126
11513
19240
13054
9903
15953
15055
15649
14193
15372
14604
15827
19682
22356
28383
19500
20721
10923
18039
13875
15427
13505
15347
13823
15196
13547
16395
19021
14380
15907
10487
39906
10633
16789
19133
18655
12247
18080
8368
11733
8345
12788
11498
12601
17260
13196
12546
13815
14232
13191
17905
27779
17693
11877
19909
19032
19797
12967
17935
13573
12640
17915
12418
14586
15726
20916
13813
19480
23357
11886
30836
11515
24328
14912
11819
10872
13210
14183
13384
15223
12861
12127
13737
9099
17461
13640
11005
9699
10253
10911
17676
18957
10961
13069
13663
12498
12190
11912
10171
12471
15624
72660
10028
15826
10906
15090
10910
13921
11495
12289
16636
10870
13500
13402
11933
13376
8277
8329
8325
8299
8332
8333
11694
8437
8441
8505
8592
8444
8563
8488
8570
8820
8718
8678
8544
8566
8877
8688
8770
8800
8700
8683
8701
8802
8951
8979
9032
8730
8885
9033
9127
8988
9241
8836
8840
9025
9324
9156
9286
9084
9360
9054
9405
9220
9243
9496
9473
9745
9209
9301
9729
9519
9010
9300
9691
9593
9608
9707
11206
9610
8888
9611
10861
9431
10054
10051
9989
9614
10665
10367
10059
9874
9990
10573
9994
9914
10034
11560
10236
9954
10071
9988
10280
10539
10473
10188
10270
10703
10648
10167
10809
10791
10432
9893
9895
10431
10656
10519
10929
10374
10481
10195
11232
10036
10237
11628
11571
10483
11007
9744
10420
10834
10937
10117
10708
11153
12049
10638
12622
10818
14034
11308
9037
11578
9713
12727
10938
12310
11358
11357
11910
11601
11012
10831
12055
10619
10681
12200
11187
11504
11508
12174
11519
11805
11638
12465
11466
11561
14095
11194
11312
11090
11972
14918
13212
12887
12089
12486
12491
11652
11060
11549
12505
10671
13040
13716
13073
11479
14651
11927
10752
11905
12481
11216
10779
11367
11669
13325
11527
16015
14135
11761
11376
12311
9055
13595
15672
12207
12128
19490
13030
13938
12554
15962
11987
11807
16659
12044
12750
12898
14292
14701
12584
14725
14810
16486
16045
13600
15159
13950
13820
14737
14590
12955
17060
14172
12642
12582
14004
12687
14558
14954
14594
15133
16025
16507
21068
12487
12671
22925
14238
11277
15306
12511
14468
15844
14401
18885
14373
15322
15920
12019
12971
16339
20515
15406
13651
15516
20961
13254
18665
17604
24688
18065
24009
23845
16718
22139
13098
14295
15081
19397
70614
14225
19920
21392
16244
23403
14497
15786
13597
15824
14930
19639
21321
20906
20450
12918
13161
18411
20531
20417
16434
18949
18825
17607
12295
15831
14400
13235
20198
13475
14073
11936
17244
14111
16333
12451
15104
12814
12581
26073
10886
20427
14482
19612
13715
13067
20605
23004
14396
15271
14939
10258
18179
36711
16373
11625
17444
12845
16288
11336
19635
14863
16848
11225
15266
36499
12169
17134
15563
32016
33062
12319
13215
15593
14713
12036
11223
11888
12843
12011
16971
19246
20321
16766
19709
10341
13664
11026
20681
17428
19306
14309
10613
13581
23145
14368
10557
13088
11884
118428
15774
12121
17722
11497
11953
13504
9959
16612
12931
11872
13892
10471
12266
19462
16069
11992
11356
12343
15403
15474
13685
13779
22043
10295
15644
9891
9758
13296
12010
14286
14780
13791
16656
10618
11770
10408
13446
10897
14291
13576
8330
8320
8321
8351
8391
8369
8395
8362
8364
8334
8393
8361
8423
8405
8516
8410
8463
8555
8537
8591
8508
8593
8638
8639
8663
8549
8667
8725
8850
8816
8699
8743
8974
8773
8894
8828
8858
8949
9146
11117
8997
10966
9270
8350
9180
9754
9482
9358
9318
8903
9118
9401
9280
9174
9350
9254
9089
9371
9726
9351
9803
9544
9179
9521
9474
9885
9480
9518
9310
9365
9658
9399
10045
10207
9727
9645
10032
9742
9943
10000
9504
9688
9683
9982
10043
10181
10324
9712
10205
10151
9909
10494
10103
10347
11068
10102
10528
9560
10444
10382
11401
11662
13524
9906
8378
10055
17518
11821
11590
10035
10363
10336
10170
10518
10685
10825
10220
11004
11414
10595
10649
9961
11008
10866
11861
12065
11377
12244
10718
10682
11407
11439
10636
10759
11010
11533
11144
10209
12214
12042
11036
11190
11713
12284
10692
10998
11046
10626
12067
10702
11449
11831
10479
11050
13451
12157
11360
11767
12039
13287
12769
11848
11783
11429
11322
13435
19293
12415
13013
11040
12629
10731
12084
14206
12562
13546
11918
11698
13077
12225
13544
13071
11217
11973
11699
11960
11006
15816
15784
13413
13898
17100
11693
12520
13727
11183
12615
13972
12721
12288
14080
14758
15854
12004
14681
12368
14068
14050
20005
14191
12424
12693
14665
15024
13053
15135
13429
14011
15269
13273
14416
26472
14647
17742
13626
17070
13989
15823
14634
12766
13909
13138
15936
14179
15793
11166
24743
13833
12528
13825
13220
13983
12105
12354
12925
14962
14611
18503
12077
14337
12981
13061
12151
16465
14663
12650
12630
13966
22676
12536
16382
14690
13324
14278
13370
11427
24200
12574
21831
14130
13699
24340
15720
16947
12853
18226
17272
14041
15647
15785
20894
23945
15340
13480
9732
14947
11074
21502
11626
17095
11820
15421
17189
14867
16055
17759
14854
18418
15765
12375
14686
13218
18573
16391
14670
14615
17404
11001
14319
18230
14254
23400
14736
19003
22294
12765
14313
16140
15731
16195
17680
22930
15107
17931
16551
15435
12850
14252
16903
12579
14484
15683
15596
25415
15291
14924
19471
13785
13984
14811
13749
21105
14648
17589
11172
12495
10375
12587
10835
14345
18990
17771
12710
13592
14443
11898
11088
14305
13135
16518
14649
11303
11804
11736
13883
13357
14851
15434
12380
14659
15790
15776
12029
13512
13721
17268
16027
19239
14965
10465
12020
15012
15273
13176
13605
11679
13540
14538
11309
15994
23187
11963
12636
10499
11788
10361
11633
13044
34607
11009
11405
15255
22327
12718
13731
11528
15591
10312
17489
11742
14753
10349
14543
10079
21132
8327
8344
8336
10449
8379
10039
8375
10932
8426
12709
8467
8470
8427
8446
8481
8535
8520
8506
8526
8862
8611
8619
8745
8707
8726
8689
8804
8775
8702
8778
8959
8947
8916
8790
8837
8923
8746
9106
8871
8849
8944
8948
9211
9026
9148
9191
9086
9210
9216
9100
9706
9176
9769
9203
9447
9492
9316
9413
9387
9407
9552
9527
10126
9490
9457
12159
9435
13970
9344
20687
9418
14418
9802
8913
9558
9908
9835
9623
9372
10135
9957
9720
9933
9597
9833
10133
9939
9542
10049
10047
10109
9539
10152
10017
9825
10140
9813
10554
10664
9798
10596
10589
9969
10944
10259
10357
10097
10960
10277
10650
11637
10668
11013
9926
10346
10761
10919
11300
11238
11500
13460
10742
10359
10863
10689
11268
10087
10337
10770
11438
11600
14608
11971
11343
11416
11423
12066
12179
10701
10504
11781
11764
11111
11580
11265
11397
12606
10890
12099
12678
12290
13732
12865
10940
11024
11797
10279
12198
11371
14265
12097
11465
10972
13523
12221
12252
13263
12191
12591
11431
12232
12208
12545
11069
12532
12392
12787
12046
13565
13065
12847
12627
13123
12996
13386
13928
11717
15546
14545
8926
12798
9971
12849
12686
11894
14038
12050
13158
12913
11777
13014
11476
16354
14223
13021
13234
13085
12213
15072
13028
15984
16089
15038
13684
13908
16214
12936
14077
14555
15894
13016
13784
14412
12449
11771
16949
15606
16730
13981
12338
14490
14740
13881
12419
16234
14973
15293
16242
13034
12863
17649
14852
15263
22885
12068
15727
14040
16468
16146
8876
13738
8921
17859
12804
14458
12132
13800
12890
14196
12014
17036
17015
14391
13608
14512
18863
15540
16446
15883
16540
13621
18741
16856
15189
15003
12510
15387
15073
14801
23197
17110
15614
21286
19978
14711
21178
24966
22569
14287
13708
17786
13072
16696
15944
19762
13488
12937
13046
16058
16205
12199
17306
13180
10111
14638
14857
22597
15120
18506
15743
11720
11464
13761
14813
14364
18977
19609
12517
22337
12594
20619
19059
14694
13876
19670
15512
25605
14660
13345
11193
16710
13216
12337
13023
19082
13896
23439
13499
16450
10912
12059
13178
14014
11486
20711
33904
15734
19890
10755
13918
13786
44878
13307
12770
15337
15659
11214
12203
12038
16728
18892
29039
12153
14306
17292
10056
14055
9045
15314
10653
24994
16366
10092
17000
18090
14420
11659
12780
14181
13434
13105
11027
11145
14703
15288
9725
23483
14293
14037
14195
11281
12443
12768
26732
13079
20349
10884
10913
13783
8343
8371
8366
8394
8381
8377
8367
8407
8432
8418
8386
8412
8397
8496
8401
8461
8564
8447
8465
8464
8515
8559
8626
8669
8633
8709
8595
8744
8632
8653
8679
8694
8685
8729
8666
8883
10489
8889
11830
9172
9201
9109
8866
9152
9149
9096
9281
9258
9455
9005
9690
9443
9507
9465
9376
9385
9097
9312
9370
9737
9795
9796
9495
9806
9377
9625
9578
9398
10075
9702
9498
9338
9559
9573
9359
9951
10019
9827
9723
10491
10570
10025
10503
9791
9967
9968
9609
10304
10566
10445
9677
10396
10185
10308
10080
10625
10605
10607
10704
10372
10813
10093
10068
12071
10139
10907
11234
10413
10351
11033
12664
11219
10599
10833
10804
11349
10642
11751
11552
10530
10584
11236
10585
10931
10697
10808
10889
11073
10807
9887
12401
10229
12117
11208
15410
10967
12307
12739
13884
11138
11718
13871
12752
11373
11605
11616
12755
9153
12423
24605
12349
13331
12760
11235
12212
11126
10997
14388
12872
11690
11968
12751
11326
13619
13437
12271
11494
11666
12929
11845
15248
14030
13051
15418
12933
11678
11911
13011
15297
12239
14562
14046
14242
12171
13003
12810
19700
12943
15728
12390
11260
10948
14774
14226
11023
12340
14021
13142
11946
14673
13553
14419
11410
12566
13690
15425
13630
19183
11597
10597
17808
8727
13726
13092
11798
13315
12086
14598
13047
13469
13955
16010
12360
13167
17023
14833
14864
14042
16222
14431
13730
18194
17806
15873
15146
14984
17172
15842
13947
16699
22170
15947
11331
19280
14146
15983
16246
22302
13340
13375
19317
16687
13987
15963
12634
19723
15061
16048
19580
14428
14929
19232
19927
17612
17171
14154
15940
10867
17154
17738
19601
15471
15112
21249
16894
14245
15332
27262
10143
18218
13996
20715
15379
17650
16842
15205
13156
11228
13926
14486
19266
14906
21508
17679
21965
14515
13712
16428
14480
17587
21520
17432
23526
23462
13127
13763
13942
14995
15083
17740
18451
15113
12395
24275
17572
29315
15526
15586
12708
20964
14913
14361
19759
11855
11893
15006
16755
11674
19625
12868
16774
14121
13361
17731
16337
11576
12959
11695
578510
16946
13762
14267
14793
12866
13861
12785
18808
16127
19911
15579
11978
14571
12958
37362
28232
18296
10775
14213
13288
23133
9309
10743
12946
10083
18763
12371
13638
22284
14724
11548
12015
10478
9121
9782
10104
10110
11556
12237
11279
15060
10393
12312
13577
16796
15052
11255
12098
14535
23479
12921
16295
12837
11618
13143
12113
11786
16028
13799
12224
11455
9858
8425
15638
8438
15085
8430
11440
8480
12012
8417
16444
8524
8434
8390
8385
8512
8482
8487
8507
8457
8411
8448
8428
8500
8574
8668
8575
8607
8647
8670
8716
8703
8687
8738
8793
8622
8975
8812
8864
8808
8941
8960
8985
9085
9130
8971
8860
9165
8967
9068
9023
9052
9177
9107
9090
9057
9110
9217
9486
9295
9159
9282
9321
9238
9433
9556
13517
9735
18150
9535
9196
9421
9323
9488
9225
10086
9733
9715
9755
9841
9530
9543
9667
9784
9626
9458
10011
9701
9708
10419
9777
9394
9722
9944
10617
9838
9889
10423
10276
10176
10789
10146
10267
10497
10106
10579
10085
10442
10467
10044
10531
11143
10394
11161
10812
10535
10480
10490
10788
10522
11109
11191
11150
10243
11025
10072
10670
11094
10622
12075
13951
11485
12315
10996
10242
10434
11066
11332
11383
12182
11818
10169
10245
12440
11042
10350
10677
10368
12527
11016
11614
11502
11394
11323
10612
14745
13490
11375
10750
12619
12638
11135
13609
10771
12144
11518
12287
11635
14617
12024
11188
10191
11612
12025
12435
11803
14433
12192
11622
12822
12427
13031
15661
15230
11900
11202
10883
11516
12655
19765
14335
14185
11428
9575
11849
14357
13688
12460
11125
15494
11608
12452
15299
15507
12002
13742
14372
12455
12272
13309
12493
11201
11634
11210
13152
12023
17439
12754
12175
12609
15753
12795
26021
11929
10756
16983
12633
11996
18887
12362
12270
13528
12543
12902
16891
14492
13493
14883
14992
17270
15711
12034
15043
17409
11105
13320
12082
13133
16843
15918
17582
11434
14848
12730
13221
17429
10707
18151
18350
13650
14104
14699
14567
13900
15368
18051
18911
16700
18086
14536
20145
14513
12162
26214
12112
14921
14563
16129
12509
21818
14054
17696
13624
12904
13537
16046
16310
14891
21680
13659
13780
15172
13465
12789
13943
14688
17198
17462
13893
14325
14230
12999
20015
13860
13536
31008
15278
17216
16041
17211
18479
12173
19878
16083
25330
32543
16945
18903
13109
11853
15988
15243
21185
11878
15818
15394
13000
18708
16350
12267
13113
16442
19614
15916
18007
12428
22533
14192
21676
21708
13502
16581
13795
20127
15094
11297
15197
11522
11333
14624
17818
15718
15044
13094
15469
15979
17402
19314
19467
24595
14363
14726
13290
14017
18582
14371
12241
33693
12860
14799
14102
11147
12314
17108
19151
16448
16885
17501
12521
13821
11565
12828
16229
18851
14693
11490
17290
17975
608552
12464
12729
14114
13724
10970
12406
44583
9934
12560
11710
18253
21381
17545
14339
12325
12639
12170
11689
9760
10900
13497
15549
10300
15439
15468
14494
14136
15921
14376
14399
13397
10127
12496
13754
12745
15658
11932
13771
15343
15417
13095
13839
12794
11603
20287
10141
11491
10065
12927
14201
16211
8536
8498
8475
8550
8469
8531
8477
8471
8460
8456
8587
8440
8491
8553
8521
8590
8552
8603
8545
8565
8548
8582
8604
8602
8748
8577
8756
16031
8760
8752
8648
9069
8794
8854
8865
8968
8777
9000
9206
8788
9088
9256
8930
9082
9018
9024
9132
9459
9348
9170
9540
9224
9166
9289
9682
9438
9572
9302
9510
9381
9590
9592
9787
9656
9648
9384
9264
9373
9868
9790
9856
9703
10294
9930
9456
10048
9728
9997
9639
10401
9705
9942
11029
10150
10663
9993
11030
10182
10248
10383
10430
10760
10639
11048
10555
10440
10446
10435
10721
10873
10924
10096
11132
10417
10301
11112
10380
10246
11160
11393
11266
11169
10687
10935
11880
11280
11168
12854
11133
11452
11082
12032
11022
10315
11981
11205
11131
11907
11840
10860
14141
12656
12294
12402
12499
15373
12862
10716
11529
11984
11221
11726
10740
10777
12941
15428
11892
12053
11835
11403
14763
11285
12074
10953
14275
12894
11952
13566
11734
15300
13081
12761
13583
11817
11836
13243
11729
14049
11891
14284
14446
12265
12628
13570
11731
15759
12618
12846
14771
12557
14360
12466
14198
14358
14941
12090
13843
13110
21235
16074
17344
15026
15316
12028
15207
14272
12674
12008
14327
15132
13980
12723
14969
20973
14696
12061
11435
11469
13790
15011
15123
11418
15130
21462
14379
15703
16032
115930
16252
14463
14018
15371
13954
13560
18933
16341
19031
11758
15716
14963
13822
14978
18357
12859
18674
15524
17475
14006
20298
11958
16474
13752
21400
27783
13968
14860
22927
16742
15617
12333
18976
22031
19532
14499
15217
12588
15518
14483
15448
19836
13962
14802
23537
23613
15441
15889
13426
17736
13610
14023
11054
16594
16461
14240
69303
15481
13491
17423
17158
17860
14527
16568
19200
65598
19945
16108
34838
15788
18004
14627
14959
16739
15423
25521
17109
13330
13368
16064
12987
11976
14270
19292
12711
13654
13994
14187
14632
21014
12879
14685
15296
15705
15287
12988
16406
12772
11922
14190
11746
11264
13001
28969
11032
9842
15806
12275
13407
11863
14003
12702
14644
11813
14559
26629
12035
13193
13474
12762
14300
18966
10848
14263
10930
11128
13442
15868
10302
14886
13277
15615
14352
9846
12652
15119
13633
14887
14642
11663
24121
14790
12688
16367
11316
13258
13226
14160
11648
13275
10517
12160
11499
10098
16840
9748
18187
20150
12467
11362
15595
16532
8530
8502
8597
8567
8517
8615
8618
8655
8580
8598
8538
8767
8641
8630
8662
8704
8684
8680
8634
8628
8589
8661
8732
8652
8609
8834
8682
8733
8757
8660
8708
8747
8821
8801
8806
9078
8958
8838
9004
8938
9019
9202
9012
8868
9036
8996
9059
9016
9249
9047
9261
9060
9050
10142
9598
9844
9355
9440
9260
9508
9865
9461
9673
9676
9503
10119
10232
9876
9599
9820
10437
10172
9497
9628
9801
10719
10166
10134
9946
9882
9956
10564
10249
9814
9637
9949
10399
10163
10284
9985
10405
10655
11613
10091
10365
11041
9752
10058
10296
10762
10892
10700
10679
10975
10443
10376
11551
11361
10819
10630
11252
10575
11230
11617
11670
10533
12657
12005
10971
11475
10690
11961
11921
11118
11059
11512
12240
12463
11644
10606
12445
12377
11843
10921
12492
11655
10979
12156
10344
11222
12309
12960
13162
10586
11760
10964
12047
11413
13362
12968
10869
12829
12607
11363
11897
13503
13457
11986
11903
14575
12357
12298
13303
12330
11939
12358
11950
12653
11668
12541
13207
11319
13297
13550
11630
11243
13443
13367
13119
13935
13847
12051
11558
12922
16837
13250
12578
12648
13394
13927
12803
13872
14326
13824
15794
14149
12876
16329
12564
11575
14830
12540
12454
15456
13929
13648
25988
15810
13745
14159
13209
11408
12882
15552
14354
16021
13251
13181
20985
15096
17989
19380
14522
12150
18066
16904
14502
16638
14239
17075
15646
15770
16418
19505
12722
13039
13441
20942
19846
16721
13280
15557
19245
13308
13009
14078
16029
15045
15974
10955
15562
20169
14814
15247
23132
15607
23920
12586
14988
14764
16174
15487
18611
27868
14879
13366
13569
14596
15483
17380
12744
18320
14182
12759
27809
13115
15354
15017
9855
14876
15902
20423
15356
13257
20024
19970
12891
13734
20304
14609
21461
14517
15324
16564
16569
13634
16258
15476
16858
21949
17943
19025
12695
15567
24148
15729
19638
13766
11602
11546
11039
16787
12447
13774
11154
14616
17390
29593
13743
17647
15848
15076
14530
13005
13104
11641
13015
14127
11119
11833
18864
14641
10074
13677
11859
16063
14859
13704
11768
11865
15192
10439
