13738
13831
13255
14727
10725
17921
22065
15037
12923
10987
14680
15876
11551
20948
16335
15607
12632
19952
21680
15210
12149
12180
17179
19393
17779
19601
16462
27352
14398
18162
21508
12814
14825
16712
17485
20173
14353
14869
15241
16612
11064
13522
14927
15106
16766
13265
15044
12304
16122
14574
17210
17475
13905
14531
22984
21261
16507
9934
17456
18176
17791
13465
25572
18350
21549
15944
15659
12185
23479
15893
14715
10667
12231
12921
14079
14323
16945
14042
12689
14433
12298
12896
13080
14763
22448
17334
17564
15391
14712
34607
12940
15442
14559
14955
12072
23357
10955
12493
13641
13821
14600
14616
11074
12868
22544
15453
12034
21676
16186
10303
16844
18976
13716
21819
12252
10703
14048
13024
16544
14405
13094
13943
11506
13139
18301
28876
16681
12955
10424
13085
13345
18927
15916
12649
15222
14006
16329
13170
13644
18977
19684
13834
20423
10167
17717
19395
10605
32552
21784
13751
11503
11121
11181
13900
13726
15625
19025
15852
20015
15484
16720
17839
26440
13858
20319
19067
12395
15499
20061
29903
10140
21212
17404
10020
14934
11728
16970
15226
9862
12480
13197
15477
14421
10666
15177
14979
13725
13059
13717
15035
12130
13332
14788
13274
12201
12641
19909
15330
21317
12710
14315
13007
12431
12937
13527
10085
9900
11400
15456
13608
19747
11404
16086
16621
11166
15794
16517
20869
11760
15790
12972
12004
9368
19978
21870
18133
16007
17461
16041
15989
17857
19846
17290
22256
17306
16284
19115
13030
11591
18225
20947
15938
12693
12126
10553
13658
14300
15727
16309
19545
15382
10551
13569
15747
20239
17025
12630
11123
15651
12554
13931
13223
14552
25521
14741
15606
13627
12891
10475
18039
17489
13993
18256
16946
11826
10139
13596
15322
15504
11732
17734
13111
15990
20681
21021
11636
15458
13239
12900
20179
14401
14923
13198
29036
17244
17561
15886
14951
17289
13964
10691
17128
16629
18005
17660
18966
15271
14400
15021
26761
13375
17492
19614
14801
10476
14551
12507
12248
17716
17875
20427
15286
14176
18235
17740
14974
15737
16728
14033
15011
18475
13848
21093
14312
13936
15663
15017
11455
12410
14972
9359
19082
19685
23917
14049
19973
15427
9689
20417
18407
12409
11997
14527
26073
13306
10129
13028
13744
14453
18662
19397
10196
27262
16336
17685
11597
11664
15166
22676
21117
12577
15378
12918
13442
25632
15646
11176
13590
14460
13896
13469
21705
30836
14523
17725
20961
11727
10064
16492
10845
15598
12730
19300
13051
13166
18692
17818
16739
9364
16696
12676
12936
9317
17741
13363
13800
9705
12326
12690
20257
14297
14275
13102
15975
12317
19676
14086
15121
15347
15143
14499
10011
20820
13161
16058
19117
12423
17036
15293
13396
18952
11842
14117
24257
14644
17163
16102
12550
24714
17709
15489
15193
15069
14693
14163
15372
13005
14910
16056
14860
13488
9751
9079
21818
15836
23161
27779
12384
25247
11544
12438
13489
12755
12939
12660
14037
15715
12785
14646
11311
16976
15506
19246
12893
13283
11820
26214
16319
13973
11235
17197
13409
20583
16302
19569
12546
12186
14921
13099
9765
13222
14578
15314
15656
14148
12832
10438
12747
18838
14999
20267
15221
12712
15546
11387
11285
13812
15650
13832
10143
13073
11709
21090
12324
13072
10813
13147
13740
13925
10234
12511
26472
17680
14858
9399
14941
11838
12181
13771
13593
10831
11932
13079
10370
10308
10426
12760
12872
13667
10883
10884
10460
12028
12799
14341
17037
12474
17426
10526
15652
11837
13467
12481
14085
15961
19813
15468
18345
16827
12623
16160
14873
18194
13629
15658
12314
14273
12394
17816
17928
13957
12680
15399
13605
20177
14016
18320
15490
18112
16525
16158
10039
17629
12552
16230
18400
12634
12740
15617
16800
19580
11096
18207
16477
23948
15870
17742
17225
10313
16293
20089
14775
15358
10681
16637
13881
14935
13932
15947
23029
12980
13755
13462
16083
12841
12046
14183
13908
13691
12863
13254
14021
11069
10885
12224
18764
18405
17117
20470
15302
17380
19670
45286
33277
17186
12977
15244
21831
11044
16357
16213
15092
13997
12049
14848
15552
13922
10711
27783
10529
18080
23393
13181
14333
15237
16162
12584
16031
22518
10722
9579
13895
17274
29484
17370
18957
14418
14933
13774
16628
16812
14034
14561
16643
16719
21700
9768
12873
11424
13011
13570
13512
16761
9354
11700
13701
15781
13680
15448
9951
9514
9031
8939
8824
17793
11054
11537
12503
9122
13123
10984
11260
15638
9764
17873
14847
9580
12455
14456
9717
10637
12339
9670
11142
13626
9072
10360
8657
16000
12106
12819
13233
14383
9092
15854
19437
14611
10272
12585
8698
12355
14494
9549
14701
13229
12860
21462
17438
15091
12827
21366
13112
9754
19757
18374
11386
12076
12766
11593
16228
14306
11844
11154
12350
33904
19825
18414
11038
9888
12648
13246
14740
9519
9013
12302
13935
13365
15062
11634
12025
14896
10323
17682
18187
11863
9401
11103
14854
8642
9769
16595
12942
22459
13977
10182
9169
17607
15862
8893
16045
14780
17931
12664
9053
11812
9351
13698
10225
9282
9742
13259
19032
11511
10568
8888
13212
9463
12197
10797
15648
13119
11095
11486
12360
9346
31088
17246
8978
9277
21628
10610
11254
14129
9828
13025
11599
12358
20910
10793
17693
9643
10425
14956
9481
18167
13483
11160
12172
11735
9825
9043
8606
13183
17437
8881
15139
9249
9433
13277
14831
16079
15090
14147
12951
14928
12237
13915
16867
11867
10165
11131
18253
10866
16029
12650
15776
11797
18674
17867
12487
8898
9036
11704
14762
16694
10668
13772
9540
19659
18963
13587
16411
9147
10573
8732
19956
9606
13331
24117
14319
8868
10914
10523
17998
11788
15207
11948
18488
10913
9533
8705
15858
11670
11532
14936
13694
8886
15621
9208
9759
10035
19078
9275
12012
9918
11505
18887
13988
17260
14375
11825
10996
14533
12467
10811
16528
11752
12143
14098
14676
8807
24159
9197
13678
13129
16221
15497
16217
11543
14852
9953
14668
10893
11031
12618
10892
10776
15927
14271
11497
17099
22481
10705
11119
11050
19467
9094
12567
14498
12589
14705
11691
11392
11737
8839
9000
11530
16145
8976
9137
11805
11161
9872
18911
9250
12631
13781
9272
14700
8720
12653
12238
12513
10948
14283
12184
13455
26257
15709
12603
10556
10739
9957
8829
16600
18719
14463
17452
11771
12645
8895
8596
11195
13219
11862
14345
27407
20274
9238
9123
9007
14322
12045
9604
9603
12777
11052
14023
13293
13649
12290
14590
10151
13347
9046
13485
15094
13461
9366
8883
11298
10608
9021
11045
13529
9411
8721
15574
13817
11572
10468
10606
14606
10947
14939
9704
11567
8714
11635
13958
11887
17407
13956
11978
8826
13776
12574
12734
12642
13423
11376
17030
11881
11306
8822
9995
16418
17490
9269
15260
9662
9409
24963
18866
9710
12839
16054
8724
16820
8793
9622
12038
10636
14454
12787
11729
13494
10808
8715
8761
9312
12279
12968
11954
9078
11055
10756
9330
15544
8682
10361
11350
12021
10958
14546
12145
10336
18753
10128
12750
14014
15026
13140
15955
11529
12196
10701
9551
8746
11804
8583
14321
9939
11938
12973
12696
16879
14904
12280
18023
16397
19628
18565
15291
8919
9999
8987
14391
15116
8823
11606
8638
9305
12133
11396
24074
15535
8611
9991
9416
13026
11393
14793
13666
10721
9065
12193
8858
9708
15409
16825
8856
12167
18439
17585
8646
11427
12277
11127
8804
8781
10989
12850
11286
11677
8848
8963
9376
11307
20515
14316
8980
9117
10817
10401
22246
8767
11526
11522
8994
10971
9981
14903
15545
16372
12002
11908
10826
8687
11999
10753
8958
11349
14684
12520
20929
12288
15128
11758
14265
9089
13137
9917
12332
13435
9130
8852
9032
11491
8960
8730
9649
11257
10428
12429
9691
12037
12013
12081
12560
16699
13065
9015
12461
8734
8688
11815
14694
9143
11462
9943
13323
10377
10773
10854
8690
13116
14138
13243
15406
13565
10897
9240
8802
13100
9534
10016
8723
10654
13736
13873
9088
13385
9839
19555
11813
12250
12203
11099
9142
11326
12266
9642
11113
14654
13182
10118
14669
11403
10083
12566
9507
8678
8907
16774
8607
8652
10239
12879
11452
14051
10531
9353
12619
8841
8623
11217
12016
10957
12357
11205
9980
9702
12544
17912
10343
11165
15355
10406
11208
10978
8884
8560
11546
10671
8875
10598
8617
9697
12157
11212
12036
8813
11801
11915
12553
9952
11329
9672
11027
12954
14492
13615
10141
10366
11722
12917
10661
10221
12127
10310
11733
11158
11520
11819
8843
11274
9866
10806
9144
11809
10404
10219
10928
12804
13490
13135
10392
11633
11287
13443
13120
10886
8928
12006
11288
15073
10015
11139
11172
10044
10037
11203
11707
10901
9944
12148
11411
9548
10367
13279
10493
10604
10350
10413
10217
10494
9222
9535
9213
9459
13892
11167
9349
10576
14185
9973
11276
10855
9634
9816
11302
10243
12058
9355
11136
10156
10730
9413
10558
9841
10521
10120
10596
10433
9971
9669
10712
9738
10008
10720
9658
11835
9112
11047
11310
9857
10487
9146
8709
10609
9824
9635
9494
9881
9964
9770
9394
9273
10137
10013
9371
10812
10282
9730
9587
10228
9923
9597
9452
10145
8731
10132
10076
9607
10190
8964
9336
9242
9365
9175
9342
9489
9244
9145
9083
9120
8990
8797
8706
15096
11521
18717
8610
14751
16229
8701
10794
13501
16155
10379
13106
8815
13898
16864
10586
11643
9228
13575
12608
13342
10469
14172
9686
11273
11250
9800
12215
12330
15297
11686
12289
16906
14503
13479
9545
14605
17686
17658
8969
9360
16858
10211
12211
12671
11153
8644
12829
15428
14553
11516
11723
8986
16026
12803
11676
22767
11256
13962
10112
14206
11888
9261
14887
11951
9996
18459
13422
12041
8890
11765
13421
13338
12225
14525
10321
8912
13604
9050
8842
12729
10544
8773
10612
19575
15925
10014
11946
16339
17604
13924
17397
10289
12221
13946
9207
8770
10357
14795
13553
10356
13645
12702
9113
11689
12402
11114
15507
8561
14039
10125
8768
10124
14624
14562
13815
19413
14566
15826
15872
17176
14767
18401
9638
21667
13985
13502
14932
11799
13416
17624
12971
16444
21461
18376
8854
12970
11613
11475
32232
16051
9886
8552
8598
18626
10368
9126
13495
11931
12805
13679
11839
11126
10436
12436
11102
9055
11423
10342
13101
8869
14071
8938
12393
9074
15213
14501
11188
8750
17070
10935
11855
9141
9853
8933
24595
9760
13187
9898
14068
10771
12496
9552
11921
13162
8677
9827
9504
8538
16059
12079
16963
16047
8835
11963
23462
17810
10950
23032
9776
13052
16647
13384
12351
14718
13291
13682
9334
14026
10829
12346
12391
9654
17336
11655
8940
14736
11976
15288
14879
9030
22199
9788
9236
12985
18826
8889
11580
12753
19003
16571
15306
17094
15112
12683
15694
14637
23537
11300
12070
11000
9090
10585
13713
11137
9136
9296
8859
12263
13919
14309
14778
14096
15993
12030
13847
17205
10880
10580
11936
10188
8853
16927
13361
10187
11359
15360
11680
14118
10224
11886
12621
15081
9009
10641
14022
14850
19778
13584
16252
12682
18470
17954
13285
9490
13859
10386
11582
10248
8707
12042
9350
12271
12915
10822
9901
8659
16018
9992
14823
16730
9990
12949
15029
14589
8862
14198
19625
9022
13253
14472
14863
11436
14816
12102
10952
8950
16663
8972
15434
12978
11890
8601
10694
20906
9451
11428
17638
17477
13636
21952
9472
9403
11840
15359
13978
11009
12320
16150
10962
9099
9950
13951
48981
13835
8982
12846
14948
15605
13305
14954
8979
16960
13579
13625
11669
10173
11185
12887
11644
8585
20382
9595
19266
11595
11985
10421
14031
12306
13884
20701
17917
13984
9246
16303
8831
13316
14005
18091
11336
25256
12989
8849
12967
10114
14575
11998
10480
15287
8984
16137
9306
9166
49477
11271
14393
12080
9320
10171
19443
12497
11279
9486
11672
8544
16741
12109
10648
12878
8554
9612
11589
10899
12739
20605
13955
9929
12719
14482
9974
11104
15678
10915
9004
12040
10982
10614
14064
12452
10335
12060
14382
11944
13324
9713
11299
8516
17782
10147
10676
8697
11687
14285
11088
12376
12282
11223
8647
10623
16543
18483
14647
20718
12413
19208
12847
9258
16940
12018
15416
11994
13948
13143
10749
13348
8771
11024
12363
10863
12311
12817
11252
9182
14702
8814
14357
13920
10100
9042
20303
9869
13088
11937
12328
12557
15224
13058
13449
12902
16017
11605
13168
8867
10107
19283
11531
8909
11991
9345
8861
11713
10194
11067
12677
12515
10997
12031
10536
11479
17711
16008
8784
10898
10299
17845
9927
9903
17769
10846
11995
9879
8934
13533
11025
11806
8562
11021
12999
10170
9271
10559
18002
10615
10255
10025
8803
14047
11264
22189
11218
16001
11216
11466
8752
11305
11073
10611
12749
11093
10656
11504
8812
13320
10652
20717
8670
13660
10784
14577
10758
11309
12596
12504
9168
10593
10708
12110
8589
13303
12843
12428
8675
9410
13203
16584
11615
12463
8737
13083
9493
8779
13954
12044
24047
8911
13001
10930
11459
10537
13090
11249
9731
11408
10830
9795
12532
10645
10734
11101
12662
8935
9969
11026
11990
11989
13046
11480
10214
15204
12969
18710
11906
12434
17172
10429
9785
11347
11186
17297
11106
12024
9492
10550
10871
11814
10848
11028
9464
10819
9873
10747
9896
13092
9434
11638
13523
13748
13653
11327
12499
13394
8791
10354
12558
10394
13015
13588
11467
10245
9209
11138
11665
10927
14628
10763
10922
9833
11558
30162
10130
17436
10557
10189
11017
12232
10736
11512
8820
10729
11051
10096
10944
11196
10919
10390
11332
12340
11049
10172
12442
10417
9979
10240
16330
9314
11245
11053
10501
9442
10408
9184
11714
14242
14416
10411
11743
11969
10587
10309
10860
8753
10432
9925
11164
10326
10347
9311
10823
10912
10324
10577
10092
11120
9832
10055
11775
9449
9909
11144
10624
9721
11397
10956
9091
9733
9801
9104
10966
10750
10422
14947
13248
9038
10597
9347
9848
9520
10060
10517
10698
10489
10572
9367
10241
10527
11628
11303
10174
9227
9712
10181
9262
9190
10626
9876
9967
10278
9585
9904
9369
9420
9680
8894
9946
10506
9625
10200
10261
9663
9412
10464
9469
9675
9711
9322
9550
9671
9506
9656
9650
10180
9755
8900
9945
9693
9812
9374
9193
9157
9150
9056
9070
9341
9382
9023
9037
8769
8836
8975
8874
13081
9861
8941
8503
8618
12297
13585
17010
11352
14181
8636
12062
16063
12612
12405
8631
11621
14335
16428
9505
14564
11827
9066
11895
9501
18543
11525
12950
21046
9453
12604
8739
8738
9152
12647
11865
9887
14027
10622
12151
16532
13357
8918
11470
17657
19611
17655
9029
9328
23392
9051
11190
10201
11649
8774
8475
13581
11741
9555
15119
9162
13624
8586
12655
11849
8491
9455
9892
12007
11568
11268
8921
14073
10093
11448
11586
12620
9215
10365
11446
10847
15010
12572
12779
9214
10387
11858
11328
20827
11535
15042
14799
9026
10175
8887
14591
11647
12842
9737
8794
12335
11001
15669
12909
8700
8469
11918
12884
12907
10998
11619
12813
9018
14699
12974
22885
10787
19620
11083
11541
8850
21832
11860
14213
16840
8798
15672
10451
12245
9392
12105
10678
9252
18752
13251
14101
10304
10643
8662
8776
11719
9212
14594
11259
18435
8498
11534
12591
13350
11509
11830
20798
8630
13068
8537
12124
10330
15917
14859
13548
13731
8578
8531
10072
11337
8599
10530
14141
10461
8988
13656
9470
9653
8664
13355
16987
11651
11627
12477
10798
8910
14659
11071
10932
13875
13186
10724
10378
11573
13389
17023
12492
14884
12283
12512
11637
10463
10877
8760
12301
13911
19367
8942
12069
15059
9815
15816
9905
8616
9628
8546
8637
11006
8728
12086
12293
13603
14576
8748
10910
8955
10082
14888
11576
10127
10702
9596
10976
9067
9871
13803
10215
12101
8904
12421
12322
14478
9337
11683
11751
11125
9834
13445
12800
11373
10177
11850
14046
17113
10279
8572
10297
13149
11514
12227
12316
12425
19158
14144
12254
12484
11793
10205
8733
11562
8870
11445
8754
8569
10363
9787
10246
12315
17444
8563
8654
12792
13145
12788
8624
13727
12274
10731
8592
10821
9831
11346
9756
10929
14352
11358
12856
12182
11189
11787
13096
8450
10242
11366
10372
10504
10043
10985
12065
8477
11443
15165
9575
8954
8447
9779
8927
8559
11731
12628
10395
12624
11312
9288
11768
12067
9421
11974
8545
10338
12247
11832
11324
10264
10333
10953
10677
11942
10353
9605
16182
10153
8542
10427
9024
10496
12198
10840
11391
9911
11864
11242
11192
11029
10865
11187
9600
8515
9894
12488
10717
10209
8620
10688
11442
10774
10263
9573
9158
16236
10693
10162
11354
8226
8533
12129
12112
10226
10373
12116
9131
11266
10890
9323
21799
8206
8740
9048
14989
12880
14145
11351
9982
8671
13156
10951
13559
10591
11880
12019
12535
17251
11170
8349
12982
8626
15558
15871
14683
8785
15421
9430
8763
9728
8924
10603
12490
14324
12267
8194
10166
14470
15180
8214
9154
14230
8487
8832
16365
17375
8855
13602
8902
9626
11891
10467
12235
10111
10488
10675
16077
8946
8726
18179
18805
8669
11774
16949
15828
9397
13639
15205
14237
8243
11215
9655
8234
12713
16560
13256
8510
16214
9870
9128
8625
9884
10878
8326
15547
16784
14513
10532
12614
14372
9850
8926
12857
25049
15203
9153
18138
8786
9101
12420
8704
8944
8727
9047
11086
11784
10212
11929
8702
11224
14807
10837
16583
9636
23190
20551
14657
9775
11066
11845
11232
9418
16197
10584
12701
9955
13460
10810
14371
9383
10216
8809
11500
14620
11571
22043
9270
14629
11293
9913
14746
13685
11973
11237
8970
10049
10718
14833
13133
14812
10291
11152
11871
8915
9567
10782
13699
12656
15801
9890
18610
12341
10305
16241
8257
12514
9666
9315
8602
15567
9637
18331
13616
14720
10781
9584
8372
8211
11625
13018
11109
20005
9062
17516
9936
10203
11094
10146
8717
9836
13432
8418
12136
11897
9761
8303
15842
8553
8221
17559
10660
9135
9752
12270
13317
8674
20037
13318
17495
8648
9221
9844
11348
20263
8947
13411
9338
12786
12096
8622
11523
10738
12992
32543
8441
22451
12001
13795
15120
12300
14188
9274
12092
16181
11180
11631
12539
10594
10534
17026
12229
12508
9621
18501
10999
14526
15133
9522
13865
9375
20024
8708
15738
10311
11583
9384
19280
8878
9867
8280
11145
17015
12759
9556
8395
10375
9177
10542
8863
9790
15034
14900
12337
10063
17646
12794
9804
16568
8629
8204
11454
8973
16280
9223
17434
10581
10742
14192
9966
9661
13643
17902
12281
11660
8694
15316
9817
8713
13173
16683
12439
9285
10251
11147
13447
12205
16542
8192
8892
11155
14267
8901
23709
8464
15892
9292
8497
9859
9868
9924
8421
9509
12161
16853
10002
11980
10625
12627
11808
9361
11056
16391
11075
9851
13114
11696
10235
10135
10945
9780
8207
14130
17204
9499
12375
16461
9044
12163
8685
10765
10075
10949
9592
13042
12008
13854
9528
14464
28986
10437
17217
16887
10423
15919
21872
13521
10639
9017
10144
11110
14491
8649
12790
8493
9799
13578
9040
9970
9106
11169
13321
9615
18004
12576
8396
21590
10503
11517
8633
10292
10627
11992
12449
10673
14100
12657
10905
15325
17318
9408
15040
9908
10991
11353
9583
15352
14555
10306
12812
14081
14809
10692
11699
13711
9304
8695
13741
11133
11501
11033
8304
8200
11697
9390
17588
14963
12920
10293
13486
12836
12894
12611
8595
11432
9826
8916
14095
9722
9822
8373
13790
8992
14133
9362
9753
12892
8557
14054
11220
8833
14703
8573
8281
11262
15367
10732
8501
10616
14821
15595
11662
8419
11879
10236
16781
10105
13184
8564
16175
14542
26629
14127
8465
23197
17136
17250
12352
9358
17249
12155
9160
11080
10284
22523
13761
8667
16891
13215
11885
12093
12941
13103
10857
11913
9385
13500
8213
14908
22302
8641
10499
8351
8209
10051
17333
12123
9319
13400
15172
22327
15911
8834
10362
14891
11115
9161
8830
9949
8765
8514
14791
10247
12778
12922
20107
21685
9914
9639
8535
12367
9133
13647
11502
9569
9659
10070
14967
11046
8205
13041
13003
13517
8778
9454
8328
14902
25998
19664
11893
11253
10528
14773
15643
8899
11754
10089
8718
8581
22979
13505
8997
9847
12135
20619
9919
15031
10746
9856
15664
9883
10081
9149
10595
26140
14128
8196
9363
10136
20825
10659
8259
11272
9276
14610
9685
8500
15585
13428
9715
9725
11547
15583
12905
12965
10761
12606
13175
10352
14032
9432
14205
10904
19295
10168
8374
8650
11484
16223
13022
17003
11367
9260
9340
11824
10525
8208
8282
19862
8719
15688
9907
12831
10007
10920
8627
8197
17580
10620
8742
16468
11410
15228
11668
11685
11698
9087
10516
8789
15613
9423
10183
13196
11831
21382
8597
8439
10485
20834
9286
13498
10964
10647
21041
10148
16515
20749
17125
8936
12527
8523
16654
16392
13153
8466
8782
18113
12385
11157
17252
10444
19022
8897
22889
19065
17095
14674
10802
12077
13929
11922
11927
11226
9076
13940
17331
10994
14080
9167
21421
8504
8473
9203
8443
8195
18949
9264
11447
15337
11019
8903
13836
9248
10579
9521
13273
12995
9488
16885
10513
9897
10491
12721
9544
11748
16682
9457
8558
8193
8442
8998
12345
10281
13580
10723
11740
11554
18380
15965
9471
9298
14538
12534
9295
13746
9181
16351
8965
10788
9450
19589
14396
9938
11129
19327
8236
8949
12848
13319
21506
9205
9523
9681
8476
9019
18177
15327
8800
11822
22569
9559
9265
11405
9915
14354
9570
9961
17502
9846
9318
10768
10042
12399
9441
9644
10995
9877
13550
11540
9163
9156
9086
9343
9301
8202
8857
10345
18195
26792
9437
8914
22238
8524
9179
11778
18671
8422
9531
25067
11464
15563
23772
9473
11201
10921
9041
14587
9524
11042
12309
9057
10752
11409
22006
13986
16725
10733
8780
10972
10683
9230
14399
9958
9294
14942
10533
9496
8981
11315
11369
23439
21502
10583
17447
8805
14842
9749
20287
9064
11667
8212
8788
11199
14446
11565
12217
15170
23964
11270
14737
8305
12852
12213
10286
9173
12914
11037
17009
11370
14331
17583
9629
15571
8512
10402
10018
10069
9984
9560
10686
10519
13539
8716
17253
14058
13650
12146
15540
8420
12659
9095
12668
9616
9049
9821
8397
14672
20863
25765
17457
9110
14053
8604
10918
8489
14069
17892
11616
12845
19668
8880
19854
9484
12085
9206
9572
11318
12195
8198
10332
11632
14422
20422
11789
8210
11269
9447
13487
17594
10034
9684
14412
8787
18680
8201
9530
11377
9477
18695
9348
10650
24517
10696
10122
16795
15557
10535
16916
8199
9676
9438
13909
12308
10259
13598
8612
15135
12976
12731
9845
13633
11642
10328
9293
9118
8693
9224
12568
14675
25382
10331
18282
10061
9502
13148
12200
12323
10149
13509
10851
8603
11150
10300
13202
9960
12764
17771
14536
16446
10295
9546
8203
13188
17679
11716
11156
8350
10638
10800
16596
19290
8615
16652
9983
10664
13507
13152
11210
10260
9823
14010
11478
19363
9001
8879
11304
9786
17965
9247
10466
8534
8810
8327
9132
12121
12565
11457
10770
8971
16717
10642
8799
11791
14634
10665
12745
11308
8258
10316
10926
11869
9063
10895
8488
9718
9937
13077
8741
10041
8235
10238
11179
12675
8580
8530
13870
18573
9739
9084
13883
8840
25124
11227
8621
13157
12295
12491
8218
8225
8216
8231
8224
8219
8217
8223
8220
8227
8232
8230
8215
9109
8229
8233
8222
8237
8244
8248
8228
8276
9200
8239
8249
8246
8238
8247
8254
8272
8242
8274
8283
8260
8268
8251
8269
8253
8297
8245
8241
8292
8270
8252
8278
8301
8267
8816
8250
9202
8279
9339
8293
8275
8313
8266
9400
9239
9176
8240
8264
8290
8256
8287
8273
8827
8262
8294
8298
8299
8284
8263
8296
8388
8310
8277
8255
9706
9885
8666
8300
8302
8285
8265
9593
9796
8289
8288
8291
8318
9291
9562
8362
8386
8261
8338
8271
9594
8317
8321
8363
9491
8341
9219
8991
8325
8308
9217
8323
9187
9842
9316
10398
8384
9719
8365
9225
8309
8314
9241
11134
9558
12054
8306
8315
8343
9747
8324
8556
8511
9279
8431
9698
8387
10296
8368
9589
9797
9778
8307
8360
8295
8345
9633
9771
10835
8480
9446
9565
9220
8331
8332
8312
8358
10695
9916
9512
8393
10329
8357
9329
10023
8438
10741
8377
8334
8319
8412
8482
9726
15962
9683
9178
10858
8359
10294
9283
8413
8344
8346
8579
13388
9777
9251
8335
9189
8411
8434
8757
10737
10302
10119
9590
11317
12882
8375
8286
8425
8407
8821
9743
10391
10047
8484
9818
12903
14191
8333
10382
8316
10110
8409
10617
10161
9956
10117
8347
8509
11477
10098
9598
8337
8499
10569
8432
10502
9171
9425
10001
8370
9060
11316
11363
14745
10789
12767
8336
8342
8389
10252
8322
8506
11959
12259
10629
9577
9855
9994
10086
8528
8811
8402
8427
8406
9444
10088
8433
8320
9723
10874
8414
11364
8673
8403
8311
8451
8613
8430
10317
8571
8463
9645
8339
8408
10019
8456
12369
8391
11015
8945
8485
8600
8440
9199
10764
13662
9729
11847
15113
12377
10169
8329
8651
8352
11112
8772
11003
8405
8474
8429
11258
10456
8366
10022
8551
12899
8415
9014
12855
11108
11821
13087
10029
14376
9709
8448
10658
9557
8522
8455
8847
8550
8462
8417
11385
10582
11802
9571
8423
8379
9716
10844
9372
10017
8410
11861
8367
8505
8371
8394
9591
8993
12261
15441
9962
8376
8494
10842
8404
9302
8957
9763
8478
9561
8710
9631
11057
8574
12139
10783
12255
9614
10374
12583
10054
8587
8348
8416
8369
8436
8549
10872
9814
8548
8961
8591
8521
10889
8381
11796
10834
13822
12398
13297
8398
9525
8743
8582
8399
8470
8747
8382
8383
10891
10524
8340
10274
10458
8457
8435
10160
8758
8643
10257
9843
13110
11710
10697
11365
8952
10104
13074
10843
14154
8590
10040
8361
8453
8570
10663
8985
8364
8459
17608
11198
8577
11854
10005
15823
11063
10213
9431
9155
9386
14423
8444
8330
8446
8424
8356
8632
9829
11600
11510
9878
8568
10801
10778
8755
9539
8458
8527
8665
10483
8460
8437
10600
9497
10601
12695
10672
20731
12374
10833
12789
11777
11524
11800
8948
12720
16438
17104
13387
14252
13457
21438
13871
11640
8467
8605
8513
8354
9734
8471
8609
8380
8428
10431
12478
10777
12502
11950
8684
11490
10344
8711
10735
9586
8483
11750
10992
9476
12305
9016
15341
10121
10719
12697
15894
18516
12053
8764
35485
8925
13134
9617
8766
8468
8378
8355
8539
8930
8517
8426
8449
8634
12154
8658
9532
8452
8983
8385
8454
9720
11100
8639
11538
8594
11010
8526
14920
13426
10276
9609
8896
8645
8461
8576
10393
10256
9819
10440
8922
14122
12052
9707
13272
10052
14238
14262
12489
12652
14722
13595
11135
11089
12285
8353
8445
8401
9093
11485
8795
8680
9485
8819
8681
9601
9326
10477
8660
9972
8547
8663
13056
9331
9906
8871
10849
11654
9194
11770
13450
8529
12807
11059
9427
9243
8507
13176
10026
10969
11498
11499
8762
11247
13938
9085
11684
9039
12397
9568
12673
11132
30028
16975
18265
11202
11916
11295
14607
8696
11111
8490
8628
12239
8536
8722
9941
8608
9344
8540
8472
9576
10841
10473
8588
8703
8565
9255
8796
8614
15928
9052
10065
12342
14528
8962
8801
8502
10319
8525
13194
11930
9837
10619
8390
25350
8712
9932
8759
11197
11957
10186
12187
11107
13177
10993
8486
11476
18802
11339
16170
8672
11892
12904
11225
14077
11294
13167
14982
15527
22197
14643
13066
18034
8996
8400
9803
9599
8495
8541
8817
8656
8496
8520
12913
8543
8567
10315
9327
11213
8661
9766
12020
8686
13379
8825
8756
8619
8481
9033
11402
9380
8575
8920
8668
8392
13941
10371
8968
9290
8508
8692
8532
8808
8555
11614
12166
10142
10924
18874
9798
12214
17781
13364
15066
9201
11939
15750
14377
12169
11755
9732
14631
9985
8492
9757
8792
9115
11116
11278
8679
8518
11853
11762
8519
8566
9185
8908
9003
9564
9235
9398
9081
9352
9321
8967
9395
9119
10133
9860
9993
9928
9688
10053
9696
9458
9417
10981
9148
9428
9784
10509
9736
10644
9582
11381
8937
10873
9912
9581
9954
11097
9811
9792
9674
10762
8479
10131
9695
10006
19860
10134
9813
11040
11703
11020
10446
10453
10552
11380
8891
9541
10917
9640
10010
11194
10208
9440
10457
12427
9210
10348
10791
9422
9657
10036
10963
10184
9456
10080
11560
9468
11313
11482
11783
10068
10545
10709
9930
10816
10827
10448
11738
10249
10785
10744
10443
11964
10814
9482
10590
12179
11564
10875
12625
10445
12103
10820
10896
9772
11406
9889
10038
13430
11062
12542
12114
12686
9933
10825
11584
13732
13043
10539
8635
9307
11275
10195
11325
9809
12757
17060
11151
15573
14052
10908
10727
15259
11515
9105
10970
11182
11734
10632
12243
12451
8725
10543
9465
12991
11060
10973
13393
11601
11441
11971
13541
13864
15407
11222
9727
10073
10856
10882
13214
11421
9377
13356
11338
13249
9988
11692
12170
12861
8689
12556
12098
12997
14170
11342
11415
8977
9121
15906
10902
16607
8745
11690
21949
10058
11533
11673
11214
11816
11912
9020
10102
11623
10337
8729
11450
11130
31008
11594
8744
12059
9874
16710
11444
11284
8593
12988
10965
11679
11896
17589
11221
10578
11384
9107
21891
12284
15735
16242
12448
12032
13599
9114
14588
11231
10909
12726
12268
10384
17192
10983
11767
12388
10435
8736
11105
14949
9498
13963
16513
9111
11851
11575
12083
12590
13833
9647
9947
10385
9880
13031
13146
9789
9445
12688
9102
11657
8966
9794
9267
14193
10772
11430
18885
18793
14264
8790
12265
12472
32853
11301
14959
24436
12454
12961
10799
10339
14549
13122
10916
14909
9767
11473
12486
10486
13546
24340
11248
10861
26456
10931
18635
27081
12773
9139
14284
9002
15420
14270
16204
12663
9926
12249
12733
15425
9746
12440
15936
16301
9500
11870
15060
13690
12011
13138
9849
15692
14289
10403
11072
12593
15131
11378
12521
12945
10607
22170
8877
18968
10925
14766
12144
10028
10351
16287
15691
11852
12152
16677
9623
9830
9027
8844
10454
13376
9443
12756
11078
13310
9998
9080
11012
11005
11658
13362
9245
11362
12313
13663
19321
10560
12331
13136
12401
16955
15346
15830
13369
19785
15052
12382
13877
10497
12912
19309
12775
8640
13632
19014
15126
11425
15036
9332
12140
10853
14119
9474
10441
9108
15410
11559
11065
19139
23532
9503
19370
12746
12033
8653
9229
17189
12419
11200
10900
13224
12602
16527
15683
11773
12026
8943
21031
11795
13661
11449
10713
15612
9284
28782
13516
17699
9005
14226
19171
9211
14961
13200
15028
8749
10197
9407
15824
15593
11694
13204
13756
14907
13481
10974
14365
12286
11620
13966
23826
10562
23258
11183
10103
11483
10862
9965
15405
12473
14796
12956
9921
10381
17043
9762
13373
10084
11764
8683
12851
10937
11650
11191
10271
13721
10250
13547
9125
17215
13245
15982
11682
11360
10095
12349
13154
10210
12665
12191
14441
12674
15619
13802
11663
13882
10077
14838
16931
17141
12815
10033
14886
13159
8999
15324
8655
15624
21926
19245
8885
9116
10933
10864
10795
10312
14406
13238
13808
17535
15741
11371
9646
9188
9257
12569
21053
18918
11926
14134
11904
10869
14296
11146
13676
11261
11077
16130
17518
14162
11472
15635
14366
13497
14901
22376
15223
17103
14151
15132
13315
8923
13754
16032
15588
15390
14724
13758
17852
17486
9895
8584
11996
13856
14487
15278
11782
14497
16271
13440
11440
13165
19168
19031
9256
11718
12983
15356
12638
10522
14018
14662
11419
9648
10155
17613
12202
9373
16250
11375
11030
13427
8845
14159
15922
12204
11721
14642
13124
13722
17211
9100
16151
14430
10091
12828
12230
10828
9172
16714
13611
13842
8828
17154
13359
13221
10439
13061
17270
8691
9566
12901
14630
13568
13453
15983
11935
15808
14811
9820
17572
15156
14029
18065
15328
16721
13778
13825
18433
14883
14239
12262
19253
10030
13720
25295
17621
9479
13939
14447
12561
11141
11987
9963
9940
13367
11792
10285
12953
11965
16565
10447
12078
15655
11390
12494
27873
9781
11759
9574
12984
10495
12128
20145
14015
13325
9922
13904
11209
12635
9415
9439
14545
15994
11004
13914
11211
14385
15375
9487
10936
9741
8913
12946
9259
12272
11536
16745
9651
10227
13792
17610
17905
13217
9216
10803
13126
14906
10108
9263
18026
9309
12525
9010
23721
13981
9700
19314
16466
11725
10000
11817
11173
10046
17264
16325
16529
10967
10716
9058
12048
10968
15014
11291
13683
17156
17508
10555
24654
11084
18997
21718
10510
20304
15374
14857
14443
16744
13571
11776
16606
12131
14168
13594
20687
11857
19459
9232
15366
12699
17368
15896
11941
14653
15575
14471
11481
15230
8906
16193
12386
16367
21736
12426
13829
12633
11207
14318
9483
12424
9529
13670
10818
12735
16431
10244
16040
16069
13258
10268
9694
16639
14862
9234
11925
15711
13606
12043
12986
12066
10479
11016
9008
23659
14160
11239
11952
9308
20854
15058
14207
12667
9378
13380
14540
9608
9310
9379
17648
8864
9082
9159
10288
9448
9620
9673
10164
10442
9516
8956
8917
10204
10115
9278
10911
9077
9396
10265
9805
9602
10056
9893
10185
10158
9393
10567
11171
11383
12122
9854
11061
10434
10775
11907
10514
10815
11552
9406
10906
10870
9808
10561
12825
11414
10273
10621
11041
11489
10094
10418
10743
12168
11508
10298
10541
10508
11612
12073
10649
11433
10959
12925
10679
15398
12111
10396
14336
10452
13193
10277
13474
10655
10986
12460
11280
12177
11905
10940
11011
12911
9810
10258
13857
13446
12646
11267
12718
10507
11465
10178
12737
11753
10651
10767
13742
10275
11956
14861
13298
9735
13010
10389
10237
14515
11460
10634
13697
13054
11681
10050
8995
11986
9806
19984
11983
11803
10571
14758
10876
8931
11622
12958
12156
10207
10327
13341
10492
12586
10057
11323
10498
13307
11007
10939
12366
13566
10369
12464
21598
12242
22334
9231
16501
11675
13263
13564
9542
10807
18777
13844
17737
17049
12835
9180
8882
11438
12704
15488
11786
11032
11656
12580
9061
11340
12400
11228
10954
11968
12751
12849
11429
9429
13434
16448
12929
10699
8905
12769
14794
17150
14519
13164
12658
13510
12897
9034
11772
14810
12458
13109
22947
11178
11639
15895
16862
15197
12886
13048
14360
14912
20066
12361
10868
10229
10715
12165
11914
14330
18933
13209
8932
9668
10290
11903
15813
12801
11561
11219
14785
14328
11545
11361
13549
15806
9226
19528
11527
11321
14952
13715
12383
10152
13372
8751
15055
11607
13563
15357
12275
11701
13404
8851
8783
12579
8876
14444
20403
10674
13688
21098
17439
8676
14522
19520
9071
12960
12087
13216
19197
13401
14874
11355
11241
12415
9333
11587
11290
14121
11917
10838
19166
11807
11878
12706
12821
14617
10202
13169
11398
13537
15837
8846
13930
13706
14092
12943
10760
12840
9268
13840
14221
14218
13252
15368
18273
21111
11345
15142
9852
18621
11626
12684
14621
12063
8775
15898
13330
11581
16511
26807
15703
16785
12540
14965
14534
13476
13454
16904
9508
12029
13086
16837
15184
10358
17707
10635
9165
9281
13994
14020
13191
12090
15144
15103
14254
14467
14070
13918
13313
12762
16005
13890
17637
14937
19471
15159
27809
15748
16167
11184
17897
16068
15371
9069
19204
9462
12015
11555
11233
10407
8959
14227
12344
10341
11790
16176
12895
10549
16863
11263
15472
15473
14713
15061
13971
10990
12117
21249
23555
13982
19090
15385
9774
15340
12500
19836
11417
19285
10887
14313
9414
16268
14968
15774
13438
13484
15300
9987
10769
17761
12010
11757
16671
18154
12100
10191
13050
12051
12223
9303
16341
10706
19700
12732
15108
15373
19519
9124
18417
13128
12898
18532
16105
8806
12256
14419
17110
14765
13823
12834
13799
13226
9387
9802
15644
12816
8860
9619
13023
15622
12057
12743
8838
12784
11966
12679
15394
16039
11002
10059
16028
12981
16465
9948
10613
16180
14209
19516
9098
14452
14618
12365
14563
12113
28663
11585
13402
9538
14257
12368
12875
16417
16233
9724
13014
17309
17269
10975
17185
11474
15189
14651
13327
9198
11705
10592
13684
10004
9475
16805
13178
13271
17135
14311
16101
13853
16585
18541
22819
10031
17188
9527
25975
11988
15805
24738
17647
17826
19740
11736
11785
13554
12864
15900
9299
16614
19604
21012
10565
13591
11877
12888
28076
13786
14292
19490
9324
8818
12084
13695
18418
10322
17343
15168
9096
17859
10062
11098
14397
13582
10270
16434
17848
20818
15814
14608
17171
10340
18482
13928
15758
18230
11882
26978
10410
11856
12296
13262
14757
24165
12685
17541
10113
13983
9515
14571
13288
13089
24075
12299
10988
13841
13542
8735
14003
13444
9059
15844
10462
16702
11014
15363
14125
12810
12396
16674
11039
14604
11661
10074
18244
13837
13019
16423
12407
12768
18888
16770
17644
12930
14609
19485
15460
10515
12378
13069
17901
16289
14771
11873
14174
11492
11924
14543
18384
24399
15124
17142
9690
13784
11461
14731
11624
19020
10657
17876
16909
13762
14820
13923
17052
16868
10359
12910
12820
12207
16999
22695
13804
25333
9510
12776
11420
11236
13334
17302
15560
10707
12134
13737
14665
22336
21172
17288
20647
12022
18833
10755
13104
20150
16579
21501
19602
12138
15869
11034
9518
12209
9035
16050
14180
11118
16349
14787
12153
15868
12188
11843
15615
14514
14074
12327
16538
12466
14279
12947
13456
16354
10397
14002
14652
16561
11548
15518
12307
11204
13668
13044
19231
14194
9480
13551
9687
11163
8837
21650
14782
11666
19116
13927
11206
19970
14818
12495
14036
16636
12933
10518
11553
12088
13417
12681
13247
13693
12934
11048
13970
14246
19927
12797
13511
11947
15627
13672
11603
14248
13995
21286
13029
15720
12754
18337
13818
12640
12411
14179
13607
10824
11744
11859
13975
13308
13677
20062
14459
13286
9054
12826
16138
11833
13312
14276
15817
19874
13336
14075
12644
17641
12392
11717
17934
11426
9517
10415
11519
22789
9012
9840
17835
18650
18357
16485
13765
24819
12183
18104
13544
9129
12510
11590
13545
26231
12027
20866
9419
9467
9667
10101
9097
10090
9426
9357
9997
9495
9864
10163
10045
10728
9931
11688
10266
10478
9536
10512
11846
10399
11468
10943
9703
12174
10388
12482
10633
10097
15873
9758
10570
9942
11920
12578
12264
12823
9976
10780
9011
10740
9875
13006
12371
9882
9959
17596
11238
10364
9218
10232
9183
11923
9744
13503
11828
9627
10409
11542
10839
20266
12598
11013
13040
11162
11416
10003
11076
12348
9613
10790
10176
10325
10574
10903
14568
10314
12226
11539
11678
13843
12141
9289
10287
10474
14615
11934
10961
11883
11159
10700
11646
14729
10867
14113
11008
13793
13532
9140
12547
18118
14060
12447
10751
20779
21068
12159
10320
11148
11471
9665
10470
9138
11648
12522
13287
9127
14326
13228
10193
11413
12104
14496
10563
15006
11488
11902
13125
12711
13171
10757
11401
14486
13819
15642
17430
11277
13071
9553
12175
14660
14569
12389
8872
14673
11724
11297
27944
13180
12479
18689
10206
15098
8873
18715
10027
13064
28077
13160
13437
11487
13189
11972
13974
9356
10230
11496
9611
19389
18562
15296
18746
12206
14217
8974
13115
15784
10012
9460
17947
20462
13558
14663
10618
15284
14050
11592
15174
10490
13942
17168
11781
17925
13004
13281
14110
12869
14065
11720
12963
11653
16025
13151
14508
11058
13745
18306
15661
14975
33693
12824
11780
17256
11598
12889
11671
15238
15100
19051
20899
21392
16324
18492
9287
9678
9978
12994
11407
14268
15388
9478
27639
15115
9526
16748
11435
12287
13084
20018
14108
18226
15974
14327
17423
13053
17667
14641
9466
10938
12446
10548
13033
11953
13095
9630
14438
15681
14991
13199
17247
11798
26345
27260
18132
21099
13824
10628
16333
16716
15445
12373
11320
17650
14774
15290
12830
12639
11314
14480
13700
19636
14978
11611
9103
14930
8989
15591
11451
10836
14603
13132
17174
14260
9547
17000
10859
13354
16356
13436
14864
11437
14819
17281
21651
16666
18249
12798
18062
20942
11246
25284
12456
14670
11422
22832
15704
16693
14348
10599
18181
20426
19682
15199
12765
15305
10786
15179
13179
13869
18548
19969
18971
12189
11090
26602
12403
13391
15141
22314
9253
11070
16061
17228
10566
13878
18812
29153
10405
27474
13674
20839
9075
10280
9835
13990
13791
16340
14735
16852
12321
13418
12459
11608
13241
12408
12437
19155
9195
18143
11979
10301
12325
13820
11382
16673
14868
15753
19549
18836
11289
14420
26917
12516
12291
9186
14890
15586
15065
12588
14473
11712
11550
10262
13206
13250
14126
16195
13075
12210
13235
12605
15225
19842
15236
12707
14017
18863
15283
16127
25836
18458
11742
13419
14943
18781
21587
14388
19126
17353
15439
11168
9652
20262
12435
14759
43780
15759
16821
16715
21200
21293
14187
9196
12715
11841
15730
18862
9266
14067
14211
13290
14511
10946
11177
14744
15614
16653
10554
13622
19164
24475
15513
15630
16471
10032
16449
19141
24500
12724
14310
16552
9068
13723
13301
22925
13899
10540
12853
14131
23180
10934
13280
16185
11234
12292
24873
13397
16149
15192
15578
12050
13284
29315
17195
13630
14044
9192
18296
10067
15038
9679
13543
12485
15568
12932
10484
13360
12601
14078
13888
12372
11981
13292
13480
17896
9865
11453
17295
19881
14490
11431
10465
18817
15111
14626
13240
17122
22196
9554
17057
13959
15918
14455
19070
13775
17587
17690
16046
16310
18794
15953
14011
10653
13712
24200
13827
12545
15967
10907
16141
8699
13783
13830
12312
16843
11439
12406
15494
18892
16311
17391
11395
15255
11418
11970
15798
16731
13531
34055
15076
16019
13949
11763
11149
14155
13583
27868
14885
14893
16551
15079
8777
17449
13344
20945
24650
18615
20630
12137
9170
17772
12781
19667
12094
12698
12381
11356
13141
12919
11747
24603
11570
10805
12944
13473
11265
11588
15383
11140
14437
17254
14509
13038
16259
19480
14830
18556
14512
19771
16109
24288
10192
21749
32540
18150
17258
10376
10078
13207
16334
16393
8951
17575
11900
12881
16472
8929
16401
11889
16911
16842
20569
11092
13227
14750
15524
22793
10220
19416
17971
17649
15280
20342
14843
15188
16522
14739
9025
18432
19629
10106
13067
14224
15984
18182
16870
15708
12615
15491
18184
12594
17992
22139
12548
16738
15699
19687
16292
14573
15907
13907
11193
12519
16369
9699
17198
12782
9424
17515
11333
9977
12599
18694
11335
9902
13689
13589
13655
12118
12854
12417
15315
19831
13107
10048
21677
9632
17429
12694
14639
9543
13664
16569
18164
24743
14120
9682
21182
15443
20883
15386
17422
13916
13063
13225
16516
14030
12571
12742
14304
10511
13340
11082
16854
15196
12075
14721
14468
15969
10283
16224
16547
12948
15251
12975
16154
12791
12607
12725
12736
14424
14287
10009
10179
13528
15253
21787
13620
13972
17462
21662
9389
9045
37220
14358
13185
18151
15393
11693
15248
14889
23560
14776
23653
12359
11945
18938
14305
12636
15742
17536
18272
11993
18192
12269
12338
17158
24655
21520
18605
23526
12064
13413
13352
20712
17614
15866
9404
9297
9563
9618
9791
10630
10079
10138
10471
10109
12505
10714
10481
10564
10231
10809
10602
11229
10977
11085
9610
14475
10198
10546
10066
10941
10850
10267
15436
9405
9254
11569
9750
13231
15487
9838
9664
12858
10218
10589
11652
10538
11961
12244
14208
11174
15043
15687
12445
11296
11022
11122
12796
13382
11018
11043
12609
21272
10087
13777
9989
12928
12678
12865
12666
12622
12993
11960
12563
10640
13425
10346
19532
12387
13514
12158
14474
15713
13766
10318
14220
10687
17723
14502
12883
14450
12795
10199
13562
16347
11091
12380
12107
11175
10383
15267
13540
20879
12303
11458
12637
9740
10412
11911
13431
13155
20973
24325
15665
15211
12822
13926
12867
13492
11609
9701
12774
14742
11574
14381
12061
9280
14984
15726
15608
19036
14690
13910
11128
12097
14167
13105
13118
22205
14962
14157
15447
21474
10414
14362
9174
11244
10233
15215
11230
25415
11495
17227
15444
13996
18090
14136
22670
9745
13610
16582
31113
13496
18411
21349
11866
11659
13205
17920
13045
17784
17108
12610
11577
15832
12866
11281
15007
12687
11629
16416
12023
11730
17500
12761
13405
13130
13752
19724
11982
14995
13894
12009
11779
11726
10126
12669
15958
13764
26155
16116
17245
9191
13477
15102
14149
10159
16789
16498
14488
15387
12600
13780
13573
25194
14244
14510
9461
11117
19334
8866
16196
13236
12541
13377
13515
9513
11745
16798
12462
11894
12874
12219
13406
16421
10879
14434
14469
14867
23845
11848
19232
21257
14057
12390
11943
23145
14520
12176
14223
18503
9073
14790
11834
14648
14458
11746
17749
16089
13886
10459
14973
14841
13648
10253
15796
10116
16395
13891
12870
15732
10380
15418
11087
13733
16534
11319
11940
16659
18358
13346
12564
12173
16057
12859
14428
10472
14038
11463
18869
13520
9370
21034
14894
10662
15446
21449
15008
19380
17922
15343
11240
17451
21178
11749
12095
18443
10416
13637
9935
17134
17223
14875
21523
13035
14024
14632
14431
13158
18814
15596
13872
12575
15299
19306
18307
18134
11023
15219
13049
11761
13782
13671
16296
9164
10269
13482
11557
15998
15354
11399
15078
29985
20795
12253
13358
11610
10690
13451
15988
10669
9313
13062
14764
29768
13386
14466
13597
14089
10099
15712
15206
11388
12722
15481
13459
21292
12509
16004
10832
13654
12418
13728
16749
13773
11818
13037
15400
10024
24328
15381
13576
17221
13034
19635
24836
16419
10779
28447
17491
20985
12258
10157
16965
15561
23119
12178
12916
29039
11836
18611
11282
19746
16871
13743
20964
10223
13351
10154
13039
34880
15700
16174
12108
27621
11507
15610
15004
11255
11322
8953
12241
18763
25038
14895
15256
14725
14505
12194
14992
20335
19505
14105
20127
26671
14980
17345
16564
10400
9388
15023
11711
16128
13850
13368
12517
12498
13921
12457
15532
10334
13009
20520
12014
13210
15717
12808
17696
9692
13855
23778
16625
14845
26269
15266
15850
23218
15469
21146
13651
9028
19333
12364
20253
12091
13078
12595
15470
10960
12273
12089
15804
12343
12208
11469
14395
19841
13747
32308
20214
18646
15277
13794
12506
15471
16486
22356
13220
11933
15649
12071
15072
18708
13174
14560
20372
17310
20249
34798
15960
16687
12257
10894
16588
16581
12672
18790
11079
21620
12661
15247
19890
18903
24589
18288
17943
16129
12190
12056
17806
23299
11251
19394
14012
13552
17623
13506
14387
12356
17361
21105
12802
17786
16406
15831
13807
21398
13709
15569
10150
13127
14728
13211
12475
12476
17075
14190
9325
10222
13213
12222
19293
13536
11823
13491
14135
9006
13399
17813
13370
16835
12555
15769
14548
19462
14987
12099
10881
11630
13707
12987
19805
14929
15130
15461
21614
14370
12115
14232
16094
12709
29020
26697
11081
9402
15628
11334
13763
16440
11794
14302
15176
14293
17545
16947
9381
9151
11566
15063
10670
12501
17272
15777
13339
13408
12147
10796
16132
16928
26732
12329
16078
14169
12996
13967
14753
13614
14004
24566
16809
12353
37588
13244
12443
13366
16948
16839
24928
12700
15276
29949
11528
16978
17087
9641
12333
15496
12218
17199
10792
13828
13991
13770
15218
12862
20073
9975
19159
16146
14681
15647
11967
18066
17767
14880
14380
16108
10726
9714
10646
10680
24665
15269
31128
10704
13349
13947
18086
12199
12890
14477
11556
11602
16384
14878
13190
13903
21297
20067
13634
12294
16281
17999
13296
13082
11036
11330
22150
13779
15516
19292
17170
13392
15565
14851
19200
13218
13478
15380
19958
11641
17612
15289
11513
20617
16802
19261
17084
13499
19709
13266
13750
12692
20992
13410
16027
13060
17089
13613
9588
12233
17975
12120
18861
12142
13471
12780
14535
22056
14832
13093
12741
14351
12212
12465
15705
21287
10942
10689
11984
15825
13640
23483
15734
11617
13710
15137
11456
23133
18664
16034
16942
15068
19562
12727
12470
11769
13846
14738
13897
11068
13577
11344
16295
12132
16903
12526
14806
11368
15623
12119
16015
12531
9782
18221
22294
11875
18451
10748
12404
15164
20888
12543
9204
10923
10766
10071
13017
9435
9748
9578
10759
12441
11578
11898
9233
11949
12005
11379
20033
14373
12629
12017
12691
10254
13560
15710
16783
12164
16747
13989
13142
11901
15950
13813
11645
13470
14407
13811
11899
14202
15417
10500
13172
16126
13260
12039
17744
10505
16857
12003
21621
10123
12748
10450
10682
11563
15412
10888
14152
14294
11811
13628
14924
12276
12582
12192
15012
9920
13814
19982
12966
14301
14998
13687
22927
9899
12931
28671
11283
14013
15071
15785
12613
17710
14411
16803
12354
13976
19719
12809
13343
14404
14201
17464
14040
16896
14507
13337
16491
11124
12468
13275
17213
12171
12310
13276
11876
12453
13098
14019
25332
11494
23360
12047
21020
17989
11341
12962
17344
11618
15087
10631
17278
9391
16742
10685
13612
15404
13452
15019
14263
14678
24519
9300
15190
13420
14041
14251
16011
14461
24009
9773
16490
19270
13000
11372
12362
12260
26779
19720
10547
9237
21626
14580
15148
11518
13429
11343
13798
14696
13730
16576
11715
12617
15273
12562
22054
16206
26664
13692
9968
9807
22251
10710
19234
12412
13314
18149
17239
14897
18808
15889
13705
9660
14233
11549
20559
17651
12714
23132
14426
11394
17991
13788
13021
15482
14966
15104
12538
19469
13863
17454
17083
11674
17866
17790
16373
13874
19866
17162
15048
15396
14384
12959
13619
20916
15467
15214
11702
11706
19904
13669
19612
11919
15162
25237
12035
18007
25774
17051
17724
20338
12728
13415
15829
13504
13933
12162
14692
15261
16504
11766
10754
15921
16711
17853
14550
15746
22031
10455
16290
14340
15795
10021
21381
14598
19438
9677
15910
17808
13335
9793
10575
13704
11910
26711
30060
15660
17387
18990
17501
10349
11579
15963
12952
10979
16256
17137
16194
15820
18378
12530
20616
19920
18381
18864
15307
14614
16442
17055
13797
14997
12471
13555
15186
12216
11829
15762
16567
22382
15740
12416
18796
13234
17581
15478
18398
12422
18121
10430
18581
13860
20246
14083
13969
15423
11357
11909
14093
10852
12160
16698
13586
30123
14344
21142
15217
17100
14182
15838
9986
14408
12871
22648
12433
16684
14802
12771
13789
17445
16021
11975
15857
11810
8865
12278
9910
12581
18056
15752
9891
13816
15182
11962
16006
10980
14286
12906
19100
9134
22047
14655
12347
15138
16013
13769
16979
19723
14881
14756
13519
15690
11872
9624
36895
12703
10588
16983
11739
14361
14090
13466
12818
21422
18633
11604
12979
18329
26812
9511
15150
16037
21193
16323
14204
14229
16941
12643
33062
14481
13906
15263
13326
19207
16736
16929
15334
15529
16630
15512
12068
12529
15641
14231
12000
11493
12379
14392
13381
18687
14210
15364
12957
9863
16073
11243
13980
11596
16074
16118
17899
14440
12533
16558
14926
14977
15379
14175
15020
16703
18310
9783
17206
10307
12055
14483
13518
21666
15415
13121
16020
17292
14368
12240
11389
14288
13414
16173
13012
12837
13525
14196
10420
14236
18853
20269
9436
13322
12220
13945
19543
14088
18165
20152
13309
18798
16518
17327
15788
13441
15603
14062
15810
10520
15080
14055
18019
15972
12752
10419
11695
16594
20336
17364
11374
13398
17860
12723
13600
11756
10745
15542
14342
17514
23590
18388
12319
9858
17131
12772
11412
14919
12414
9537
14367
20661
13264
16638
12528
13472
15403
12074
16503
14414
14547
11884
11143
10804
10482
26428
13374
38166
17409
13008
14356
13013
15105
16049
15556
16509
10355
10449
14969
20514
11035
9335
14931
13333
18524
