second	tx	tx_grant	tx_grant_re4wait	tx_release	tx_release_re4modfail	tx_release_re4wait	rx	rx_grantSucc	rx_queueSucc	rx_releaseSucc	rx_grantFail	rx_grantModFail	rx_releaseFail	rx_releaseModFail	rx_p4	rx_grantSucc_p4	rx_queueSucc_p4	rx_releaseSucc_p4	rx_grantFail_p4	rx_releaseFail_p4	rx_bdFail_p4	rx_mirror_p4	rx_fpga	rx_grantSucc_fpga	rx_queueSucc_fpga	rx_releaseSucc_fpga	rx_grantFail_fpga	rx_grantModFail_fpga	rx_grantModHitFail_fpga	rx_grantModNfsFail_fpga	rx_releaseFail_fpga	rx_releaseModFail_fpga	rx_releaseModHitFail_fpga	rx_releaseModNfsFail_fpga	dropped_pkt	txn_fail	txn_total	
2	4304869.00	2921728.00	5233.00	1377893.00	0.00	15.00	4299819.00	1377982.00	0.00	1377904.00	1543822.00	0.00	1.00	0.00	2767766.00	826803.00	0.00	826771.00	1114191.00	1.00	0.00	0.00	1531946.00	551180.00	0.00	551133.00	429633.00	0.00	0.00	0.00	0.00	0.00	0.00	0.00	0.00	154.00	2921727.00	
3	4316312.00	2938233.00	5748.00	1372302.00	0.00	31.00	4309397.00	1371976.00	0.00	1372436.00	1565111.00	0.00	9.00	0.00	2781392.00	824610.00	0.00	824869.00	1131909.00	5.00	0.00	0.00	1528141.00	547366.00	0.00	547567.00	433204.00	0.00	0.00	0.00	4.00	0.00	0.00	0.00	0.00	102.00	2938249.00	
4	4329870.00	2933074.00	5986.00	1390798.00	0.00	12.00	4324599.00	1391199.00	0.00	1390952.00	1542440.00	0.00	22.00	0.00	2785577.00	834258.00	0.00	834139.00	1117179.00	2.00	0.00	0.00	1539036.00	556941.00	0.00	556813.00	425262.00	0.00	0.00	0.00	20.00	0.00	0.00	0.00	0.00	175.00	2933079.00	
5	4334761.00	2930637.00	5699.00	1398412.00	0.00	13.00	4328089.00	1398144.00	0.00	1398021.00	1531890.00	0.00	1.00	0.00	2787254.00	838925.00	0.00	838904.00	1109424.00	1.00	0.00	0.00	1540803.00	559220.00	0.00	559117.00	422466.00	0.00	0.00	0.00	0.00	0.00	0.00	0.00	0.00	146.00	2930637.00	
6	4338097.00	2937882.00	5946.00	1394260.00	0.00	9.00	4332729.00	1394459.00	0.00	1394503.00	1543730.00	0.00	3.00	0.00	2788795.00	836751.00	0.00	836719.00	1115322.00	3.00	0.00	0.00	1543902.00	557709.00	0.00	557784.00	428409.00	0.00	0.00	0.00	0.00	0.00	0.00	0.00	0.00	161.00	2937882.00	
7	4324175.00	2939181.00	6172.00	1378795.00	0.00	27.00	4318015.00	1378903.00	0.00	1378802.00	1560333.00	0.00	0.00	0.00	2778878.00	826692.00	0.00	826671.00	1125517.00	0.00	0.00	0.00	1539162.00	552212.00	0.00	552131.00	434820.00	0.00	0.00	0.00	0.00	0.00	0.00	0.00	0.00	129.00	2939181.00	
8	4330539.00	2937446.00	5143.00	1387927.00	0.00	24.00	4324039.00	1387635.00	0.00	1387548.00	1548758.00	0.00	6.00	0.00	2788660.00	833397.00	0.00	833255.00	1122003.00	5.00	0.00	0.00	1535288.00	554240.00	0.00	554292.00	426755.00	0.00	0.00	0.00	1.00	0.00	0.00	0.00	0.00	174.00	2937452.00	
9	4329043.00	2931904.00	5379.00	1391759.00	0.00	1.00	4323553.00	1391877.00	0.00	1391845.00	1539907.00	0.00	3.00	0.00	2780635.00	833323.00	0.00	833318.00	1113991.00	3.00	0.00	0.00	1542996.00	558553.00	0.00	558527.00	425916.00	0.00	0.00	0.00	0.00	0.00	0.00	0.00	0.00	112.00	2931914.00	
10	4314195.00	2942977.00	5839.00	1365355.00	0.00	24.00	4310033.00	1365497.00	0.00	1365901.00	1578599.00	0.00	6.00	0.00	2785770.00	822173.00	0.00	822444.00	1141153.00	0.00	0.00	0.00	1524236.00	543324.00	0.00	543459.00	437447.00	0.00	0.00	0.00	6.00	0.00	0.00	0.00	0.00	123.00	2942980.00	
11	4304035.00	2983835.00	5993.00	1314200.00	0.00	7.00	4297914.00	1314352.00	0.00	1314088.00	1669442.00	0.00	32.00	0.00	2777979.00	796018.00	0.00	795926.00	1186032.00	2.00	0.00	0.00	1519935.00	518334.00	0.00	518161.00	483410.00	0.00	0.00	0.00	30.00	0.00	0.00	0.00	0.00	156.00	2983839.00	
12	4316669.00	2987387.00	5729.00	1323522.00	0.00	33.00	4308619.00	1323023.00	0.00	1322849.00	1662661.00	0.00	118.00	0.00	2787595.00	801761.00	0.00	801674.00	1184160.00	0.00	0.00	0.00	1521056.00	521262.00	0.00	521175.00	478501.00	0.00	0.00	0.00	118.00	0.00	0.00	0.00	0.00	156.00	2987395.00	
13	4315285.00	2990008.00	6104.00	1319138.00	0.00	35.00	4310247.00	1319485.00	0.00	1319517.00	1671099.00	0.00	26.00	0.00	2787959.00	801600.00	0.00	801624.00	1184735.00	0.00	0.00	0.00	1522171.00	517887.00	0.00	517893.00	486365.00	0.00	0.00	0.00	26.00	0.00	0.00	0.00	0.00	156.00	2990010.00	
14	4305100.00	2989665.00	6153.00	1309265.00	0.00	17.00	4298371.00	1308902.00	0.00	1308983.00	1680520.00	0.00	14.00	0.00	2780598.00	796213.00	0.00	796236.00	1188149.00	0.00	0.00	0.00	1517822.00	512688.00	0.00	512749.00	492371.00	0.00	0.00	0.00	14.00	0.00	0.00	0.00	0.00	162.00	2989667.00	
15	4306576.00	2987704.00	5219.00	1313595.00	0.00	58.00	4303092.00	1314355.00	0.00	1314355.00	1674462.00	0.00	7.00	0.00	2788181.00	797630.00	0.00	797645.00	1192906.00	0.00	0.00	0.00	1514999.00	516726.00	0.00	516710.00	481556.00	0.00	0.00	0.00	7.00	0.00	0.00	0.00	0.00	155.00	2987712.00	
16	4309488.00	2985896.00	5611.00	1317950.00	0.00	31.00	4302064.00	1317015.00	0.00	1317310.00	1667618.00	0.00	1.00	0.00	2781531.00	797861.00	0.00	798044.00	1185627.00	0.00	0.00	0.00	1520416.00	519154.00	0.00	519266.00	481995.00	0.00	0.00	0.00	1.00	0.00	0.00	0.00	0.00	118.00	2985903.00	
17	4320109.00	2986069.00	6266.00	1327715.00	0.00	62.00	4312161.00	1327638.00	0.00	1327353.00	1657265.00	0.00	2.00	0.00	2793245.00	805057.00	0.00	804925.00	1183261.00	2.00	0.00	0.00	1519013.00	522581.00	0.00	522428.00	474004.00	0.00	0.00	0.00	0.00	0.00	0.00	0.00	0.00	146.00	2986076.00	
18	4299809.00	2974636.00	6059.00	1319101.00	0.00	13.00	4294254.00	1319356.00	0.00	1319376.00	1655512.00	0.00	1.00	0.00	2774748.00	799570.00	0.00	799582.00	1175595.00	1.00	0.00	0.00	1519497.00	519786.00	0.00	519794.00	479917.00	0.00	0.00	0.00	0.00	0.00	0.00	0.00	0.00	161.00	2974639.00	
19	4306353.00	2989346.00	5997.00	1310951.00	0.00	60.00	4301317.00	1311107.00	0.00	1311238.00	1678979.00	0.00	5.00	0.00	2784926.00	796122.00	0.00	796197.00	1192607.00	0.00	0.00	0.00	1516403.00	514985.00	0.00	515041.00	486372.00	0.00	0.00	0.00	5.00	0.00	0.00	0.00	0.00	134.00	2989355.00	
20	4297802.00	2980782.00	5857.00	1311162.00	0.00	1.00	4290870.00	1311094.00	0.00	1311082.00	1668614.00	0.00	3.00	0.00	2774395.00	794864.00	0.00	794828.00	1184701.00	1.00	0.00	0.00	1516398.00	516230.00	0.00	516253.00	483913.00	0.00	0.00	0.00	2.00	0.00	0.00	0.00	0.00	140.00	2980785.00	
21	4307069.00	2963314.00	5843.00	1337899.00	0.00	13.00	4302407.00	1338128.00	0.00	1338051.00	1626276.00	0.00	1.00	0.00	2781592.00	811598.00	0.00	811559.00	1158434.00	1.00	0.00	0.00	1520863.00	526530.00	0.00	526492.00	467841.00	0.00	0.00	0.00	0.00	0.00	0.00	0.00	0.00	201.00	2963316.00	
22	3281515.00	2005095.00	69164.00	1173097.00	0.00	34159.00	3174683.00	1172612.00	0.00	1171368.00	830250.00	0.00	271.00	0.00	727994.00	210707.00	0.00	211600.00	305474.00	213.00	0.00	0.00	2446508.00	961905.00	0.00	959768.00	524777.00	0.00	0.00	0.00	58.00	0.00	0.00	0.00	0.00	126.00	2005098.00	
23	3531087.00	2199584.00	58428.00	1238234.00	0.00	34841.00	3437311.00	1238153.00	0.00	1238027.00	961074.00	0.00	71.00	0.00	1135716.00	332233.00	0.00	332195.00	471267.00	21.00	0.00	0.00	2301609.00	905920.00	0.00	905833.00	489807.00	0.00	0.00	0.00	50.00	0.00	0.00	0.00	0.00	142.00	2199591.00	
24	3733008.00	2342800.00	49004.00	1310924.00	0.00	30281.00	3654718.00	1311260.00	0.00	1311083.00	1032097.00	0.00	162.00	0.00	1271394.00	362458.00	0.00	362338.00	546484.00	114.00	0.00	0.00	2383209.00	948803.00	0.00	948745.00	485613.00	0.00	0.00	0.00	48.00	0.00	0.00	0.00	0.00	51.00	2342812.00	
25	3755193.00	2349925.00	44964.00	1331078.00	0.00	29226.00	3680473.00	1330981.00	0.00	1330725.00	1018765.00	0.00	58.00	0.00	1382801.00	406053.00	0.00	406036.00	570692.00	20.00	0.00	0.00	2297728.00	924928.00	0.00	924690.00	448073.00	0.00	0.00	0.00	38.00	0.00	0.00	0.00	0.00	8.00	2349927.00	
26	3879561.00	2434956.00	38768.00	1380891.00	0.00	24947.00	3817410.00	1381148.00	0.00	1381371.00	1054655.00	0.00	104.00	0.00	1473695.00	429584.00	0.00	429394.00	614630.00	87.00	0.00	0.00	2343584.00	951564.00	0.00	951978.00	440025.00	0.00	0.00	0.00	17.00	0.00	0.00	0.00	0.00	13.00	2434963.00	
27	3903987.00	2450617.00	34167.00	1396982.00	0.00	22221.00	3847330.00	1397038.00	0.00	1396899.00	1053367.00	0.00	27.00	0.00	1569737.00	467545.00	0.00	467634.00	634548.00	11.00	0.00	0.00	2277593.00	929492.00	0.00	929265.00	418820.00	0.00	0.00	0.00	16.00	0.00	0.00	0.00	0.00	7.00	2450624.00	
28	4010754.00	2529681.00	27664.00	1434881.00	0.00	18528.00	3964226.00	1434590.00	0.00	1434765.00	1094658.00	0.00	99.00	0.00	1639199.00	482655.00	0.00	482468.00	674002.00	74.00	0.00	0.00	2324912.00	951935.00	0.00	952295.00	420656.00	0.00	0.00	0.00	25.00	0.00	0.00	0.00	0.00	18.00	2529683.00	
29	4052728.00	2551906.00	24394.00	1460365.00	0.00	16064.00	4012827.00	1460523.00	0.00	1460448.00	1091704.00	0.00	54.00	0.00	1746869.00	525607.00	0.00	525664.00	695560.00	38.00	0.00	0.00	2265864.00	934918.00	0.00	934785.00	396145.00	0.00	0.00	0.00	16.00	0.00	0.00	0.00	0.00	41.00	2551907.00	
30	4124875.00	2610046.00	18956.00	1483567.00	0.00	12306.00	4094065.00	1483573.00	0.00	1483506.00	1126918.00	0.00	42.00	0.00	1804839.00	536944.00	0.00	536798.00	731069.00	28.00	0.00	0.00	2289208.00	946633.00	0.00	946714.00	395849.00	0.00	0.00	0.00	14.00	0.00	0.00	0.00	0.00	33.00	2610045.00	
31	4153263.00	2627591.00	15984.00	1499568.00	0.00	10122.00	4127805.00	1499880.00	0.00	1499836.00	1128112.00	0.00	30.00	0.00	1869278.00	562712.00	0.00	562805.00	743741.00	20.00	0.00	0.00	2258580.00	937168.00	0.00	937031.00	384371.00	0.00	0.00	0.00	10.00	0.00	0.00	0.00	0.00	16.00	2627598.00	
32	4196550.00	2664219.00	12950.00	1511312.00	0.00	8069.00	4175350.00	1511102.00	0.00	1511282.00	1152793.00	0.00	40.00	0.00	1906420.00	569659.00	0.00	569521.00	767209.00	30.00	0.00	0.00	2268797.00	941443.00	0.00	941761.00	385584.00	0.00	0.00	0.00	10.00	0.00	0.00	0.00	0.00	51.00	2664221.00	
33	4175336.00	2658740.00	14666.00	1492498.00	0.00	9433.00	4150108.00	1492267.00	0.00	1492016.00	1165861.00	0.00	33.00	0.00	1938237.00	584163.00	0.00	584102.00	769950.00	21.00	0.00	0.00	2211941.00	908105.00	0.00	907914.00	395910.00	0.00	0.00	0.00	12.00	0.00	0.00	0.00	0.00	7.00	2658748.00	
34	4253625.00	2741544.00	7758.00	1499574.00	0.00	4750.00	4242222.00	1499780.00	0.00	1500150.00	1242227.00	0.00	25.00	0.00	1999663.00	589294.00	0.00	589380.00	820970.00	19.00	0.00	0.00	2242520.00	910487.00	0.00	910770.00	421258.00	0.00	0.00	0.00	6.00	0.00	0.00	0.00	0.00	20.00	2741547.00	
35	4212702.00	2750262.00	10396.00	1446203.00	0.00	5841.00	4196239.00	1446271.00	0.00	1446083.00	1303845.00	0.00	26.00	0.00	2023995.00	591541.00	0.00	591397.00	841050.00	8.00	0.00	0.00	2172231.00	854730.00	0.00	854686.00	462797.00	0.00	0.00	0.00	18.00	0.00	0.00	0.00	0.00	11.00	2750269.00	
36	4256143.00	2800905.00	6886.00	1445190.00	0.00	3163.00	4247030.00	1445282.00	0.00	1445447.00	1356255.00	0.00	29.00	0.00	2067776.00	595234.00	0.00	595307.00	877210.00	26.00	0.00	0.00	2179238.00	850049.00	0.00	850140.00	479046.00	0.00	0.00	0.00	3.00	0.00	0.00	0.00	0.00	24.00	2800905.00	
37	4277897.00	2816702.00	4224.00	1455106.00	0.00	1866.00	4271186.00	1455080.00	0.00	1454913.00	1361120.00	0.00	20.00	0.00	2124282.00	614741.00	0.00	614718.00	894809.00	14.00	0.00	0.00	2146860.00	840342.00	0.00	840199.00	466315.00	0.00	0.00	0.00	6.00	0.00	0.00	0.00	0.00	51.00	2816706.00	
38	4278225.00	2821595.00	4388.00	1450498.00	0.00	1744.00	4272475.00	1450283.00	0.00	1450528.00	1371700.00	0.00	17.00	0.00	2131139.00	617035.00	0.00	616988.00	897106.00	10.00	0.00	0.00	2141390.00	833248.00	0.00	833540.00	474595.00	0.00	0.00	0.00	7.00	0.00	0.00	0.00	0.00	17.00	2821601.00	
39	4260723.00	2818403.00	5925.00	1434004.00	0.00	2391.00	4252710.00	1434304.00	0.00	1434063.00	1384269.00	0.00	17.00	0.00	2164438.00	627216.00	0.00	627224.00	909987.00	11.00	0.00	0.00	2088215.00	807088.00	0.00	806840.00	474282.00	0.00	0.00	0.00	6.00	0.00	0.00	0.00	0.00	33.00	2818400.00	
40	4300203.00	2849169.00	2701.00	1447158.00	0.00	1175.00	4295463.00	1446818.00	0.00	1446894.00	1401781.00	0.00	22.00	0.00	2185317.00	631492.00	0.00	631476.00	922328.00	21.00	0.00	0.00	2110201.00	815328.00	0.00	815419.00	479453.00	0.00	0.00	0.00	1.00	0.00	0.00	0.00	0.00	41.00	2849174.00	
41	4290732.00	2842337.00	2617.00	1444727.00	0.00	1052.00	4287100.00	1444997.00	0.00	1444814.00	1397281.00	0.00	10.00	0.00	2211959.00	642578.00	0.00	642485.00	926893.00	3.00	0.00	0.00	2075143.00	802419.00	0.00	802328.00	470389.00	0.00	0.00	0.00	7.00	0.00	0.00	0.00	0.00	6.00	2842350.00	
42	4288512.00	2833295.00	3909.00	1449984.00	0.00	1324.00	4284156.00	1450115.00	0.00	1450372.00	1383634.00	0.00	17.00	0.00	2210180.00	647345.00	0.00	647384.00	915436.00	15.00	0.00	0.00	2073958.00	802769.00	0.00	802989.00	468198.00	0.00	0.00	0.00	2.00	0.00	0.00	0.00	0.00	8.00	2833292.00	
43	4287118.00	2834444.00	3505.00	1448013.00	0.00	1156.00	4281512.00	1447640.00	0.00	1447691.00	1386165.00	0.00	17.00	0.00	2233295.00	654701.00	0.00	654747.00	923843.00	4.00	0.00	0.00	2048219.00	792939.00	0.00	792944.00	462322.00	0.00	0.00	0.00	13.00	0.00	0.00	0.00	0.00	47.00	2834455.00	
44	4292921.00	2841611.00	2298.00	1448230.00	0.00	782.00	4291371.00	1448790.00	0.00	1448503.00	1393985.00	0.00	18.00	0.00	2247443.00	657450.00	0.00	657358.00	932619.00	16.00	0.00	0.00	2043853.00	791340.00	0.00	791145.00	461366.00	0.00	0.00	0.00	2.00	0.00	0.00	0.00	0.00	33.00	2841607.00	
45	4293140.00	2847675.00	2704.00	1441971.00	0.00	791.00	4288921.00	1441508.00	0.00	1441742.00	1405697.00	0.00	10.00	0.00	2269162.00	664162.00	0.00	664260.00	940733.00	7.00	0.00	0.00	2019795.00	777346.00	0.00	777482.00	464964.00	0.00	0.00	0.00	3.00	0.00	0.00	0.00	0.00	27.00	2847683.00	
46	4293706.00	2868800.00	2002.00	1422537.00	0.00	367.00	4290406.00	1422616.00	0.00	1422336.00	1445392.00	0.00	38.00	0.00	2292887.00	662964.00	0.00	662820.00	967087.00	16.00	0.00	0.00	1997497.00	759654.00	0.00	759516.00	478305.00	0.00	0.00	0.00	22.00	0.00	0.00	0.00	0.00	16.00	2868805.00	
47	4291961.00	2862983.00	1874.00	1426538.00	0.00	566.00	4289078.00	1426294.00	0.00	1426378.00	1436307.00	0.00	18.00	0.00	2294903.00	667306.00	0.00	667368.00	960224.00	5.00	0.00	0.00	1994093.00	758987.00	0.00	759010.00	476083.00	0.00	0.00	0.00	13.00	0.00	0.00	0.00	0.00	39.00	2862986.00	
48	4291966.00	2851352.00	1292.00	1439004.00	0.00	319.00	4290560.00	1439043.00	0.00	1438961.00	1412572.00	0.00	22.00	0.00	2312169.00	678594.00	0.00	678550.00	955012.00	14.00	0.00	0.00	1978432.00	760449.00	0.00	760411.00	457564.00	0.00	0.00	0.00	8.00	0.00	0.00	0.00	0.00	22.00	2851360.00	
49	4292733.00	2846465.00	2751.00	1442682.00	0.00	835.00	4288701.00	1442503.00	0.00	1442446.00	1403713.00	0.00	12.00	0.00	2319790.00	687174.00	0.00	687231.00	945379.00	6.00	0.00	0.00	1968887.00	755331.00	0.00	755216.00	458334.00	0.00	0.00	0.00	6.00	0.00	0.00	0.00	0.00	13.00	2846472.00	
50	4299102.00	2841488.00	2226.00	1454983.00	0.00	405.00	4298585.00	1455646.00	0.00	1455647.00	1387292.00	0.00	30.00	0.00	2333326.00	695603.00	0.00	695504.00	942208.00	12.00	0.00	0.00	1965290.00	760043.00	0.00	760144.00	445085.00	0.00	0.00	0.00	18.00	0.00	0.00	0.00	0.00	34.00	2841494.00	
51	4298842.00	2840387.00	1990.00	1455928.00	0.00	537.00	4295920.00	1455902.00	0.00	1455819.00	1384076.00	0.00	19.00	0.00	2352151.00	703558.00	0.00	703582.00	945000.00	10.00	0.00	0.00	1943672.00	752347.00	0.00	752240.00	439076.00	0.00	0.00	0.00	9.00	0.00	0.00	0.00	0.00	50.00	2840388.00	
52	4306460.00	2846074.00	2424.00	1457275.00	0.00	687.00	4303546.00	1457307.00	0.00	1457417.00	1388803.00	0.00	25.00	0.00	2356381.00	704412.00	0.00	704460.00	947497.00	12.00	0.00	0.00	1947171.00	752895.00	0.00	752957.00	441306.00	0.00	0.00	0.00	13.00	0.00	0.00	0.00	0.00	17.00	2846075.00	
53	4308303.00	2873657.00	1691.00	1432681.00	0.00	274.00	4305961.00	1432617.00	0.00	1432520.00	1440797.00	0.00	24.00	0.00	2385647.00	701393.00	0.00	701295.00	982952.00	6.00	0.00	0.00	1920312.00	731224.00	0.00	731225.00	457845.00	0.00	0.00	0.00	18.00	0.00	0.00	0.00	0.00	33.00	2873660.00	
54	4304872.00	2908963.00	1306.00	1394216.00	0.00	387.00	4303452.00	1393943.00	0.00	1394313.00	1515210.00	0.00	31.00	0.00	2387287.00	686227.00	0.00	686384.00	1014657.00	19.00	0.00	0.00	1916211.00	707717.00	0.00	707928.00	500553.00	0.00	0.00	0.00	12.00	0.00	0.00	0.00	0.00	29.00	2908972.00	
55	4295337.00	2905544.00	1945.00	1387334.00	0.00	515.00	4292736.00	1387710.00	0.00	1387230.00	1517819.00	0.00	9.00	0.00	2403462.00	690095.00	0.00	689949.00	1023414.00	4.00	0.00	0.00	1889307.00	697615.00	0.00	697281.00	494406.00	0.00	0.00	0.00	5.00	0.00	0.00	0.00	0.00	8.00	2905550.00	
56	4298877.00	2986184.00	1932.00	1310508.00	0.00	253.00	4296267.00	1309834.00	0.00	1310463.00	1675848.00	0.00	12.00	0.00	2420458.00	664098.00	0.00	664301.00	1092049.00	10.00	0.00	0.00	1875702.00	645736.00	0.00	646163.00	583801.00	0.00	0.00	0.00	2.00	0.00	0.00	0.00	0.00	16.00	2986190.00	
57	4251458.00	2984904.00	4098.00	1261456.00	0.00	1000.00	4246914.00	1262084.00	0.00	1261635.00	1723123.00	0.00	22.00	0.00	2417221.00	651137.00	0.00	650965.00	1115115.00	4.00	0.00	0.00	1829646.00	610947.00	0.00	610674.00	608008.00	0.00	0.00	0.00	18.00	0.00	0.00	0.00	0.00	30.00	2984898.00	
58	4264438.00	3045140.00	1854.00	1217162.00	0.00	283.00	4262599.00	1217032.00	0.00	1217298.00	1828370.00	0.00	12.00	0.00	2449006.00	637427.00	0.00	637514.00	1174058.00	7.00	0.00	0.00	1813706.00	579605.00	0.00	579784.00	654313.00	0.00	0.00	0.00	5.00	0.00	0.00	0.00	0.00	58.00	3045146.00	
59	4267243.00	3025247.00	2863.00	1238679.00	0.00	454.00	4262178.00	1238090.00	0.00	1238177.00	1785883.00	0.00	3.00	0.00	2449075.00	649887.00	0.00	649891.00	1149297.00	1.00	0.00	0.00	1813080.00	588205.00	0.00	588287.00	636586.00	0.00	0.00	0.00	2.00	0.00	0.00	0.00	0.00	16.00	3025261.00	
60	4261113.00	3009492.00	1724.00	1249703.00	0.00	195.00	4259394.00	1249865.00	0.00	1249728.00	1759742.00	0.00	9.00	0.00	2467091.00	661696.00	0.00	661598.00	1143789.00	8.00	0.00	0.00	1792256.00	588171.00	0.00	588131.00	615953.00	0.00	0.00	0.00	1.00	0.00	0.00	0.00	0.00	54.00	3009488.00	
61	4274441.00	3001669.00	1279.00	1271051.00	0.00	444.00	4273994.00	1271102.00	0.00	1271390.00	1731512.00	0.00	49.00	0.00	2469295.00	672593.00	0.00	672833.00	1123869.00	0.00	0.00	0.00	1804760.00	598511.00	0.00	598557.00	607643.00	0.00	0.00	0.00	49.00	0.00	0.00	0.00	0.00	18.00	3001684.00	
62	4281647.00	3002440.00	1690.00	1277096.00	0.00	422.00	4279510.00	1277378.00	0.00	1277134.00	1724999.00	0.00	17.00	0.00	2486458.00	679479.00	0.00	679366.00	1127598.00	15.00	0.00	0.00	1793072.00	597901.00	0.00	597768.00	597401.00	0.00	0.00	0.00	2.00	0.00	0.00	0.00	0.00	4.00	3002448.00	
63	4263512.00	2987683.00	3195.00	1272004.00	0.00	630.00	4259695.00	1271834.00	0.00	1271938.00	1715862.00	0.00	23.00	0.00	2474325.00	678212.00	0.00	678243.00	1117870.00	0.00	0.00	0.00	1785333.00	593623.00	0.00	593695.00	597992.00	0.00	0.00	0.00	23.00	0.00	0.00	0.00	0.00	20.00	2987687.00	
64	4271307.00	2993951.00	2101.00	1275064.00	0.00	191.00	4268903.00	1274944.00	0.00	1274920.00	1719032.00	0.00	12.00	0.00	2491190.00	682961.00	0.00	682962.00	1125254.00	12.00	0.00	0.00	1777722.00	591984.00	0.00	591959.00	593779.00	0.00	0.00	0.00	0.00	0.00	0.00	0.00	0.00	43.00	2993953.00	
65	4270922.00	2995030.00	1651.00	1274038.00	0.00	204.00	4269182.00	1274274.00	0.00	1274138.00	1720618.00	0.00	2.00	0.00	2498842.00	683929.00	0.00	683852.00	1131060.00	1.00	0.00	0.00	1770193.00	590347.00	0.00	590287.00	589558.00	0.00	0.00	0.00	1.00	0.00	0.00	0.00	0.00	42.00	2995027.00	
66	4270887.00	2974657.00	1626.00	1294514.00	0.00	90.00	4268754.00	1294307.00	0.00	1294311.00	1680260.00	0.00	11.00	0.00	2499962.00	696104.00	0.00	696095.00	1107754.00	10.00	0.00	0.00	1768929.00	598203.00	0.00	598218.00	572507.00	0.00	0.00	0.00	1.00	0.00	0.00	0.00	0.00	18.00	2974670.00	
67	4269531.00	2976927.00	1353.00	1291020.00	0.00	231.00	4267252.00	1290798.00	0.00	1290871.00	1685449.00	0.00	14.00	0.00	2510596.00	697854.00	0.00	697947.00	1114788.00	10.00	0.00	0.00	1756540.00	592946.00	0.00	592926.00	570664.00	0.00	0.00	0.00	4.00	0.00	0.00	0.00	0.00	57.00	2976924.00	
68	4285638.00	2986551.00	1095.00	1297766.00	0.00	228.00	4284186.00	1297807.00	0.00	1297799.00	1688664.00	0.00	19.00	0.00	2520618.00	702951.00	0.00	702925.00	1114729.00	13.00	0.00	0.00	1763672.00	594857.00	0.00	594874.00	573935.00	0.00	0.00	0.00	6.00	0.00	0.00	0.00	0.00	4.00	2986566.00	
69	4265840.00	2975340.00	1400.00	1288863.00	0.00	237.00	4263294.00	1288609.00	0.00	1288451.00	1686183.00	0.00	6.00	0.00	2517355.00	700156.00	0.00	699998.00	1117195.00	6.00	0.00	0.00	1745896.00	588455.00	0.00	588453.00	568988.00	0.00	0.00	0.00	0.00	0.00	0.00	0.00	0.00	16.00	2975344.00	
70	4269967.00	2974356.00	2372.00	1292972.00	0.00	268.00	4268587.00	1293551.00	0.00	1293683.00	1681385.00	0.00	3.00	0.00	2522773.00	705231.00	0.00	705380.00	1112160.00	2.00	0.00	0.00	1745848.00	588320.00	0.00	588303.00	569224.00	0.00	0.00	0.00	1.00	0.00	0.00	0.00	0.00	20.00	2974367.00	
71	4265744.00	2971709.00	1752.00	1292168.00	0.00	115.00	4263894.00	1291993.00	0.00	1291743.00	1680088.00	0.00	23.00	0.00	2521781.00	704577.00	0.00	704441.00	1112756.00	8.00	0.00	0.00	1742070.00	587417.00	0.00	587304.00	567332.00	0.00	0.00	0.00	15.00	0.00	0.00	0.00	0.00	57.00	2971710.00	
72	2498745.00	1394991.00	105601.00	962412.00	0.00	35741.00	2352112.00	961705.00	0.00	961167.00	429204.00	0.00	101.00	0.00	111082.00	54329.00	0.00	55385.00	1345.00	22.00	0.00	0.00	2241096.00	907376.00	0.00	905783.00	427858.00	0.00	0.00	0.00	79.00	0.00	0.00	0.00	0.00	30.00	1394992.00	
73	3170422.00	1753792.00	76618.00	1295120.00	0.00	44892.00	3051048.00	1295721.00	0.00	1294158.00	460533.00	0.00	300.00	0.00	638874.00	206855.00	0.00	206623.00	225161.00	235.00	0.00	0.00	2411844.00	1088869.00	0.00	1087537.00	235373.00	0.00	0.00	0.00	65.00	0.00	0.00	0.00	0.00	5.00	1753796.00	
74	3425182.00	1984942.00	60929.00	1334423.00	0.00	44889.00	3318795.00	1334144.00	0.00	1334259.00	650275.00	0.00	128.00	0.00	1022792.00	326154.00	0.00	326177.00	370386.00	75.00	0.00	0.00	2296013.00	1007990.00	0.00	1008081.00	279889.00	0.00	0.00	0.00	53.00	0.00	0.00	0.00	0.00	18.00	1984944.00	
75	3654865.00	2171842.00	51781.00	1393853.00	0.00	37389.00	3567108.00	1394133.00	0.00	1394194.00	778489.00	0.00	149.00	0.00	1156294.00	350799.00	0.00	350599.00	454798.00	98.00	0.00	0.00	2410685.00	1043342.00	0.00	1043600.00	323692.00	0.00	0.00	0.00	51.00	0.00	0.00	0.00	0.00	3.00	2171848.00	
76	3674733.00	2145948.00	49218.00	1443267.00	0.00	36300.00	3588684.00	1443255.00	0.00	1442851.00	702458.00	0.00	112.00	0.00	1281918.00	407334.00	0.00	407344.00	467176.00	64.00	0.00	0.00	2306757.00	1035921.00	0.00	1035506.00	235282.00	0.00	0.00	0.00	48.00	0.00	0.00	0.00	0.00	0.00	2145950.00	
77	3774954.00	2159067.00	44038.00	1535726.00	0.00	36123.00	3696139.00	1536180.00	0.00	1536140.00	623630.00	0.00	113.00	0.00	1317230.00	421731.00	0.00	421636.00	473795.00	68.00	0.00	0.00	2378835.00	1114450.00	0.00	1114505.00	149836.00	0.00	0.00	0.00	45.00	0.00	0.00	0.00	0.00	4.00	2159073.00	
78	3872924.00	2221428.00	35938.00	1584466.00	0.00	31092.00	3804519.00	1584002.00	0.00	1583689.00	636653.00	0.00	88.00	0.00	1444621.00	466234.00	0.00	466223.00	512099.00	65.00	0.00	0.00	2359812.00	1117769.00	0.00	1117466.00	124554.00	0.00	0.00	0.00	23.00	0.00	0.00	0.00	0.00	8.00	2221431.00	
79	3908242.00	2237840.00	35826.00	1603810.00	0.00	30766.00	3843355.00	1604411.00	0.00	1604445.00	634409.00	0.00	81.00	0.00	1486131.00	484533.00	0.00	484430.00	517113.00	55.00	0.00	0.00	2357218.00	1119881.00	0.00	1120015.00	117296.00	0.00	0.00	0.00	26.00	0.00	0.00	0.00	0.00	22.00	2237847.00	
80	4012433.00	2310526.00	28314.00	1648784.00	0.00	24811.00	3957705.00	1648222.00	0.00	1648015.00	661256.00	0.00	72.00	0.00	1602025.00	524123.00	0.00	524138.00	553711.00	52.00	0.00	0.00	2355538.00	1124099.00	0.00	1123876.00	107543.00	0.00	0.00	0.00	20.00	0.00	0.00	0.00	0.00	8.00	2310525.00	
81	4029315.00	2320986.00	27185.00	1656722.00	0.00	24422.00	3979185.00	1657103.00	0.00	1657352.00	664739.00	0.00	56.00	0.00	1624185.00	531875.00	0.00	531711.00	560564.00	35.00	0.00	0.00	2355063.00	1125226.00	0.00	1125641.00	104175.00	0.00	0.00	0.00	21.00	0.00	0.00	0.00	0.00	3.00	2320995.00	
82	4103120.00	2374246.00	22316.00	1687235.00	0.00	19323.00	4061655.00	1687338.00	0.00	1687246.00	686879.00	0.00	59.00	0.00	1713966.00	561063.00	0.00	561062.00	591794.00	47.00	0.00	0.00	2347563.00	1126281.00	0.00	1126186.00	95085.00	0.00	0.00	0.00	12.00	0.00	0.00	0.00	0.00	6.00	2374246.00	
83	4129478.00	2390996.00	20423.00	1699937.00	0.00	18123.00	4092382.00	1700307.00	0.00	1700581.00	691488.00	0.00	43.00	0.00	1748926.00	574236.00	0.00	574100.00	600567.00	25.00	0.00	0.00	2343496.00	1126071.00	0.00	1126484.00	90923.00	0.00	0.00	0.00	18.00	0.00	0.00	0.00	0.00	22.00	2391003.00	
84	4172018.00	2421833.00	16471.00	1719170.00	0.00	14544.00	4139137.00	1718681.00	0.00	1718183.00	702185.00	0.00	72.00	0.00	1815555.00	599162.00	0.00	599205.00	617128.00	60.00	0.00	0.00	2323569.00	1119522.00	0.00	1118978.00	85057.00	0.00	0.00	0.00	12.00	0.00	0.00	0.00	0.00	26.00	2421842.00	
85	4165925.00	2415528.00	17749.00	1716180.00	0.00	16470.00	4132251.00	1716182.00	0.00	1716556.00	699370.00	0.00	31.00	0.00	1828366.00	606749.00	0.00	606638.00	614963.00	17.00	0.00	0.00	2303775.00	1109435.00	0.00	1109919.00	84407.00	0.00	0.00	0.00	14.00	0.00	0.00	0.00	0.00	4.00	2415531.00	
86	4229086.00	2469292.00	12169.00	1736944.00	0.00	10681.00	4206658.00	1737238.00	0.00	1736992.00	732456.00	0.00	34.00	0.00	1885475.00	622990.00	0.00	623030.00	639427.00	28.00	0.00	0.00	2321245.00	1114248.00	0.00	1113963.00	93029.00	0.00	0.00	0.00	6.00	0.00	0.00	0.00	0.00	3.00	2469301.00	
87	4208453.00	2465895.00	14835.00	1714740.00	0.00	12983.00	4180159.00	1714387.00	0.00	1714529.00	751142.00	0.00	27.00	0.00	1896480.00	629636.00	0.00	629586.00	637249.00	9.00	0.00	0.00	2283607.00	1084752.00	0.00	1084943.00	113894.00	0.00	0.00	0.00	18.00	0.00	0.00	0.00	0.00	5.00	2465895.00	
88	4292458.00	2529687.00	7449.00	1749259.00	0.00	6064.00	4279505.00	1749535.00	0.00	1749331.00	780539.00	0.00	59.00	0.00	1972283.00	651397.00	0.00	651376.00	669461.00	49.00	0.00	0.00	2307182.00	1098138.00	0.00	1097957.00	111077.00	0.00	0.00	0.00	10.00	0.00	0.00	0.00	0.00	14.00	2529688.00	
89	4225811.00	2474585.00	13935.00	1725395.00	0.00	11896.00	4201375.00	1725875.00	0.00	1726009.00	749471.00	0.00	11.00	0.00	1958801.00	658696.00	0.00	658631.00	641467.00	7.00	0.00	0.00	2242566.00	1067179.00	0.00	1067379.00	108004.00	0.00	0.00	0.00	4.00	0.00	0.00	0.00	0.00	19.00	2474584.00	
90	4306268.00	2538897.00	6446.00	1755309.00	0.00	5616.00	4293804.00	1755106.00	0.00	1755067.00	783511.00	0.00	57.00	0.00	2026476.00	674842.00	0.00	674883.00	676700.00	51.00	0.00	0.00	2267265.00	1080264.00	0.00	1080184.00	106811.00	0.00	0.00	0.00	6.00	0.00	0.00	0.00	0.00	10.00	2538901.00	
91	4268359.00	2507634.00	10021.00	1742220.00	0.00	8484.00	4250310.00	1742483.00	0.00	1742486.00	765326.00	0.00	8.00	0.00	2023172.00	680368.00	0.00	680217.00	662583.00	4.00	0.00	0.00	2227137.00	1062120.00	0.00	1062272.00	102743.00	0.00	0.00	0.00	4.00	0.00	0.00	0.00	0.00	7.00	2507635.00	
92	4327261.00	2556429.00	3491.00	1764923.00	0.00	2419.00	4317556.00	1763433.00	0.00	1763290.00	790798.00	0.00	34.00	0.00	2079151.00	696060.00	0.00	696125.00	686937.00	30.00	0.00	0.00	2238406.00	1067374.00	0.00	1067166.00	103862.00	0.00	0.00	0.00	4.00	0.00	0.00	0.00	0.00	17.00	2556438.00	
93	4293915.00	2528983.00	7104.00	1751795.00	0.00	6034.00	4284145.00	1753146.00	0.00	1753261.00	777742.00	0.00	13.00	0.00	2078541.00	701525.00	0.00	701466.00	675542.00	7.00	0.00	0.00	2205621.00	1051621.00	0.00	1051795.00	102199.00	0.00	0.00	0.00	6.00	0.00	0.00	0.00	0.00	22.00	2528983.00	
94	4294574.00	2529886.00	6078.00	1753504.00	0.00	5106.00	4282013.00	1753031.00	0.00	1752702.00	776258.00	0.00	42.00	0.00	2104423.00	714283.00	0.00	714273.00	675836.00	31.00	0.00	0.00	2177610.00	1038747.00	0.00	1038430.00	100422.00	0.00	0.00	0.00	11.00	0.00	0.00	0.00	0.00	7.00	2529890.00	
95	4344158.00	2566367.00	3428.00	1771758.00	0.00	2607.00	4338540.00	1771874.00	0.00	1772083.00	794484.00	0.00	6.00	0.00	2144002.00	724550.00	0.00	724462.00	694989.00	1.00	0.00	0.00	2194453.00	1047328.00	0.00	1047625.00	99495.00	0.00	0.00	0.00	5.00	0.00	0.00	0.00	0.00	7.00	2566372.00	
96	4340476.00	2560304.00	3148.00	1774528.00	0.00	2496.00	4335464.00	1774768.00	0.00	1774750.00	785913.00	0.00	41.00	0.00	2154961.00	733480.00	0.00	733561.00	687881.00	39.00	0.00	0.00	2180513.00	1041288.00	0.00	1041191.00	98032.00	0.00	0.00	0.00	2.00	0.00	0.00	0.00	0.00	10.00	2560308.00	
97	4338556.00	2563832.00	3983.00	1767646.00	0.00	3095.00	4331105.00	1767332.00	0.00	1767523.00	796258.00	0.00	9.00	0.00	2177291.00	743226.00	0.00	743086.00	690973.00	6.00	0.00	0.00	2153832.00	1024105.00	0.00	1024439.00	105285.00	0.00	0.00	0.00	3.00	0.00	0.00	0.00	0.00	7.00	2563836.00	
98	4345330.00	2583847.00	1682.00	1758749.00	0.00	1052.00	4342322.00	1758777.00	0.00	1758493.00	824960.00	0.00	36.00	0.00	2204097.00	750162.00	0.00	750322.00	703579.00	34.00	0.00	0.00	2138169.00	1008615.00	0.00	1008171.00	121381.00	0.00	0.00	0.00	2.00	0.00	0.00	0.00	0.00	24.00	2583855.00	
99	4353564.00	2587485.00	2455.00	1761915.00	0.00	1709.00	4350337.00	1762214.00	0.00	1762286.00	825745.00	0.00	2.00	0.00	2224045.00	759185.00	0.00	759065.00	705794.00	1.00	0.00	0.00	2126202.00	1003029.00	0.00	1003221.00	119951.00	0.00	0.00	0.00	1.00	0.00	0.00	0.00	0.00	2.00	2587484.00	
100	4363921.00	2593757.00	2115.00	1766788.00	0.00	1261.00	4359556.00	1766404.00	0.00	1766347.00	826821.00	0.00	25.00	0.00	2236919.00	763971.00	0.00	763906.00	709019.00	23.00	0.00	0.00	2122680.00	1002435.00	0.00	1002441.00	117802.00	0.00	0.00	0.00	2.00	0.00	0.00	0.00	0.00	15.00	2593762.00	
101	4370954.00	2606724.00	1819.00	1761378.00	0.00	1033.00	4368125.00	1761387.00	0.00	1761474.00	845267.00	0.00	17.00	0.00	2261718.00	772126.00	0.00	772185.00	717406.00	1.00	0.00	0.00	2106429.00	989262.00	0.00	989290.00	127861.00	0.00	0.00	0.00	16.00	0.00	0.00	0.00	0.00	17.00	2606728.00	
102	4362738.00	2608335.00	1384.00	1752287.00	0.00	733.00	4361516.00	1752535.00	0.00	1752509.00	856417.00	0.00	47.00	0.00	2274126.00	776648.00	0.00	776625.00	720820.00	33.00	0.00	0.00	2087383.00	975887.00	0.00	975885.00	135597.00	0.00	0.00	0.00	14.00	0.00	0.00	0.00	0.00	16.00	2608344.00	
103	4369722.00	2623341.00	1298.00	1744272.00	0.00	811.00	4366988.00	1744116.00	0.00	1744073.00	878642.00	0.00	77.00	0.00	2291807.00	779453.00	0.00	779412.00	732937.00	5.00	0.00	0.00	2075103.00	964665.00	0.00	964661.00	145705.00	0.00	0.00	0.00	72.00	0.00	0.00	0.00	0.00	10.00	2623342.00	
104	4356363.00	2621497.00	1311.00	1732781.00	0.00	775.00	4354878.00	1733010.00	0.00	1733089.00	888809.00	0.00	23.00	0.00	2299475.00	781720.00	0.00	781821.00	735913.00	21.00	0.00	0.00	2055455.00	951289.00	0.00	951269.00	152896.00	0.00	0.00	0.00	2.00	0.00	0.00	0.00	0.00	10.00	2621503.00	
105	4356987.00	2621191.00	1395.00	1733537.00	0.00	865.00	4355448.00	1733871.00	0.00	1733707.00	887841.00	0.00	23.00	0.00	2310758.00	787440.00	0.00	787346.00	735970.00	2.00	0.00	0.00	2044685.00	946431.00	0.00	946362.00	151871.00	0.00	0.00	0.00	21.00	0.00	0.00	0.00	0.00	9.00	2621190.00	
106	4361028.00	2623552.00	1552.00	1735228.00	0.00	696.00	4358773.00	1734963.00	0.00	1735117.00	888570.00	0.00	15.00	0.00	2321557.00	791748.00	0.00	791796.00	738000.00	14.00	0.00	0.00	2037113.00	943217.00	0.00	943323.00	150572.00	0.00	0.00	0.00	1.00	0.00	0.00	0.00	0.00	9.00	2623560.00	
107	4359686.00	2621112.00	1565.00	1736237.00	0.00	772.00	4356564.00	1736110.00	0.00	1736059.00	884430.00	0.00	8.00	0.00	2327246.00	795999.00	0.00	795951.00	735292.00	4.00	0.00	0.00	2029362.00	940111.00	0.00	940108.00	149139.00	0.00	0.00	0.00	4.00	0.00	0.00	0.00	0.00	23.00	2621117.00	
108	4350033.00	2642081.00	910.00	1706606.00	0.00	437.00	4348104.00	1706271.00	0.00	1706273.00	935509.00	0.00	25.00	0.00	2339317.00	788304.00	0.00	788283.00	762712.00	18.00	0.00	0.00	2008762.00	917967.00	0.00	917991.00	172797.00	0.00	0.00	0.00	7.00	0.00	0.00	0.00	0.00	15.00	2642082.00	
109	4347396.00	2643811.00	1031.00	1702075.00	0.00	482.00	4345744.00	1701917.00	0.00	1701902.00	941894.00	0.00	40.00	0.00	2343972.00	789277.00	0.00	789318.00	765372.00	5.00	0.00	0.00	2001783.00	912642.00	0.00	912584.00	176522.00	0.00	0.00	0.00	35.00	0.00	0.00	0.00	0.00	5.00	2643818.00	
110	4335571.00	2629089.00	3456.00	1701287.00	0.00	1739.00	4331784.00	1702012.00	0.00	1701873.00	927807.00	0.00	25.00	0.00	2352473.00	797718.00	0.00	797609.00	757129.00	17.00	0.00	0.00	1979244.00	904294.00	0.00	904265.00	170678.00	0.00	0.00	0.00	8.00	0.00	0.00	0.00	0.00	7.00	2629089.00	
111	4361569.00	2661219.00	918.00	1699200.00	0.00	232.00	4358909.00	1698454.00	0.00	1698503.00	961983.00	0.00	16.00	0.00	2371055.00	796756.00	0.00	796809.00	777487.00	4.00	0.00	0.00	1987901.00	901698.00	0.00	901695.00	184496.00	0.00	0.00	0.00	12.00	0.00	0.00	0.00	0.00	23.00	2661224.00	
112	4349646.00	2664973.00	931.00	1683271.00	0.00	471.00	4349232.00	1683776.00	0.00	1683740.00	981611.00	0.00	67.00	0.00	2380790.00	796531.00	0.00	796542.00	787706.00	10.00	0.00	0.00	1968404.00	887245.00	0.00	887198.00	193904.00	0.00	0.00	0.00	57.00	0.00	0.00	0.00	0.00	20.00	2664984.00	
113	4351968.00	2666112.00	589.00	1685036.00	0.00	231.00	4351300.00	1684778.00	0.00	1684930.00	981542.00	0.00	59.00	0.00	2379536.00	796612.00	0.00	796646.00	786274.00	1.00	0.00	0.00	1971774.00	888166.00	0.00	888284.00	195266.00	0.00	0.00	0.00	58.00	0.00	0.00	0.00	0.00	3.00	2666110.00	
114	4342311.00	2655326.00	3061.00	1682424.00	0.00	1501.00	4337327.00	1682601.00	0.00	1682350.00	972313.00	0.00	36.00	0.00	2385952.00	802938.00	0.00	802837.00	780166.00	11.00	0.00	0.00	1951356.00	879668.00	0.00	879516.00	192147.00	0.00	0.00	0.00	25.00	0.00	0.00	0.00	0.00	6.00	2655332.00	
115	4359533.00	2672570.00	996.00	1685785.00	0.00	183.00	4357847.00	1685433.00	0.00	1685430.00	986918.00	0.00	30.00	0.00	2401744.00	804249.00	0.00	804282.00	793212.00	2.00	0.00	0.00	1956069.00	881184.00	0.00	881149.00	193708.00	0.00	0.00	0.00	28.00	0.00	0.00	0.00	0.00	13.00	2672572.00	
116	4354905.00	2667931.00	811.00	1685920.00	0.00	243.00	4354177.00	1686173.00	0.00	1686131.00	981746.00	0.00	60.00	0.00	2408305.00	809507.00	0.00	809509.00	789273.00	16.00	0.00	0.00	1945810.00	876668.00	0.00	876623.00	192475.00	0.00	0.00	0.00	44.00	0.00	0.00	0.00	0.00	23.00	2667934.00	
117	4366612.00	2672673.00	410.00	1693376.00	0.00	154.00	4365823.00	1693183.00	0.00	1693108.00	979510.00	0.00	11.00	0.00	2418152.00	813812.00	0.00	813768.00	790567.00	7.00	0.00	0.00	1947661.00	879372.00	0.00	879342.00	188943.00	0.00	0.00	0.00	4.00	0.00	0.00	0.00	0.00	11.00	2672676.00	
118	4355914.00	2673538.00	888.00	1681281.00	0.00	207.00	4355284.00	1681583.00	0.00	1681559.00	992171.00	0.00	36.00	0.00	2422676.00	812911.00	0.00	812904.00	796847.00	14.00	0.00	0.00	1932674.00	868673.00	0.00	868655.00	195324.00	0.00	0.00	0.00	22.00	0.00	0.00	0.00	0.00	0.00	2673544.00	
119	4351236.00	2674572.00	1073.00	1675345.00	0.00	247.00	4350466.00	1675659.00	0.00	1675503.00	999266.00	0.00	61.00	0.00	2426110.00	813233.00	0.00	813171.00	799697.00	9.00	0.00	0.00	1924379.00	862426.00	0.00	862332.00	199569.00	0.00	0.00	0.00	52.00	0.00	0.00	0.00	0.00	20.00	2674577.00	
120	4350367.00	2674037.00	730.00	1675432.00	0.00	168.00	4348816.00	1674897.00	0.00	1675085.00	998741.00	0.00	14.00	0.00	2433962.00	817652.00	0.00	817744.00	798554.00	12.00	0.00	0.00	1914775.00	857245.00	0.00	857341.00	200187.00	0.00	0.00	0.00	2.00	0.00	0.00	0.00	0.00	18.00	2674041.00	
121	4362401.00	2680119.00	818.00	1681291.00	0.00	173.00	4360532.00	1680980.00	0.00	1680961.00	998550.00	0.00	44.00	0.00	2448633.00	822753.00	0.00	822756.00	803120.00	5.00	0.00	0.00	1911902.00	858227.00	0.00	858205.00	195431.00	0.00	0.00	0.00	39.00	0.00	0.00	0.00	0.00	11.00	2680122.00	
122	2514655.00	1374706.00	102188.00	998293.00	0.00	39468.00	2369196.00	997546.00	0.00	997711.00	373854.00	0.00	133.00	0.00	111625.00	54881.00	0.00	56231.00	465.00	49.00	0.00	0.00	2257620.00	942666.00	0.00	941481.00	373389.00	0.00	0.00	0.00	84.00	0.00	0.00	0.00	0.00	19.00	1374711.00	
123	2960278.00	1638533.00	87808.00	1191683.00	0.00	42254.00	2832304.00	1192148.00	0.00	1191123.00	448765.00	0.00	173.00	0.00	422702.00	135838.00	0.00	135702.00	151048.00	114.00	0.00	0.00	2409506.00	1056310.00	0.00	1055421.00	297716.00	0.00	0.00	0.00	59.00	0.00	0.00	0.00	0.00	6.00	1638541.00	
124	3464038.00	2006505.00	58613.00	1354558.00	0.00	44363.00	3359987.00	1354190.00	0.00	1353712.00	651682.00	0.00	211.00	0.00	913338.00	283134.00	0.00	283123.00	346997.00	84.00	0.00	0.00	2446459.00	1071058.00	0.00	1070589.00	304685.00	0.00	0.00	0.00	127.00	0.00	0.00	0.00	0.00	11.00	2006505.00	
125	3558730.00	2065875.00	54301.00	1396046.00	0.00	42508.00	3464375.00	1396901.00	0.00	1396730.00	670439.00	0.00	205.00	0.00	1005624.00	308232.00	0.00	308067.00	389235.00	90.00	0.00	0.00	2458656.00	1088672.00	0.00	1088665.00	281204.00	0.00	0.00	0.00	115.00	0.00	0.00	0.00	0.00	3.00	2065877.00	
126	3784823.00	2203093.00	44411.00	1502419.00	0.00	34900.00	3705183.00	1502348.00	0.00	1502180.00	700440.00	0.00	182.00	0.00	1258536.00	395308.00	0.00	395270.00	467867.00	91.00	0.00	0.00	2446614.00	1107040.00	0.00	1106911.00	232573.00	0.00	0.00	0.00	91.00	0.00	0.00	0.00	0.00	7.00	2203098.00	
127	3823690.00	2241934.00	44208.00	1503956.00	0.00	33592.00	3745700.00	1503681.00	0.00	1503839.00	737966.00	0.00	166.00	0.00	1316512.00	413296.00	0.00	413238.00	489925.00	53.00	0.00	0.00	2429140.00	1090385.00	0.00	1090601.00	248041.00	0.00	0.00	0.00	113.00	0.00	0.00	0.00	0.00	12.00	2241941.00	
128	3967630.00	2360758.00	31302.00	1551217.00	0.00	24353.00	3911374.00	1550974.00	0.00	1550550.00	809522.00	0.00	153.00	0.00	1463482.00	450065.00	0.00	450012.00	563339.00	67.00	0.00	0.00	2447720.00	1100910.00	0.00	1100540.00	246185.00	0.00	0.00	0.00	86.00	0.00	0.00	0.00	0.00	12.00	2360763.00	
129	3909966.00	2307653.00	36283.00	1537103.00	0.00	28927.00	3846235.00	1537584.00	0.00	1537738.00	770832.00	0.00	102.00	0.00	1492902.00	473364.00	0.00	473284.00	546235.00	19.00	0.00	0.00	2353355.00	1064220.00	0.00	1064455.00	224597.00	0.00	0.00	0.00	83.00	0.00	0.00	0.00	0.00	9.00	2307656.00	
130	4088919.00	2436941.00	22944.00	1610245.00	0.00	18789.00	4047363.00	1610395.00	0.00	1610062.00	826715.00	0.00	158.00	0.00	1629595.00	507143.00	0.00	507212.00	615175.00	65.00	0.00	0.00	2417736.00	1103253.00	0.00	1102850.00	211540.00	0.00	0.00	0.00	93.00	0.00	0.00	0.00	0.00	7.00	2436944.00	
131	3988245.00	2368275.00	31203.00	1563990.00	0.00	24778.00	3933148.00	1564084.00	0.00	1564340.00	804584.00	0.00	75.00	0.00	1630476.00	521780.00	0.00	521634.00	587055.00	7.00	0.00	0.00	2302610.00	1042306.00	0.00	1042706.00	217530.00	0.00	0.00	0.00	68.00	0.00	0.00	0.00	0.00	3.00	2368278.00	
132	4198667.00	2570275.00	15518.00	1601101.00	0.00	11773.00	4170525.00	1600469.00	0.00	1600569.00	969257.00	0.00	151.00	0.00	1770441.00	538100.00	0.00	538066.00	694198.00	78.00	0.00	0.00	2400009.00	1062370.00	0.00	1062504.00	275061.00	0.00	0.00	0.00	73.00	0.00	0.00	0.00	0.00	10.00	2570276.00	
133	4129843.00	2599745.00	19768.00	1496599.00	0.00	13731.00	4096655.00	1496748.00	0.00	1497102.00	1102714.00	0.00	86.00	0.00	1795562.00	534048.00	0.00	534052.00	727462.00	0.00	0.00	0.00	2301090.00	962699.00	0.00	963050.00	375257.00	0.00	0.00	0.00	86.00	0.00	0.00	0.00	0.00	8.00	2599745.00	
134	4223964.00	2841037.00	10227.00	1367575.00	0.00	5125.00	4210626.00	1367788.00	0.00	1367984.00	1474650.00	0.00	146.00	0.00	1916156.00	513215.00	0.00	513255.00	889630.00	56.00	0.00	0.00	2294417.00	854575.00	0.00	854730.00	585022.00	0.00	0.00	0.00	90.00	0.00	0.00	0.00	0.00	18.00	2841044.00	
135	4216642.00	2923995.00	10746.00	1277468.00	0.00	4433.00	4201633.00	1277262.00	0.00	1277497.00	1646748.00	0.00	74.00	0.00	1975218.00	507095.00	0.00	507074.00	961046.00	3.00	0.00	0.00	2226365.00	770168.00	0.00	770423.00	685703.00	0.00	0.00	0.00	71.00	0.00	0.00	0.00	0.00	1.00	2923999.00	
136	4252570.00	2979581.00	6150.00	1264641.00	0.00	2198.00	4244656.00	1265024.00	0.00	1264964.00	1714622.00	0.00	64.00	0.00	2028020.00	513722.00	0.00	513701.00	1000572.00	25.00	0.00	0.00	2216655.00	751302.00	0.00	751264.00	714050.00	0.00	0.00	0.00	39.00	0.00	0.00	0.00	0.00	8.00	2979579.00	
137	4235084.00	2961718.00	8439.00	1261466.00	0.00	3463.00	4222420.00	1261259.00	0.00	1261292.00	1699923.00	0.00	45.00	0.00	2047632.00	522821.00	0.00	522856.00	1001952.00	3.00	0.00	0.00	2174889.00	738439.00	0.00	738437.00	697971.00	0.00	0.00	0.00	42.00	0.00	0.00	0.00	0.00	24.00	2961722.00	
138	4271867.00	2982250.00	4384.00	1283508.00	0.00	1725.00	4264786.00	1283283.00	0.00	1282997.00	1698386.00	0.00	38.00	0.00	2087414.00	537183.00	0.00	537015.00	1013193.00	23.00	0.00	0.00	2177290.00	746100.00	0.00	745982.00	685193.00	0.00	0.00	0.00	15.00	0.00	0.00	0.00	0.00	5.00	2982259.00	
139	4234484.00	2949647.00	7566.00	1274275.00	0.00	2996.00	4223639.00	1274120.00	0.00	1274135.00	1675245.00	0.00	50.00	0.00	2105206.00	547232.00	0.00	547332.00	1010638.00	4.00	0.00	0.00	2118348.00	726890.00	0.00	726803.00	664609.00	0.00	0.00	0.00	46.00	0.00	0.00	0.00	0.00	8.00	2949647.00	
140	4272472.00	2978302.00	4120.00	1288635.00	0.00	1418.00	4267515.00	1288855.00	0.00	1288719.00	1689949.00	0.00	49.00	0.00	2140216.00	558769.00	0.00	558680.00	1022734.00	33.00	0.00	0.00	2127360.00	730088.00	0.00	730041.00	667215.00	0.00	0.00	0.00	16.00	0.00	0.00	0.00	0.00	14.00	2978315.00	
141	4263567.00	2956285.00	5048.00	1300218.00	0.00	2017.00	4257512.00	1300398.00	0.00	1300389.00	1656639.00	0.00	48.00	0.00	2165033.00	573900.00	0.00	573901.00	1017230.00	2.00	0.00	0.00	2092441.00	726498.00	0.00	726488.00	639409.00	0.00	0.00	0.00	46.00	0.00	0.00	0.00	0.00	16.00	2956287.00	
142	4278441.00	2969850.00	2928.00	1304642.00	0.00	1021.00	4273504.00	1304603.00	0.00	1304545.00	1664306.00	0.00	62.00	0.00	2186443.00	581499.00	0.00	581454.00	1023469.00	21.00	0.00	0.00	2087074.00	723104.00	0.00	723092.00	640837.00	0.00	0.00	0.00	41.00	0.00	0.00	0.00	0.00	3.00	2969857.00	
143	4265168.00	2956305.00	4838.00	1302196.00	0.00	1829.00	4260002.00	1302406.00	0.00	1302415.00	1655082.00	0.00	53.00	0.00	2204685.00	590825.00	0.00	590828.00	1023022.00	10.00	0.00	0.00	2055273.00	711582.00	0.00	711587.00	632060.00	0.00	0.00	0.00	43.00	0.00	0.00	0.00	0.00	17.00	2956304.00	
144	4277508.00	2970597.00	3201.00	1302432.00	0.00	1279.00	4271561.00	1302012.00	0.00	1301875.00	1667601.00	0.00	44.00	0.00	2227816.00	594432.00	0.00	594496.00	1038865.00	22.00	0.00	0.00	2043720.00	707584.00	0.00	707378.00	628736.00	0.00	0.00	0.00	22.00	0.00	0.00	0.00	0.00	17.00	2970605.00	
145	4269913.00	2963842.00	2410.00	1302790.00	0.00	872.00	4267996.00	1303134.00	0.00	1303128.00	1661667.00	0.00	6.00	0.00	2252060.00	604928.00	0.00	604889.00	1042239.00	5.00	0.00	0.00	2015875.00	698205.00	0.00	698239.00	619431.00	0.00	0.00	0.00	1.00	0.00	0.00	0.00	0.00	5.00	2963842.00	
146	4277208.00	2964980.00	3437.00	1307547.00	0.00	1244.00	4271941.00	1307519.00	0.00	1307513.00	1656813.00	0.00	37.00	0.00	2268134.00	611579.00	0.00	611483.00	1045061.00	12.00	0.00	0.00	2003751.00	695942.00	0.00	696030.00	611755.00	0.00	0.00	0.00	25.00	0.00	0.00	0.00	0.00	2.00	2964983.00	
147	4276431.00	2960443.00	2721.00	1312314.00	0.00	953.00	4273925.00	1312555.00	0.00	1312529.00	1648828.00	0.00	21.00	0.00	2272355.00	617232.00	0.00	617267.00	1037855.00	1.00	0.00	0.00	2001585.00	695324.00	0.00	695266.00	610975.00	0.00	0.00	0.00	20.00	0.00	0.00	0.00	0.00	16.00	2960448.00	
148	4289589.00	2970337.00	1505.00	1317352.00	0.00	395.00	4286511.00	1316895.00	0.00	1316872.00	1652691.00	0.00	33.00	0.00	2292463.00	622541.00	0.00	622530.00	1047377.00	15.00	0.00	0.00	1994033.00	694355.00	0.00	694344.00	605315.00	0.00	0.00	0.00	18.00	0.00	0.00	0.00	0.00	19.00	2970344.00	
149	4276588.00	2961500.00	2970.00	1311151.00	0.00	970.00	4271932.00	1310981.00	0.00	1311065.00	1649906.00	0.00	35.00	0.00	2302143.00	626948.00	0.00	626973.00	1048222.00	0.00	0.00	0.00	1969844.00	684033.00	0.00	684092.00	601684.00	0.00	0.00	0.00	35.00	0.00	0.00	0.00	0.00	4.00	2961513.00	
150	4304605.00	2982317.00	1322.00	1320627.00	0.00	339.00	4304404.00	1320949.00	0.00	1320974.00	1662497.00	0.00	16.00	0.00	2324615.00	633586.00	0.00	633597.00	1057418.00	14.00	0.00	0.00	1979822.00	687363.00	0.00	687378.00	605079.00	0.00	0.00	0.00	2.00	0.00	0.00	0.00	0.00	28.00	2982320.00	
151	4286451.00	2978428.00	1666.00	1305766.00	0.00	592.00	4282405.00	1305565.00	0.00	1305035.00	1671627.00	0.00	37.00	0.00	2333609.00	633040.00	0.00	632870.00	1067699.00	2.00	0.00	0.00	1948656.00	672524.00	0.00	672167.00	603930.00	0.00	0.00	0.00	35.00	0.00	0.00	0.00	0.00	1.00	2978423.00	
152	4250611.00	2971977.00	5339.00	1271547.00	0.00	1748.00	4244612.00	1271421.00	0.00	1271984.00	1701187.00	0.00	26.00	0.00	2327084.00	623646.00	0.00	623887.00	1079536.00	15.00	0.00	0.00	1917534.00	647775.00	0.00	648097.00	621651.00	0.00	0.00	0.00	11.00	0.00	0.00	0.00	0.00	7.00	2971982.00	
153	4269750.00	2992844.00	2425.00	1273796.00	0.00	687.00	4264927.00	1273735.00	0.00	1273359.00	1717896.00	0.00	8.00	0.00	2351043.00	627091.00	0.00	626949.00	1097000.00	3.00	0.00	0.00	1913955.00	646644.00	0.00	646411.00	620896.00	0.00	0.00	0.00	5.00	0.00	0.00	0.00	0.00	15.00	2992848.00	
154	4270854.00	2991699.00	2800.00	1275288.00	0.00	1068.00	4267579.00	1275181.00	0.00	1275270.00	1716991.00	0.00	51.00	0.00	2357036.00	631616.00	0.00	631587.00	1093822.00	11.00	0.00	0.00	1910457.00	643565.00	0.00	643683.00	623169.00	0.00	0.00	0.00	40.00	0.00	0.00	0.00	0.00	4.00	2991704.00	
155	4255792.00	3032904.00	3164.00	1218706.00	0.00	1019.00	4252960.00	1219028.00	0.00	1219070.00	1814877.00	0.00	9.00	0.00	2374954.00	616206.00	0.00	616294.00	1142454.00	2.00	0.00	0.00	1878030.00	602822.00	0.00	602776.00	672425.00	0.00	0.00	0.00	7.00	0.00	0.00	0.00	0.00	19.00	3032904.00	
156	4272155.00	3050563.00	2124.00	1219000.00	0.00	468.00	4269120.00	1218926.00	0.00	1219218.00	1830990.00	0.00	13.00	0.00	2393555.00	620164.00	0.00	620239.00	1153148.00	4.00	0.00	0.00	1875592.00	598762.00	0.00	598979.00	677842.00	0.00	0.00	0.00	9.00	0.00	0.00	0.00	0.00	1.00	3050580.00	
157	4269794.00	3042623.00	1724.00	1225014.00	0.00	434.00	4267625.00	1225027.00	0.00	1224930.00	1817656.00	0.00	5.00	0.00	2404550.00	624910.00	0.00	624858.00	1154781.00	1.00	0.00	0.00	1863069.00	600118.00	0.00	600072.00	662875.00	0.00	0.00	0.00	4.00	0.00	0.00	0.00	0.00	31.00	3042638.00	
158	4274578.00	3035316.00	1357.00	1237557.00	0.00	348.00	4272820.00	1237382.00	0.00	1237354.00	1797869.00	0.00	29.00	0.00	2410882.00	633819.00	0.00	633822.00	1143233.00	10.00	0.00	0.00	1861756.00	603564.00	0.00	603533.00	654640.00	0.00	0.00	0.00	19.00	0.00	0.00	0.00	0.00	3.00	3035306.00	
159	4272681.00	3003380.00	2863.00	1265514.00	0.00	925.00	4268406.00	1265579.00	0.00	1265563.00	1737411.00	0.00	2.00	0.00	2417660.00	650425.00	0.00	650410.00	1116824.00	1.00	0.00	0.00	1850894.00	615153.00	0.00	615153.00	620587.00	0.00	0.00	0.00	1.00	0.00	0.00	0.00	0.00	4.00	3003393.00	
160	4295808.00	3018080.00	1400.00	1275977.00	0.00	353.00	4293697.00	1275829.00	0.00	1275661.00	1742144.00	0.00	5.00	0.00	2441794.00	659585.00	0.00	659540.00	1122664.00	4.00	0.00	0.00	1851846.00	616244.00	0.00	616121.00	619480.00	0.00	0.00	0.00	1.00	0.00	0.00	0.00	0.00	18.00	3018087.00	
161	4288088.00	3016131.00	1552.00	1269913.00	0.00	492.00	4287492.00	1270270.00	0.00	1270349.00	1746803.00	0.00	2.00	0.00	2444925.00	660087.00	0.00	660106.00	1124732.00	0.00	0.00	0.00	1842501.00	610183.00	0.00	610244.00	622073.00	0.00	0.00	0.00	2.00	0.00	0.00	0.00	0.00	3.00	3016129.00	
162	4287313.00	3018493.00	888.00	1267795.00	0.00	140.00	4285399.00	1267459.00	0.00	1267523.00	1750478.00	0.00	4.00	0.00	2443166.00	658592.00	0.00	658606.00	1125967.00	3.00	0.00	0.00	1842297.00	608867.00	0.00	608918.00	624511.00	0.00	0.00	0.00	1.00	0.00	0.00	0.00	0.00	18.00	3018509.00	
163	4273711.00	3019402.00	1578.00	1252426.00	0.00	306.00	4273145.00	1252950.00	0.00	1252950.00	1767195.00	0.00	1.00	0.00	2445027.00	655310.00	0.00	655329.00	1134388.00	0.00	0.00	0.00	1828070.00	597640.00	0.00	597621.00	632808.00	0.00	0.00	0.00	1.00	0.00	0.00	0.00	0.00	3.00	3019408.00	
164	4272129.00	3023296.00	1783.00	1246517.00	0.00	534.00	4269683.00	1246349.00	0.00	1246203.00	1777069.00	0.00	18.00	0.00	2458030.00	655010.00	0.00	654947.00	1148060.00	11.00	0.00	0.00	1811613.00	591340.00	0.00	591256.00	629010.00	0.00	0.00	0.00	7.00	0.00	0.00	0.00	0.00	30.00	3023293.00	
165	4278063.00	3031287.00	1517.00	1244839.00	0.00	420.00	4274702.00	1244680.00	0.00	1244651.00	1785394.00	0.00	28.00	0.00	2462395.00	655478.00	0.00	655426.00	1151489.00	3.00	0.00	0.00	1812358.00	589202.00	0.00	589226.00	633906.00	0.00	0.00	0.00	25.00	0.00	0.00	0.00	0.00	4.00	3031303.00	
166	4276754.00	3031613.00	1040.00	1243879.00	0.00	222.00	4275945.00	1243819.00	0.00	1243887.00	1788126.00	0.00	23.00	0.00	2486771.00	660922.00	0.00	660998.00	1164838.00	12.00	0.00	0.00	1789087.00	582898.00	0.00	582889.00	623289.00	0.00	0.00	0.00	11.00	0.00	0.00	0.00	0.00	4.00	3031607.00	
167	4275411.00	3029418.00	914.00	1244955.00	0.00	124.00	4275685.00	1245038.00	0.00	1245173.00	1785448.00	0.00	14.00	0.00	2481881.00	662222.00	0.00	662298.00	1157358.00	3.00	0.00	0.00	1793797.00	582818.00	0.00	582878.00	628090.00	0.00	0.00	0.00	11.00	0.00	0.00	0.00	0.00	17.00	3029423.00	
168	4279234.00	3020126.00	852.00	1258080.00	0.00	176.00	4277125.00	1258261.00	0.00	1257792.00	1761071.00	0.00	21.00	0.00	2492253.00	672518.00	0.00	672287.00	1147443.00	5.00	0.00	0.00	1784893.00	585743.00	0.00	585505.00	613629.00	0.00	0.00	0.00	16.00	0.00	0.00	0.00	0.00	16.00	3020131.00	
169	4282903.00	3020443.00	1238.00	1261002.00	0.00	221.00	4280642.00	1260751.00	0.00	1260994.00	1758899.00	0.00	10.00	0.00	2494631.00	674285.00	0.00	674401.00	1145942.00	2.00	0.00	0.00	1786025.00	586466.00	0.00	586594.00	612957.00	0.00	0.00	0.00	8.00	0.00	0.00	0.00	0.00	3.00	3020450.00	
170	4286794.00	3020153.00	1418.00	1264929.00	0.00	294.00	4286784.00	1265446.00	0.00	1265284.00	1756039.00	0.00	5.00	0.00	2508281.00	680211.00	0.00	680136.00	1147932.00	2.00	0.00	0.00	1778495.00	585237.00	0.00	585148.00	608108.00	0.00	0.00	0.00	3.00	0.00	0.00	0.00	0.00	19.00	3020157.00	
171	4292752.00	3016330.00	709.00	1275499.00	0.00	214.00	4291793.00	1275402.00	0.00	1275468.00	1740810.00	0.00	6.00	0.00	2516611.00	686343.00	0.00	686338.00	1143926.00	4.00	0.00	0.00	1775077.00	589061.00	0.00	589131.00	596884.00	0.00	0.00	0.00	2.00	0.00	0.00	0.00	0.00	17.00	3016328.00	
172	2513712.00	1412353.00	105366.00	960251.00	0.00	35742.00	2366365.00	959245.00	0.00	958525.00	448599.00	0.00	112.00	0.00	108428.00	53062.00	0.00	54052.00	1278.00	36.00	0.00	0.00	2258057.00	906184.00	0.00	904475.00	447322.00	0.00	0.00	0.00	76.00	0.00	0.00	0.00	0.00	4.00	1412359.00	
173	3111589.00	1773015.00	79517.00	1217407.00	0.00	41650.00	2992058.00	1217763.00	0.00	1216822.00	557060.00	0.00	210.00	0.00	552304.00	177377.00	0.00	177226.00	197543.00	158.00	0.00	0.00	2439554.00	1040387.00	0.00	1039596.00	359519.00	0.00	0.00	0.00	52.00	0.00	0.00	0.00	0.00	2.00	1773021.00	
174	3320407.00	1979947.00	67219.00	1230557.00	0.00	42684.00	3210093.00	1230440.00	0.00	1230247.00	749208.00	0.00	122.00	0.00	1001054.00	324135.00	0.00	324175.00	352686.00	58.00	0.00	0.00	2208970.00	906309.00	0.00	906075.00	396522.00	0.00	0.00	0.00	64.00	0.00	0.00	0.00	0.00	14.00	1979946.00	
175	3447184.00	2062327.00	63160.00	1281307.00	0.00	40391.00	3345017.00	1281626.00	0.00	1281515.00	781655.00	0.00	137.00	0.00	1080383.00	342320.00	0.00	342161.00	395813.00	88.00	0.00	0.00	2264548.00	939303.00	0.00	939356.00	385841.00	0.00	0.00	0.00	49.00	0.00	0.00	0.00	0.00	1.00	2062339.00	
176	3699522.00	2228041.00	49081.00	1386718.00	0.00	35683.00	3615082.00	1386829.00	0.00	1386644.00	841475.00	0.00	110.00	0.00	1306878.00	411131.00	0.00	411112.00	484570.00	65.00	0.00	0.00	2308179.00	975697.00	0.00	975532.00	356905.00	0.00	0.00	0.00	45.00	0.00	0.00	0.00	0.00	2.00	2228044.00	
177	3758889.00	2268117.00	46843.00	1410473.00	0.00	33456.00	3678400.00	1410216.00	0.00	1410335.00	857606.00	0.00	95.00	0.00	1361613.00	427334.00	0.00	427142.00	507068.00	68.00	0.00	0.00	2316639.00	982881.00	0.00	983193.00	350538.00	0.00	0.00	0.00	27.00	0.00	0.00	0.00	0.00	0.00	2268115.00	
178	3913638.00	2378632.00	33536.00	1476428.00	0.00	25043.00	3855235.00	1476597.00	0.00	1476448.00	902082.00	0.00	74.00	0.00	1523162.00	474421.00	0.00	474440.00	574244.00	58.00	0.00	0.00	2332039.00	1002176.00	0.00	1002008.00	327839.00	0.00	0.00	0.00	16.00	0.00	0.00	0.00	0.00	15.00	2378638.00	
179	3906886.00	2366091.00	35859.00	1477948.00	0.00	26989.00	3844944.00	1478213.00	0.00	1478120.00	888518.00	0.00	58.00	0.00	1549396.00	489063.00	0.00	488954.00	571341.00	38.00	0.00	0.00	2295514.00	989150.00	0.00	989167.00	317177.00	0.00	0.00	0.00	20.00	0.00	0.00	0.00	0.00	1.00	2366091.00	
180	4008652.00	2440452.00	28801.00	1517520.00	0.00	21879.00	3958116.00	1517557.00	0.00	1517535.00	922934.00	0.00	66.00	0.00	1663374.00	522332.00	0.00	522234.00	618756.00	52.00	0.00	0.00	2294720.00	995227.00	0.00	995301.00	304178.00	0.00	0.00	0.00	14.00	0.00	0.00	0.00	0.00	2.00	2440458.00	
181	3966572.00	2401295.00	32267.00	1508548.00	0.00	24464.00	3909301.00	1508381.00	0.00	1508438.00	892426.00	0.00	27.00	0.00	1674079.00	537496.00	0.00	537454.00	599116.00	13.00	0.00	0.00	2235193.00	970885.00	0.00	970984.00	293310.00	0.00	0.00	0.00	14.00	0.00	0.00	0.00	0.00	2.00	2401306.00	
182	4062733.00	2468880.00	25496.00	1548880.00	0.00	19477.00	4018498.00	1548964.00	0.00	1548904.00	920478.00	0.00	74.00	0.00	1763850.00	564765.00	0.00	564863.00	634168.00	54.00	0.00	0.00	2254573.00	984200.00	0.00	984044.00	286310.00	0.00	0.00	0.00	20.00	0.00	0.00	0.00	0.00	1.00	2468877.00	
183	4046224.00	2456684.00	26611.00	1542846.00	0.00	20083.00	3999123.00	1542664.00	0.00	1542710.00	913707.00	0.00	14.00	0.00	1778121.00	573062.00	0.00	572835.00	632217.00	7.00	0.00	0.00	2220976.00	969602.00	0.00	969876.00	281491.00	0.00	0.00	0.00	7.00	0.00	0.00	0.00	0.00	10.00	2456688.00	
184	4178853.00	2559508.00	15187.00	1592792.00	0.00	11367.00	4151909.00	1592728.00	0.00	1592587.00	966514.00	0.00	55.00	0.00	1874915.00	595620.00	0.00	595764.00	683491.00	40.00	0.00	0.00	2276968.00	997108.00	0.00	996823.00	283023.00	0.00	0.00	0.00	15.00	0.00	0.00	0.00	0.00	6.00	2559517.00	
185	4147713.00	2528647.00	19337.00	1585121.00	0.00	14609.00	4113798.00	1585039.00	0.00	1585239.00	943438.00	0.00	15.00	0.00	1889622.00	610106.00	0.00	609940.00	669574.00	2.00	0.00	0.00	2224110.00	974934.00	0.00	975300.00	273863.00	0.00	0.00	0.00	13.00	0.00	0.00	0.00	0.00	2.00	2528650.00	
186	4220194.00	2587139.00	12147.00	1611902.00	0.00	9006.00	4199438.00	1612246.00	0.00	1611840.00	975291.00	0.00	82.00	0.00	1955619.00	627801.00	0.00	627903.00	699844.00	72.00	0.00	0.00	2243840.00	984444.00	0.00	983939.00	275447.00	0.00	0.00	0.00	10.00	0.00	0.00	0.00	0.00	10.00	2587146.00	
187	4215299.00	2596083.00	13129.00	1596230.00	0.00	9858.00	4192911.00	1596202.00	0.00	1596597.00	1000106.00	0.00	17.00	0.00	1980307.00	633946.00	0.00	633793.00	712561.00	8.00	0.00	0.00	2212615.00	962257.00	0.00	962804.00	287545.00	0.00	0.00	0.00	9.00	0.00	0.00	0.00	0.00	2.00	2596087.00	
188	4265995.00	2650593.00	7513.00	1602380.00	0.00	5509.00	4253095.00	1602550.00	0.00	1602300.00	1048157.00	0.00	42.00	0.00	2039813.00	644747.00	0.00	644784.00	750247.00	35.00	0.00	0.00	2213240.00	957804.00	0.00	957515.00	297913.00	0.00	0.00	0.00	7.00	0.00	0.00	0.00	0.00	7.00	2650596.00	
189	4209926.00	2605693.00	13231.00	1581457.00	0.00	9545.00	4188463.00	1581746.00	0.00	1582101.00	1024638.00	0.00	11.00	0.00	2030106.00	651114.00	0.00	651050.00	727940.00	2.00	0.00	0.00	2158390.00	930632.00	0.00	931051.00	296698.00	0.00	0.00	0.00	9.00	0.00	0.00	0.00	0.00	1.00	2605696.00	
190	4286953.00	2687591.00	6482.00	1588982.00	0.00	3901.00	4275457.00	1588529.00	0.00	1588334.00	1098400.00	0.00	43.00	0.00	2096462.00	656880.00	0.00	656727.00	782818.00	37.00	0.00	0.00	2178844.00	931649.00	0.00	931607.00	315581.00	0.00	0.00	0.00	6.00	0.00	0.00	0.00	0.00	2.00	2687597.00	
191	4258268.00	2661034.00	8809.00	1582252.00	0.00	6174.00	4243024.00	1582338.00	0.00	1582196.00	1078542.00	0.00	4.00	0.00	2093469.00	663146.00	0.00	663252.00	767071.00	0.00	0.00	0.00	2149613.00	919193.00	0.00	918945.00	311472.00	0.00	0.00	0.00	4.00	0.00	0.00	0.00	0.00	10.00	2661040.00	
192	4314318.00	2710192.00	3309.00	1598682.00	0.00	2136.00	4309217.00	1598695.00	0.00	1598975.00	1111535.00	0.00	35.00	0.00	2146871.00	675224.00	0.00	675184.00	796433.00	30.00	0.00	0.00	2162370.00	923471.00	0.00	923791.00	315103.00	0.00	0.00	0.00	5.00	0.00	0.00	0.00	0.00	2.00	2710197.00	
193	4290825.00	2709027.00	6001.00	1572099.00	0.00	3698.00	4281186.00	1572026.00	0.00	1571994.00	1137195.00	0.00	9.00	0.00	2155762.00	675378.00	0.00	675372.00	805008.00	4.00	0.00	0.00	2125462.00	896648.00	0.00	896622.00	332187.00	0.00	0.00	0.00	5.00	0.00	0.00	0.00	0.00	7.00	2709028.00	
194	4331795.00	2767614.00	1677.00	1561445.00	0.00	1059.00	4329589.00	1561531.00	0.00	1561550.00	1206430.00	0.00	32.00	0.00	2195538.00	674414.00	0.00	674387.00	846707.00	30.00	0.00	0.00	2134010.00	887119.00	0.00	887164.00	359724.00	0.00	0.00	0.00	2.00	0.00	0.00	0.00	0.00	10.00	2767625.00	
195	4329046.00	2778534.00	2380.00	1546623.00	0.00	1510.00	4325955.00	1546998.00	0.00	1546959.00	1231975.00	0.00	7.00	0.00	2225049.00	680776.00	0.00	680757.00	863514.00	2.00	0.00	0.00	2100894.00	866225.00	0.00	866203.00	368461.00	0.00	0.00	0.00	5.00	0.00	0.00	0.00	0.00	2.00	2778540.00	
196	4336395.00	2787838.00	1418.00	1546370.00	0.00	769.00	4334571.00	1546498.00	0.00	1546529.00	1241460.00	0.00	25.00	0.00	2241525.00	684951.00	0.00	684944.00	871612.00	18.00	0.00	0.00	2092988.00	861548.00	0.00	861585.00	369848.00	0.00	0.00	0.00	7.00	0.00	0.00	0.00	0.00	2.00	2787839.00	
197	4327729.00	2782037.00	2388.00	1541954.00	0.00	1350.00	4320934.00	1540984.00	0.00	1540702.00	1239250.00	0.00	27.00	0.00	2252489.00	690554.00	0.00	690535.00	871399.00	1.00	0.00	0.00	2068474.00	850430.00	0.00	850167.00	367851.00	0.00	0.00	0.00	26.00	0.00	0.00	0.00	0.00	7.00	2782042.00	
198	4326206.00	2776536.00	1484.00	1547376.00	0.00	810.00	4325359.00	1547756.00	0.00	1547960.00	1229541.00	0.00	65.00	0.00	2266685.00	698577.00	0.00	698593.00	869498.00	17.00	0.00	0.00	2058643.00	849181.00	0.00	849367.00	360047.00	0.00	0.00	0.00	48.00	0.00	0.00	0.00	0.00	10.00	2776538.00	
199	4316615.00	2769291.00	2407.00	1543524.00	0.00	1393.00	4313583.00	1543665.00	0.00	1543674.00	1226206.00	0.00	17.00	0.00	2274361.00	703749.00	0.00	703712.00	866896.00	4.00	0.00	0.00	2039202.00	839916.00	0.00	839962.00	359311.00	0.00	0.00	0.00	13.00	0.00	0.00	0.00	0.00	2.00	2769294.00	
200	4326740.00	2779387.00	1143.00	1545689.00	0.00	521.00	4325199.00	1545713.00	0.00	1545755.00	1233665.00	0.00	60.00	0.00	2288464.00	708158.00	0.00	708201.00	872088.00	17.00	0.00	0.00	2036729.00	837555.00	0.00	837554.00	361577.00	0.00	0.00	0.00	43.00	0.00	0.00	0.00	0.00	1.00	2779392.00	
201	4330674.00	2805387.00	436.00	1524773.00	0.00	79.00	4329731.00	1524540.00	0.00	1524522.00	1280589.00	0.00	69.00	0.00	2323848.00	721851.00	0.00	721851.00	880145.00	1.00	0.00	0.00	2005873.00	802690.00	0.00	802671.00	400444.00	0.00	0.00	0.00	68.00	0.00	0.00	0.00	0.00	11.00	2805386.00	
202	4330026.00	2809233.00	204.00	1520552.00	0.00	37.00	4331109.00	1521125.00	0.00	1520903.00	1289001.00	0.00	20.00	0.00	2335144.00	722966.00	0.00	722858.00	889302.00	18.00	0.00	0.00	1995907.00	798160.00	0.00	798045.00	399701.00	0.00	0.00	0.00	2.00	0.00	0.00	0.00	0.00	5.00	2809237.00	
203	4373385.00	2643605.00	118.00	1729652.00	0.00	10.00	4371946.00	1729714.00	0.00	1729173.00	913067.00	0.00	4.00	0.00	2394891.00	870717.00	0.00	870375.00	653795.00	4.00	0.00	0.00	1977070.00	858997.00	0.00	858799.00	259275.00	0.00	0.00	0.00	0.00	0.00	0.00	0.00	0.00	3.00	2643606.00	
204	4379685.00	2593551.00	269.00	1785865.00	0.00	0.00	4378700.00	1785414.00	0.00	1785458.00	807784.00	0.00	13.00	0.00	2414501.00	914466.00	0.00	914409.00	585615.00	13.00	0.00	0.00	1964171.00	870950.00	0.00	871051.00	222170.00	0.00	0.00	0.00	0.00	0.00	0.00	0.00	0.00	2.00	2593555.00	
205	4384216.00	2598998.00	311.00	1784907.00	0.00	1.00	4383852.00	1784985.00	0.00	1784967.00	813942.00	0.00	3.00	0.00	2426731.00	917032.00	0.00	917096.00	592600.00	3.00	0.00	0.00	1957166.00	867953.00	0.00	867872.00	221342.00	0.00	0.00	0.00	0.00	0.00	0.00	0.00	0.00	9.00	2599004.00	
206	4381309.00	2595296.00	126.00	1785888.00	0.00	0.00	4382713.00	1786372.00	0.00	1786419.00	809801.00	0.00	36.00	0.00	2438352.00	924146.00	0.00	924094.00	590076.00	36.00	0.00	0.00	1944282.00	862227.00	0.00	862324.00	219731.00	0.00	0.00	0.00	0.00	0.00	0.00	0.00	0.00	8.00	2595294.00	
207	4385513.00	2597353.00	208.00	1787952.00	0.00	0.00	4384524.00	1787744.00	0.00	1787659.00	809188.00	0.00	1.00	0.00	2453694.00	931366.00	0.00	931353.00	590974.00	1.00	0.00	0.00	1930898.00	856378.00	0.00	856306.00	218214.00	0.00	0.00	0.00	0.00	0.00	0.00	0.00	0.00	1.00	2597370.00	
208	4387711.00	2597806.00	239.00	1789666.00	0.00	0.00	4388079.00	1789897.00	0.00	1789801.00	808257.00	0.00	22.00	0.00	2462842.00	936011.00	0.00	935981.00	590828.00	22.00	0.00	0.00	1925135.00	853886.00	0.00	853820.00	217429.00	0.00	0.00	0.00	0.00	0.00	0.00	0.00	0.00	2.00	2597801.00	
209	4379842.00	2593877.00	90.00	1785876.00	0.00	0.00	4378863.00	1785431.00	0.00	1785611.00	807857.00	0.00	3.00	0.00	2469377.00	938089.00	0.00	938192.00	593093.00	3.00	0.00	0.00	1909526.00	847343.00	0.00	847419.00	214764.00	0.00	0.00	0.00	0.00	0.00	0.00	0.00	0.00	11.00	2593886.00	
210	4381466.00	2595085.00	165.00	1786216.00	0.00	0.00	4382423.00	1786627.00	0.00	1786555.00	809095.00	0.00	23.00	0.00	2479474.00	942356.00	0.00	942326.00	594772.00	19.00	0.00	0.00	1902829.00	844272.00	0.00	844231.00	214322.00	0.00	0.00	0.00	4.00	0.00	0.00	0.00	0.00	1.00	2595084.00	
211	4382006.00	2595886.00	169.00	1785951.00	0.00	0.00	4380841.00	1785664.00	0.00	1785575.00	809638.00	0.00	6.00	0.00	2487034.00	945066.00	0.00	945005.00	596959.00	6.00	0.00	0.00	1893851.00	840600.00	0.00	840571.00	212680.00	0.00	0.00	0.00	0.00	0.00	0.00	0.00	0.00	3.00	2595895.00	
212	4376380.00	2593209.00	233.00	1782940.00	0.00	0.00	4377623.00	1783480.00	0.00	1783465.00	810666.00	0.00	26.00	0.00	2493117.00	947034.00	0.00	946993.00	599065.00	26.00	0.00	0.00	1884522.00	836447.00	0.00	836473.00	211602.00	0.00	0.00	0.00	0.00	0.00	0.00	0.00	0.00	6.00	2593210.00	
213	4365169.00	2585998.00	258.00	1778915.00	0.00	0.00	4363275.00	1778348.00	0.00	1778364.00	806552.00	0.00	3.00	0.00	2489945.00	946786.00	0.00	946732.00	596425.00	2.00	0.00	0.00	1873326.00	831563.00	0.00	831633.00	210129.00	0.00	0.00	0.00	1.00	0.00	0.00	0.00	0.00	10.00	2586005.00	
214	4369686.00	2589455.00	167.00	1780068.00	0.00	0.00	4369016.00	1779785.00	0.00	1779706.00	809432.00	0.00	13.00	0.00	2498296.00	949814.00	0.00	949850.00	598620.00	13.00	0.00	0.00	1870646.00	829973.00	0.00	829857.00	210816.00	0.00	0.00	0.00	0.00	0.00	0.00	0.00	0.00	2.00	2589458.00	
215	4377769.00	2593100.00	266.00	1784404.00	0.00	0.00	4379351.00	1785070.00	0.00	1785113.00	809133.00	0.00	6.00	0.00	2510797.00	955986.00	0.00	955949.00	598856.00	6.00	0.00	0.00	1868525.00	829084.00	0.00	829164.00	210277.00	0.00	0.00	0.00	0.00	0.00	0.00	0.00	0.00	6.00	2593100.00	
216	4386918.00	2596736.00	236.00	1789947.00	0.00	0.00	4385415.00	1789569.00	0.00	1789573.00	806284.00	0.00	13.00	0.00	2522517.00	963175.00	0.00	963202.00	596127.00	13.00	0.00	0.00	1862925.00	826396.00	0.00	826371.00	210158.00	0.00	0.00	0.00	0.00	0.00	0.00	0.00	0.00	3.00	2596742.00	
217	4385826.00	2595535.00	103.00	1790188.00	0.00	0.00	4386767.00	1790529.00	0.00	1790501.00	805677.00	0.00	1.00	0.00	2531066.00	966192.00	0.00	966212.00	598661.00	1.00	0.00	0.00	1855643.00	824338.00	0.00	824289.00	207016.00	0.00	0.00	0.00	0.00	0.00	0.00	0.00	0.00	10.00	2595536.00	
218	4384541.00	2596559.00	85.00	1787897.00	0.00	0.00	4383191.00	1787481.00	0.00	1787422.00	808299.00	0.00	23.00	0.00	2532273.00	966384.00	0.00	966316.00	599550.00	23.00	0.00	0.00	1850954.00	821097.00	0.00	821106.00	208751.00	0.00	0.00	0.00	0.00	0.00	0.00	0.00	0.00	2.00	2596569.00	
219	4374187.00	2590969.00	157.00	1783054.00	0.00	7.00	4374660.00	1783254.00	0.00	1783267.00	808122.00	0.00	5.00	0.00	2531957.00	965494.00	0.00	965538.00	600920.00	5.00	0.00	0.00	1842692.00	817760.00	0.00	817730.00	207202.00	0.00	0.00	0.00	0.00	0.00	0.00	0.00	0.00	1.00	2590974.00	
220	4372206.00	2587753.00	301.00	1784153.00	0.00	0.00	4371439.00	1783893.00	0.00	1783874.00	803616.00	0.00	7.00	0.00	2543820.00	972710.00	0.00	972709.00	598395.00	7.00	0.00	0.00	1827571.00	811183.00	0.00	811167.00	205221.00	0.00	0.00	0.00	0.00	0.00	0.00	0.00	0.00	3.00	2587750.00	
