second	tx	tx_grant	tx_grant_re4wait	tx_release	tx_release_re4modfail	tx_release_re4wait	rx	rx_grantSucc	rx_queueSucc	rx_releaseSucc	rx_grantFail	rx_grantModFail	rx_releaseFail	rx_releaseModFail	rx_p4	rx_grantSucc_p4	rx_queueSucc_p4	rx_releaseSucc_p4	rx_grantFail_p4	rx_releaseFail_p4	rx_bdFail_p4	rx_mirror_p4	rx_fpga	rx_grantSucc_fpga	rx_queueSucc_fpga	rx_releaseSucc_fpga	rx_grantFail_fpga	rx_grantModFail_fpga	rx_grantModHitFail_fpga	rx_grantModNfsFail_fpga	rx_releaseFail_fpga	rx_releaseModFail_fpga	rx_releaseModHitFail_fpga	rx_releaseModNfsFail_fpga	dropped_pkt	txn_fail	txn_total	
2	32008188.00	18027136.00	8.00	13981046.00	0.00	2.00	32007622.00	13980779.00	0.00	13980754.00	4046124.00	0.00	0.00	0.00	0.00	0.00	0.00	0.00	0.00	0.00	0.00	0.00	32007656.00	13980779.00	0.00	13980754.00	4046124.00	0.00	0.00	0.00	0.00	0.00	0.00	0.00	0.00	0.00	18027138.00	
3	31985118.00	18014108.00	442.00	13970442.00	0.00	129.00	31985304.00	13970747.00	0.00	13970832.00	4043734.00	0.00	2.00	0.00	0.00	0.00	0.00	0.00	0.00	0.00	0.00	0.00	31985316.00	13970747.00	0.00	13970832.00	4043734.00	0.00	0.00	0.00	2.00	0.00	0.00	0.00	0.00	0.00	18014108.00	
4	31997912.00	18021552.00	2740.00	13973580.00	0.00	41.00	31995232.00	13973666.00	0.00	13973663.00	4047939.00	0.00	1.00	0.00	0.00	0.00	0.00	0.00	0.00	0.00	0.00	0.00	31995272.00	13973668.00	0.00	13973663.00	4047940.00	0.00	0.00	0.00	1.00	0.00	0.00	0.00	0.00	0.00	18021556.00	
5	31956644.00	17996604.00	1500.00	13958393.00	0.00	147.00	31954444.00	13958205.00	0.00	13958123.00	4038095.00	0.00	3.00	0.00	0.00	0.00	0.00	0.00	0.00	0.00	0.00	0.00	31954424.00	13958204.00	0.00	13958123.00	4038095.00	0.00	0.00	0.00	3.00	0.00	0.00	0.00	0.00	0.00	17996608.00	
6	31656576.00	17828284.00	4215.00	13823805.00	0.00	274.00	31652818.00	13824034.00	0.00	13824077.00	4004674.00	0.00	4.00	0.00	0.00	0.00	0.00	0.00	0.00	0.00	0.00	0.00	31652790.00	13824034.00	0.00	13824078.00	4004674.00	0.00	0.00	0.00	4.00	0.00	0.00	0.00	0.00	0.00	17828284.00	
7	31630236.00	17816630.00	1704.00	13811770.00	0.00	136.00	31628074.00	13811659.00	0.00	13811619.00	4004816.00	0.00	4.00	0.00	0.00	0.00	0.00	0.00	0.00	0.00	0.00	0.00	31628100.00	13811659.00	0.00	13811620.00	4004816.00	0.00	0.00	0.00	4.00	0.00	0.00	0.00	0.00	0.00	17816632.00	
8	30235448.00	17035580.00	994.00	13198849.00	0.00	27.00	30233816.00	13198503.00	0.00	13198637.00	3836641.00	0.00	0.00	0.00	0.00	0.00	0.00	0.00	0.00	0.00	0.00	0.00	30233784.00	13198506.00	0.00	13198640.00	3836641.00	0.00	0.00	0.00	0.00	0.00	0.00	0.00	0.00	0.00	17035576.00	
9	30155624.00	16981760.00	1677.00	13171946.00	0.00	240.00	30154100.00	13172248.00	0.00	13172071.00	3809752.00	0.00	3.00	0.00	0.00	0.00	0.00	0.00	0.00	0.00	0.00	0.00	30154076.00	13172248.00	0.00	13172071.00	3809752.00	0.00	0.00	0.00	3.00	0.00	0.00	0.00	0.00	0.00	16981764.00	
10	30361680.00	17102808.00	21.00	13258841.00	0.00	9.00	30361148.00	13258559.00	0.00	13258632.00	3843968.00	0.00	0.00	0.00	0.00	0.00	0.00	0.00	0.00	0.00	0.00	0.00	30361156.00	13258558.00	0.00	13258632.00	3843968.00	0.00	0.00	0.00	0.00	0.00	0.00	0.00	0.00	0.00	17102812.00	
11	31998844.00	18022832.00	601.00	13975225.00	0.00	188.00	31998248.00	13975347.00	0.00	13975314.00	4047622.00	0.00	2.00	0.00	0.00	0.00	0.00	0.00	0.00	0.00	0.00	0.00	31998288.00	13975347.00	0.00	13975317.00	4047623.00	0.00	0.00	0.00	2.00	0.00	0.00	0.00	0.00	0.00	18022832.00	
12	31988184.00	18014582.00	15.00	13973576.00	0.00	11.00	31988600.00	13973781.00	0.00	13973756.00	4041021.00	0.00	0.00	0.00	0.00	0.00	0.00	0.00	0.00	0.00	0.00	0.00	31988558.00	13973782.00	0.00	13973756.00	4041021.00	0.00	0.00	0.00	0.00	0.00	0.00	0.00	0.00	0.00	18014582.00	
13	32090084.00	18071608.00	27.00	14018446.00	0.00	6.00	32090008.00	14018421.00	0.00	14018404.00	4053212.00	0.00	0.00	0.00	0.00	0.00	0.00	0.00	0.00	0.00	0.00	0.00	32090040.00	14018421.00	0.00	14018404.00	4053212.00	0.00	0.00	0.00	0.00	0.00	0.00	0.00	0.00	0.00	18071612.00	
14	26490220.00	14400749.00	265554.00	11823504.00	0.00	414.00	26222218.00	11822606.00	0.00	11823798.00	2574971.00	0.00	424.00	0.00	4165314.00	1775562.00	0.00	1775545.00	613785.00	422.00	0.00	0.00	22056486.00	10047044.00	0.00	10048253.00	1961186.00	0.00	0.00	0.00	2.00	0.00	0.00	0.00	0.00	0.00	14400746.00	
15	923810.00	52689.00	817857.00	52664.00	0.00	600.00	105339.00	52652.00	0.00	52679.00	8.00	0.00	0.00	0.00	53668.00	26823.00	0.00	26837.00	8.00	0.00	0.00	0.00	51671.00	25829.00	0.00	25842.00	0.00	0.00	0.00	0.00	0.00	0.00	0.00	0.00	0.00	0.00	52689.00	
16	818774.00	0.00	818174.00	0.00	0.00	600.00	0.00	0.00	0.00	0.00	0.00	0.00	0.00	0.00	0.00	0.00	0.00	0.00	0.00	0.00	0.00	0.00	0.00	0.00	0.00	0.00	0.00	0.00	0.00	0.00	0.00	0.00	0.00	0.00	0.00	0.00	0.00	
17	818825.00	0.00	818225.00	0.00	0.00	600.00	0.00	0.00	0.00	0.00	0.00	0.00	0.00	0.00	0.00	0.00	0.00	0.00	0.00	0.00	0.00	0.00	0.00	0.00	0.00	0.00	0.00	0.00	0.00	0.00	0.00	0.00	0.00	0.00	0.00	0.00	0.00	
18	818734.00	0.00	818134.00	0.00	0.00	600.00	0.00	0.00	0.00	0.00	0.00	0.00	0.00	0.00	0.00	0.00	0.00	0.00	0.00	0.00	0.00	0.00	0.00	0.00	0.00	0.00	0.00	0.00	0.00	0.00	0.00	0.00	0.00	0.00	0.00	0.00	0.00	
19	10896814.00	5266213.00	736969.00	4893344.00	0.00	288.00	10155687.00	4893430.00	0.00	4893234.00	368990.00	0.00	21.00	0.00	5158042.00	2394567.00	0.00	2394464.00	368990.00	21.00	0.00	0.00	4997634.00	2498864.00	0.00	2498770.00	0.00	0.00	0.00	0.00	0.00	0.00	0.00	0.00	0.00	4056.00	5266214.00	
20	1999943.00	597962.00	813203.00	588778.00	0.00	0.00	1186529.00	588693.00	0.00	588869.00	8966.00	0.00	0.00	0.00	646363.00	318650.00	0.00	318747.00	8966.00	0.00	0.00	0.00	540165.00	270043.00	0.00	270122.00	0.00	0.00	0.00	0.00	0.00	0.00	0.00	0.00	0.00	37.00	597962.00	
21	818764.00	0.00	818764.00	0.00	0.00	0.00	0.00	0.00	0.00	0.00	0.00	0.00	0.00	0.00	0.00	0.00	0.00	0.00	0.00	0.00	0.00	0.00	0.00	0.00	0.00	0.00	0.00	0.00	0.00	0.00	0.00	0.00	0.00	0.00	0.00	0.00	0.00	
22	818754.00	0.00	818754.00	0.00	0.00	0.00	0.00	0.00	0.00	0.00	0.00	0.00	0.00	0.00	0.00	0.00	0.00	0.00	0.00	0.00	0.00	0.00	0.00	0.00	0.00	0.00	0.00	0.00	0.00	0.00	0.00	0.00	0.00	0.00	0.00	0.00	0.00	
23	818786.00	0.00	818786.00	0.00	0.00	0.00	0.00	0.00	0.00	0.00	0.00	0.00	0.00	0.00	0.00	0.00	0.00	0.00	0.00	0.00	0.00	0.00	0.00	0.00	0.00	0.00	0.00	0.00	0.00	0.00	0.00	0.00	0.00	0.00	0.00	0.00	0.00	
24	9043927.00	4288582.00	759592.00	3995753.00	0.00	0.00	8281023.00	3995910.00	0.00	3995597.00	289478.00	0.00	13.00	0.00	4541107.00	2147732.00	0.00	2147562.00	245800.00	13.00	0.00	0.00	3739893.00	1848179.00	0.00	1848036.00	43678.00	0.00	0.00	0.00	0.00	0.00	0.00	0.00	0.00	3696.00	4288585.00	
25	3743418.00	1496264.00	801548.00	1445606.00	0.00	0.00	2941106.00	1445446.00	0.00	1445748.00	49913.00	0.00	0.00	0.00	1702520.00	826218.00	0.00	826389.00	49913.00	0.00	0.00	0.00	1238587.00	619228.00	0.00	619359.00	0.00	0.00	0.00	0.00	0.00	0.00	0.00	0.00	0.00	400.00	1496261.00	
26	818790.00	0.00	818790.00	0.00	0.00	0.00	0.00	0.00	0.00	0.00	0.00	0.00	0.00	0.00	0.00	0.00	0.00	0.00	0.00	0.00	0.00	0.00	0.00	0.00	0.00	0.00	0.00	0.00	0.00	0.00	0.00	0.00	0.00	0.00	0.00	0.00	0.00	
27	818784.00	0.00	818784.00	0.00	0.00	0.00	0.00	0.00	0.00	0.00	0.00	0.00	0.00	0.00	0.00	0.00	0.00	0.00	0.00	0.00	0.00	0.00	0.00	0.00	0.00	0.00	0.00	0.00	0.00	0.00	0.00	0.00	0.00	0.00	0.00	0.00	0.00	
28	818772.00	0.00	818772.00	0.00	0.00	0.00	0.00	0.00	0.00	0.00	0.00	0.00	0.00	0.00	0.00	0.00	0.00	0.00	0.00	0.00	0.00	0.00	0.00	0.00	0.00	0.00	0.00	0.00	0.00	0.00	0.00	0.00	0.00	0.00	0.00	0.00	0.00	
29	7271238.00	3325865.00	776589.00	3168785.00	0.00	0.00	6492055.00	3168988.00	0.00	3168663.00	154386.00	0.00	3.00	0.00	3826623.00	1836199.00	0.00	1836035.00	154386.00	3.00	0.00	0.00	2665417.00	1332789.00	0.00	1332628.00	0.00	0.00	0.00	0.00	0.00	0.00	0.00	0.00	0.00	3051.00	3325866.00	
30	5621003.00	2469036.00	788303.00	2363664.00	0.00	0.00	4831208.00	2363461.00	0.00	2363780.00	103970.00	0.00	3.00	0.00	2902648.00	1399256.00	0.00	1399419.00	103970.00	3.00	0.00	0.00	1928566.00	964205.00	0.00	964361.00	0.00	0.00	0.00	0.00	0.00	0.00	0.00	0.00	0.00	1045.00	2469036.00	
31	818809.00	0.00	818809.00	0.00	0.00	0.00	0.00	0.00	0.00	0.00	0.00	0.00	0.00	0.00	0.00	0.00	0.00	0.00	0.00	0.00	0.00	0.00	0.00	0.00	0.00	0.00	0.00	0.00	0.00	0.00	0.00	0.00	0.00	0.00	0.00	0.00	0.00	
32	818810.00	0.00	818810.00	0.00	0.00	0.00	0.00	0.00	0.00	0.00	0.00	0.00	0.00	0.00	0.00	0.00	0.00	0.00	0.00	0.00	0.00	0.00	0.00	0.00	0.00	0.00	0.00	0.00	0.00	0.00	0.00	0.00	0.00	0.00	0.00	0.00	0.00	
33	818718.00	0.00	818718.00	0.00	0.00	0.00	0.00	0.00	0.00	0.00	0.00	0.00	0.00	0.00	0.00	0.00	0.00	0.00	0.00	0.00	0.00	0.00	0.00	0.00	0.00	0.00	0.00	0.00	0.00	0.00	0.00	0.00	0.00	0.00	0.00	0.00	0.00	
34	5665357.00	2481022.00	790384.00	2393951.00	0.00	0.00	4872957.00	2394111.00	0.00	2393818.00	85014.00	0.00	4.00	0.00	2992203.00	1453678.00	0.00	1453507.00	85014.00	4.00	0.00	0.00	1880744.00	940433.00	0.00	940311.00	0.00	0.00	0.00	0.00	0.00	0.00	0.00	0.00	0.00	2353.00	2481023.00	
35	7290850.00	3332113.00	776873.00	3181864.00	0.00	0.00	6511902.00	3181703.00	0.00	3181990.00	148210.00	0.00	3.00	0.00	4038865.00	1945240.00	0.00	1945412.00	148210.00	3.00	0.00	0.00	2473041.00	1236463.00	0.00	1236578.00	0.00	0.00	0.00	0.00	0.00	0.00	0.00	0.00	0.00	1743.00	3332113.00	
36	818767.00	0.00	818767.00	0.00	0.00	0.00	0.00	0.00	0.00	0.00	0.00	0.00	0.00	0.00	0.00	0.00	0.00	0.00	0.00	0.00	0.00	0.00	0.00	0.00	0.00	0.00	0.00	0.00	0.00	0.00	0.00	0.00	0.00	0.00	0.00	0.00	0.00	
37	818787.00	0.00	818787.00	0.00	0.00	0.00	0.00	0.00	0.00	0.00	0.00	0.00	0.00	0.00	0.00	0.00	0.00	0.00	0.00	0.00	0.00	0.00	0.00	0.00	0.00	0.00	0.00	0.00	0.00	0.00	0.00	0.00	0.00	0.00	0.00	0.00	0.00	
38	818745.00	0.00	818745.00	0.00	0.00	0.00	0.00	0.00	0.00	0.00	0.00	0.00	0.00	0.00	0.00	0.00	0.00	0.00	0.00	0.00	0.00	0.00	0.00	0.00	0.00	0.00	0.00	0.00	0.00	0.00	0.00	0.00	0.00	0.00	0.00	0.00	0.00	
39	4451807.00	1849097.00	799610.00	1803100.00	0.00	0.00	3650642.00	1803182.00	0.00	1802992.00	44466.00	0.00	1.00	0.00	2311574.00	1133609.00	0.00	1133498.00	44466.00	1.00	0.00	0.00	1339067.00	669573.00	0.00	669494.00	0.00	0.00	0.00	0.00	0.00	0.00	0.00	0.00	0.00	1733.00	1849099.00	
40	8520301.00	3959440.00	770064.00	3790797.00	0.00	0.00	7747703.00	3790715.00	0.00	3790902.00	166079.00	0.00	2.00	0.00	4926618.00	2380214.00	0.00	2380323.00	166079.00	2.00	0.00	0.00	2821080.00	1410501.00	0.00	1410579.00	0.00	0.00	0.00	0.00	0.00	0.00	0.00	0.00	0.00	2363.00	3959439.00	
41	818793.00	0.00	818793.00	0.00	0.00	0.00	0.00	0.00	0.00	0.00	0.00	0.00	0.00	0.00	0.00	0.00	0.00	0.00	0.00	0.00	0.00	0.00	0.00	0.00	0.00	0.00	0.00	0.00	0.00	0.00	0.00	0.00	0.00	0.00	0.00	0.00	0.00	
42	818770.00	0.00	818770.00	0.00	0.00	0.00	0.00	0.00	0.00	0.00	0.00	0.00	0.00	0.00	0.00	0.00	0.00	0.00	0.00	0.00	0.00	0.00	0.00	0.00	0.00	0.00	0.00	0.00	0.00	0.00	0.00	0.00	0.00	0.00	0.00	0.00	0.00	
43	818756.00	0.00	818756.00	0.00	0.00	0.00	0.00	0.00	0.00	0.00	0.00	0.00	0.00	0.00	0.00	0.00	0.00	0.00	0.00	0.00	0.00	0.00	0.00	0.00	0.00	0.00	0.00	0.00	0.00	0.00	0.00	0.00	0.00	0.00	0.00	0.00	0.00	
44	3567233.00	1393112.00	805492.00	1368629.00	0.00	0.00	2760621.00	1368717.00	0.00	1368535.00	23364.00	0.00	1.00	0.00	1771796.00	874268.00	0.00	874163.00	23364.00	1.00	0.00	0.00	988821.00	494449.00	0.00	494372.00	0.00	0.00	0.00	0.00	0.00	0.00	0.00	0.00	0.00	1313.00	1393112.00	
45	9502177.00	4453656.00	765798.00	4282723.00	0.00	0.00	8733408.00	4282635.00	0.00	4282814.00	167955.00	0.00	3.00	0.00	5602837.00	2717389.00	0.00	2717490.00	167955.00	3.00	0.00	0.00	3130571.00	1565247.00	0.00	1565324.00	0.00	0.00	0.00	0.00	0.00	0.00	0.00	0.00	0.00	2783.00	4453656.00	
46	818759.00	0.00	818759.00	0.00	0.00	0.00	0.00	0.00	0.00	0.00	0.00	0.00	0.00	0.00	0.00	0.00	0.00	0.00	0.00	0.00	0.00	0.00	0.00	0.00	0.00	0.00	0.00	0.00	0.00	0.00	0.00	0.00	0.00	0.00	0.00	0.00	0.00	
47	818798.00	0.00	818798.00	0.00	0.00	0.00	0.00	0.00	0.00	0.00	0.00	0.00	0.00	0.00	0.00	0.00	0.00	0.00	0.00	0.00	0.00	0.00	0.00	0.00	0.00	0.00	0.00	0.00	0.00	0.00	0.00	0.00	0.00	0.00	0.00	0.00	0.00	
48	818771.00	0.00	818771.00	0.00	0.00	0.00	0.00	0.00	0.00	0.00	0.00	0.00	0.00	0.00	0.00	0.00	0.00	0.00	0.00	0.00	0.00	0.00	0.00	0.00	0.00	0.00	0.00	0.00	0.00	0.00	0.00	0.00	0.00	0.00	0.00	0.00	0.00	
49	2774824.00	987995.00	810049.00	976780.00	0.00	0.00	1963916.00	976816.00	0.00	976716.00	10376.00	0.00	3.00	0.00	1273531.00	631605.00	0.00	631547.00	10376.00	3.00	0.00	0.00	690380.00	345211.00	0.00	345169.00	0.00	0.00	0.00	0.00	0.00	0.00	0.00	0.00	0.00	963.00	987996.00	
50	10186249.00	4795639.00	763490.00	4627120.00	0.00	0.00	9419519.00	4627086.00	0.00	4627174.00	165263.00	0.00	6.00	0.00	6078987.00	2956833.00	0.00	2956885.00	165263.00	6.00	0.00	0.00	3340543.00	1670254.00	0.00	1670289.00	0.00	0.00	0.00	0.00	0.00	0.00	0.00	0.00	0.00	3133.00	4795639.00	
51	981931.00	81846.00	818248.00	81837.00	0.00	0.00	163684.00	81836.00	0.00	81838.00	8.00	0.00	0.00	0.00	49140.00	24569.00	0.00	24569.00	2.00	0.00	0.00	0.00	114542.00	57267.00	0.00	57269.00	6.00	0.00	0.00	0.00	0.00	0.00	0.00	0.00	0.00	0.00	81846.00	
52	936736.00	59191.00	818364.00	59181.00	0.00	0.00	118373.00	59181.00	0.00	59181.00	10.00	0.00	0.00	0.00	57369.00	28684.00	0.00	28684.00	1.00	0.00	0.00	0.00	61003.00	30497.00	0.00	30497.00	9.00	0.00	0.00	0.00	0.00	0.00	0.00	0.00	0.00	0.00	59191.00	
53	937177.00	59407.00	818378.00	59392.00	0.00	0.00	118798.00	59391.00	0.00	59392.00	15.00	0.00	0.00	0.00	57847.00	28922.00	0.00	28923.00	2.00	0.00	0.00	0.00	60951.00	30469.00	0.00	30469.00	13.00	0.00	0.00	0.00	0.00	0.00	0.00	0.00	0.00	0.00	59407.00	
54	4169491.00	1715676.00	799177.00	1654638.00	0.00	0.00	3370045.00	1654854.00	0.00	1654490.00	60679.00	0.00	10.00	0.00	1673364.00	806570.00	0.00	806418.00	60366.00	10.00	0.00	0.00	1696669.00	848284.00	0.00	848072.00	313.00	0.00	0.00	0.00	0.00	0.00	0.00	0.00	0.00	728.00	1715678.00	
55	28985676.00	15478953.00	261781.00	13244944.00	0.00	0.00	28722808.00	13245782.00	0.00	13244374.00	2232423.00	0.00	105.00	0.00	15490971.00	6630703.00	0.00	6629980.00	2230184.00	104.00	0.00	0.00	13231713.00	6615079.00	0.00	6614394.00	2239.00	0.00	0.00	0.00	1.00	0.00	0.00	0.00	0.00	3364.00	15478960.00	
56	31326832.00	17063008.00	53291.00	14210532.00	0.00	0.00	31273112.00	14210252.00	0.00	14210282.00	2852336.00	0.00	92.00	0.00	18278292.00	7714066.00	0.00	7714050.00	2850083.00	92.00	0.00	0.00	12994671.00	6496186.00	0.00	6496232.00	2253.00	0.00	0.00	0.00	0.00	0.00	0.00	0.00	0.00	2.00	17063008.00	
57	30948892.00	16809584.00	88570.00	14050740.00	0.00	0.00	30860552.00	14050805.00	0.00	14050815.00	2758776.00	0.00	59.00	0.00	18805360.00	8024297.00	0.00	8024275.00	2756730.00	58.00	0.00	0.00	12055097.00	6026508.00	0.00	6026542.00	2046.00	0.00	0.00	0.00	1.00	0.00	0.00	0.00	0.00	0.00	16809584.00	
58	30672692.00	16610593.00	123932.00	13938166.00	0.00	0.00	30548520.00	13938078.00	0.00	13938046.00	2672332.00	0.00	51.00	0.00	19003368.00	8166282.00	0.00	8166293.00	2670742.00	50.00	0.00	0.00	11545139.00	5771795.00	0.00	5771752.00	1590.00	0.00	0.00	0.00	1.00	0.00	0.00	0.00	0.00	0.00	16610595.00	
59	30296104.00	16359504.00	157446.00	13779153.00	0.00	0.00	30138608.00	13779131.00	0.00	13779135.00	2580252.00	0.00	45.00	0.00	18947080.00	8184059.00	0.00	8184045.00	2578932.00	43.00	0.00	0.00	11191484.00	5595072.00	0.00	5595090.00	1320.00	0.00	0.00	0.00	2.00	0.00	0.00	0.00	0.00	15.00	16359507.00	
60	30194252.00	16281643.00	173661.00	13738948.00	0.00	0.00	30020724.00	13739047.00	0.00	13738985.00	2542520.00	0.00	55.00	0.00	18974892.00	8216761.00	0.00	8216780.00	2541301.00	51.00	0.00	0.00	11045715.00	5522287.00	0.00	5522205.00	1219.00	0.00	0.00	0.00	4.00	0.00	0.00	0.00	0.00	166.00	16281646.00	
61	30134444.00	16249719.00	172530.00	13712195.00	0.00	0.00	29961922.00	13712181.00	0.00	13712220.00	2537415.00	0.00	46.00	0.00	18979502.00	8221554.00	0.00	8221524.00	2536384.00	40.00	0.00	0.00	10982360.00	5490627.00	0.00	5490696.00	1031.00	0.00	0.00	0.00	6.00	0.00	0.00	0.00	0.00	176.00	16249720.00	
62	30215860.00	16295527.00	171391.00	13748943.00	0.00	0.00	30044226.00	13748976.00	0.00	13748839.00	2546323.00	0.00	27.00	0.00	19059844.00	8257179.00	0.00	8257144.00	2545498.00	25.00	0.00	0.00	10984322.00	5491797.00	0.00	5491698.00	825.00	0.00	0.00	0.00	2.00	0.00	0.00	0.00	0.00	175.00	16295529.00	
63	30190624.00	16283924.00	170238.00	13736463.00	0.00	0.00	30019952.00	13736290.00	0.00	13736336.00	2547268.00	0.00	19.00	0.00	19077112.00	8265261.00	0.00	8265269.00	2546563.00	18.00	0.00	0.00	10942802.00	5471029.00	0.00	5471067.00	705.00	0.00	0.00	0.00	1.00	0.00	0.00	0.00	0.00	177.00	16283924.00	
64	30212998.00	16296201.00	169824.00	13746972.00	0.00	0.00	30042956.00	13746942.00	0.00	13746938.00	2549090.00	0.00	23.00	0.00	19115916.00	8283752.00	0.00	8283743.00	2548401.00	19.00	0.00	0.00	10927078.00	5463190.00	0.00	5463195.00	689.00	0.00	0.00	0.00	4.00	0.00	0.00	0.00	0.00	170.00	16296204.00	
65	30219330.00	16299774.00	169777.00	13749778.00	0.00	0.00	30049592.00	13749814.00	0.00	13749820.00	2549824.00	0.00	18.00	0.00	19135176.00	8293002.00	0.00	8293005.00	2549154.00	16.00	0.00	0.00	10914300.00	5456812.00	0.00	5456816.00	670.00	0.00	0.00	0.00	2.00	0.00	0.00	0.00	0.00	168.00	16299777.00	
66	30225028.00	16302262.00	170071.00	13752694.00	0.00	0.00	30054898.00	13752777.00	0.00	13752714.00	2549398.00	0.00	14.00	0.00	19152728.00	8301945.00	0.00	8301920.00	2548852.00	10.00	0.00	0.00	10902178.00	5450834.00	0.00	5450795.00	546.00	0.00	0.00	0.00	4.00	0.00	0.00	0.00	0.00	171.00	16302266.00	
67	30163664.00	16268928.00	169920.00	13724818.00	0.00	0.00	29993812.00	13724872.00	0.00	13724930.00	2543992.00	0.00	20.00	0.00	19120804.00	8288629.00	0.00	8288647.00	2543511.00	18.00	0.00	0.00	10873009.00	5436243.00	0.00	5436283.00	481.00	0.00	0.00	0.00	2.00	0.00	0.00	0.00	0.00	171.00	16268927.00	
68	30199436.00	16288174.00	170317.00	13740944.00	0.00	0.00	30028612.00	13740797.00	0.00	13740732.00	2547015.00	0.00	25.00	0.00	19142068.00	8297749.00	0.00	8297733.00	2546562.00	22.00	0.00	0.00	10886503.00	5443048.00	0.00	5442999.00	453.00	0.00	0.00	0.00	3.00	0.00	0.00	0.00	0.00	173.00	16288176.00	
69	30238768.00	16310501.00	169878.00	13758389.00	0.00	0.00	30068758.00	13758361.00	0.00	13758357.00	2551942.00	0.00	19.00	0.00	19161224.00	8304877.00	0.00	8304850.00	2551480.00	17.00	0.00	0.00	10907456.00	5453484.00	0.00	5453508.00	462.00	0.00	0.00	0.00	2.00	0.00	0.00	0.00	0.00	172.00	16310501.00	
70	30202168.00	16290622.00	169902.00	13741646.00	0.00	0.00	30031816.00	13741575.00	0.00	13741454.00	2548770.00	0.00	24.00	0.00	19126360.00	8289041.00	0.00	8288993.00	2548309.00	18.00	0.00	0.00	10905461.00	5452534.00	0.00	5452461.00	461.00	0.00	0.00	0.00	6.00	0.00	0.00	0.00	0.00	172.00	16290624.00	
71	30260128.00	16322131.00	169898.00	13768099.00	0.00	0.00	30090020.00	13767992.00	0.00	13768076.00	2553819.00	0.00	25.00	0.00	19150252.00	8298411.00	0.00	8298461.00	2553358.00	22.00	0.00	0.00	10939661.00	5469582.00	0.00	5469615.00	461.00	0.00	0.00	0.00	3.00	0.00	0.00	0.00	0.00	169.00	16322130.00	
72	30215664.00	16297955.00	169966.00	13747745.00	0.00	0.00	30046352.00	13748166.00	0.00	13748094.00	2550084.00	0.00	21.00	0.00	19108844.00	8279637.00	0.00	8279565.00	2549623.00	18.00	0.00	0.00	10937523.00	5468530.00	0.00	5468529.00	461.00	0.00	0.00	0.00	3.00	0.00	0.00	0.00	0.00	171.00	16297958.00	
73	30240760.00	16310898.00	170062.00	13759801.00	0.00	0.00	30070688.00	13759836.00	0.00	13759795.00	2550964.00	0.00	28.00	0.00	19117040.00	8283236.00	0.00	8283243.00	2550535.00	25.00	0.00	0.00	10953584.00	5476600.00	0.00	5476552.00	429.00	0.00	0.00	0.00	3.00	0.00	0.00	0.00	0.00	172.00	16310900.00	
74	30210028.00	16294244.00	170297.00	13745489.00	0.00	0.00	30039340.00	13745343.00	0.00	13745321.00	2548593.00	0.00	33.00	0.00	19090278.00	8271040.00	0.00	8271050.00	2548157.00	31.00	0.00	0.00	10949012.00	5474303.00	0.00	5474270.00	436.00	0.00	0.00	0.00	2.00	0.00	0.00	0.00	0.00	174.00	16294245.00	
75	30219612.00	16299353.00	170090.00	13750170.00	0.00	0.00	30049404.00	13750163.00	0.00	13750136.00	2549012.00	0.00	27.00	0.00	19084694.00	8267982.00	0.00	8267966.00	2548722.00	24.00	0.00	0.00	10964644.00	5482181.00	0.00	5482170.00	290.00	0.00	0.00	0.00	3.00	0.00	0.00	0.00	0.00	171.00	16299353.00	
76	30156608.00	16265599.00	169985.00	13721026.00	0.00	0.00	29986568.00	13721050.00	0.00	13721000.00	2544401.00	0.00	27.00	0.00	19044054.00	8249983.00	0.00	8249941.00	2544105.00	25.00	0.00	0.00	10942423.00	5471067.00	0.00	5471058.00	296.00	0.00	0.00	0.00	2.00	0.00	0.00	0.00	0.00	166.00	16265599.00	
77	30218340.00	16299103.00	169877.00	13749362.00	0.00	0.00	30047846.00	13749058.00	0.00	13749156.00	2549607.00	0.00	26.00	0.00	19089336.00	8269975.00	0.00	8270026.00	2549312.00	22.00	0.00	0.00	10958513.00	5479083.00	0.00	5479131.00	295.00	0.00	0.00	0.00	4.00	0.00	0.00	0.00	0.00	166.00	16299109.00	
78	29226510.00	15761842.00	169244.00	13295423.00	0.00	0.00	29057380.00	13295582.00	0.00	13295469.00	2466208.00	0.00	25.00	0.00	18467676.00	8000896.00	0.00	8000808.00	2465946.00	25.00	0.00	0.00	10589609.00	5294686.00	0.00	5294661.00	262.00	0.00	0.00	0.00	0.00	0.00	0.00	0.00	0.00	169.00	15761837.00	
79	29828764.00	16088887.00	168617.00	13571260.00	0.00	0.00	29660176.00	13571350.00	0.00	13571351.00	2517437.00	0.00	14.00	0.00	18882548.00	8182676.00	0.00	8182701.00	2517157.00	13.00	0.00	0.00	10777605.00	5388674.00	0.00	5388650.00	280.00	0.00	0.00	0.00	1.00	0.00	0.00	0.00	0.00	174.00	16088890.00	
80	29258402.00	15780965.00	167764.00	13309673.00	0.00	0.00	29091034.00	13309902.00	0.00	13309851.00	2471178.00	0.00	17.00	0.00	18534416.00	8031723.00	0.00	8031689.00	2470987.00	16.00	0.00	0.00	10556533.00	5278179.00	0.00	5278162.00	191.00	0.00	0.00	0.00	1.00	0.00	0.00	0.00	0.00	173.00	15780967.00	
81	29385010.00	15851462.00	166826.00	13366723.00	0.00	0.00	29217956.00	13366640.00	0.00	13366679.00	2484577.00	0.00	19.00	0.00	18614018.00	8064783.00	0.00	8064803.00	2484417.00	15.00	0.00	0.00	10603897.00	5301857.00	0.00	5301876.00	160.00	0.00	0.00	0.00	4.00	0.00	0.00	0.00	0.00	174.00	15851462.00	
82	29435308.00	15879650.00	165854.00	13389802.00	0.00	0.00	29269360.00	13389839.00	0.00	13389792.00	2489688.00	0.00	29.00	0.00	18642148.00	8076309.00	0.00	8076278.00	2489534.00	25.00	0.00	0.00	10627203.00	5313531.00	0.00	5313514.00	154.00	0.00	0.00	0.00	4.00	0.00	0.00	0.00	0.00	169.00	15879653.00	
83	30213532.00	16301479.00	166080.00	13745974.00	0.00	0.00	30046924.00	13745819.00	0.00	13745797.00	2555276.00	0.00	21.00	0.00	19122854.00	8283863.00	0.00	8283869.00	2555102.00	20.00	0.00	0.00	10924060.00	5461956.00	0.00	5461929.00	174.00	0.00	0.00	0.00	1.00	0.00	0.00	0.00	0.00	165.00	16301478.00	
84	30226424.00	16307791.00	166712.00	13751922.00	0.00	0.00	30059744.00	13751984.00	0.00	13751944.00	2555696.00	0.00	13.00	0.00	19127940.00	8286216.00	0.00	8286186.00	2555527.00	12.00	0.00	0.00	10931698.00	5465769.00	0.00	5465760.00	169.00	0.00	0.00	0.00	1.00	0.00	0.00	0.00	0.00	169.00	16307792.00	
85	30141754.00	16260419.00	167645.00	13713690.00	0.00	0.00	29973802.00	13713541.00	0.00	13713554.00	2546644.00	0.00	32.00	0.00	19079236.00	8266363.00	0.00	8266357.00	2546487.00	30.00	0.00	0.00	10894534.00	5447178.00	0.00	5447197.00	157.00	0.00	0.00	0.00	2.00	0.00	0.00	0.00	0.00	169.00	16260422.00	
86	30185900.00	16282571.00	168839.00	13734492.00	0.00	0.00	30016584.00	13734377.00	0.00	13734297.00	2547812.00	0.00	20.00	0.00	19111432.00	8281893.00	0.00	8281875.00	2547646.00	18.00	0.00	0.00	10905074.00	5452484.00	0.00	5452422.00	166.00	0.00	0.00	0.00	2.00	0.00	0.00	0.00	0.00	166.00	16282571.00	
87	30259248.00	16321840.00	169610.00	13767801.00	0.00	0.00	30090044.00	13768017.00	0.00	13768018.00	2553907.00	0.00	28.00	0.00	19150372.00	8298313.00	0.00	8298292.00	2553741.00	25.00	0.00	0.00	10939599.00	5469704.00	0.00	5469726.00	166.00	0.00	0.00	0.00	3.00	0.00	0.00	0.00	0.00	168.00	16321840.00	
88	30194068.00	16286057.00	169931.00	13738085.00	0.00	0.00	30023364.00	13737782.00	0.00	13737719.00	2547768.00	0.00	34.00	0.00	19083522.00	8267948.00	0.00	8267941.00	2547600.00	34.00	0.00	0.00	10939781.00	5469834.00	0.00	5469779.00	168.00	0.00	0.00	0.00	0.00	0.00	0.00	0.00	0.00	168.00	16286063.00	
89	30207476.00	16292172.00	170288.00	13745017.00	0.00	0.00	30037722.00	13745292.00	0.00	13745282.00	2547035.00	0.00	30.00	0.00	19085644.00	8269378.00	0.00	8269363.00	2546877.00	27.00	0.00	0.00	10951994.00	5475914.00	0.00	5475920.00	158.00	0.00	0.00	0.00	3.00	0.00	0.00	0.00	0.00	168.00	16292171.00	
90	30195088.00	16285328.00	170439.00	13739323.00	0.00	0.00	30024380.00	13739238.00	0.00	13739205.00	2545834.00	0.00	30.00	0.00	19080212.00	8267264.00	0.00	8267243.00	2545679.00	27.00	0.00	0.00	10944094.00	5471974.00	0.00	5471962.00	155.00	0.00	0.00	0.00	3.00	0.00	0.00	0.00	0.00	170.00	16285331.00	
91	30241248.00	16311170.00	169925.00	13760151.00	0.00	0.00	30071236.00	13760168.00	0.00	13760153.00	2550839.00	0.00	25.00	0.00	19121336.00	8285303.00	0.00	8285323.00	2550688.00	23.00	0.00	0.00	10949849.00	5474866.00	0.00	5474830.00	151.00	0.00	0.00	0.00	2.00	0.00	0.00	0.00	0.00	169.00	16311170.00	
92	30226484.00	16302362.00	170318.00	13753804.00	0.00	0.00	30056036.00	13753804.00	0.00	13753826.00	2548363.00	0.00	28.00	0.00	19111708.00	8281744.00	0.00	8281736.00	2548201.00	28.00	0.00	0.00	10944312.00	5472060.00	0.00	5472090.00	162.00	0.00	0.00	0.00	0.00	0.00	0.00	0.00	0.00	170.00	16302360.00	
93	30256674.00	16319570.00	169940.00	13767165.00	0.00	0.00	30086860.00	13767352.00	0.00	13767223.00	2552220.00	0.00	24.00	0.00	19131824.00	8289898.00	0.00	8289851.00	2552055.00	21.00	0.00	0.00	10954994.00	5477454.00	0.00	5477372.00	165.00	0.00	0.00	0.00	3.00	0.00	0.00	0.00	0.00	173.00	16319573.00	
94	30237956.00	16308956.00	170047.00	13758953.00	0.00	0.00	30067820.00	13758862.00	0.00	13758897.00	2549899.00	0.00	31.00	0.00	19127656.00	8288922.00	0.00	8288913.00	2549794.00	27.00	0.00	0.00	10940034.00	5469941.00	0.00	5469984.00	105.00	0.00	0.00	0.00	4.00	0.00	0.00	0.00	0.00	170.00	16308957.00	
95	30142040.00	16257204.00	169927.00	13714908.00	0.00	0.00	29971376.00	13714617.00	0.00	13714577.00	2542098.00	0.00	27.00	0.00	19059820.00	8258920.00	0.00	8258911.00	2541965.00	25.00	0.00	0.00	10911500.00	5455698.00	0.00	5455667.00	133.00	0.00	0.00	0.00	2.00	0.00	0.00	0.00	0.00	174.00	16257204.00	
96	30216420.00	16297665.00	169966.00	13748793.00	0.00	0.00	30047242.00	13749209.00	0.00	13749221.00	2548739.00	0.00	30.00	0.00	19106212.00	8278790.00	0.00	8278773.00	2548622.00	27.00	0.00	0.00	10940990.00	5470422.00	0.00	5470448.00	117.00	0.00	0.00	0.00	3.00	0.00	0.00	0.00	0.00	172.00	16297666.00	
97	30185644.00	16281369.00	169908.00	13734367.00	0.00	0.00	30015316.00	13734271.00	0.00	13734151.00	2546799.00	0.00	22.00	0.00	19072724.00	8263033.00	0.00	8262987.00	2546682.00	21.00	0.00	0.00	10942520.00	5471238.00	0.00	5471164.00	117.00	0.00	0.00	0.00	1.00	0.00	0.00	0.00	0.00	172.00	16281371.00	
98	30192488.00	16284382.00	169853.00	13738253.00	0.00	0.00	30022106.00	13737975.00	0.00	13738037.00	2545951.00	0.00	36.00	0.00	19073900.00	8264005.00	0.00	8264026.00	2545836.00	34.00	0.00	0.00	10948099.00	5473970.00	0.00	5474012.00	115.00	0.00	0.00	0.00	2.00	0.00	0.00	0.00	0.00	170.00	16284384.00	
99	30237620.00	16309520.00	169961.00	13758141.00	0.00	0.00	30067788.00	13758254.00	0.00	13758191.00	2551246.00	0.00	25.00	0.00	19104488.00	8276688.00	0.00	8276647.00	2551130.00	22.00	0.00	0.00	10963229.00	5481566.00	0.00	5481544.00	116.00	0.00	0.00	0.00	3.00	0.00	0.00	0.00	0.00	174.00	16309520.00	
100	30205228.00	16292002.00	169860.00	13743365.00	0.00	0.00	30035280.00	13743374.00	0.00	13743338.00	2548382.00	0.00	25.00	0.00	19086144.00	8268940.00	0.00	8268915.00	2548268.00	23.00	0.00	0.00	10948973.00	5474433.00	0.00	5474424.00	114.00	0.00	0.00	0.00	2.00	0.00	0.00	0.00	0.00	173.00	16292003.00	
101	30365322.00	16437023.00	157317.00	13770982.00	0.00	0.00	30208984.00	13771239.00	0.00	13770676.00	2666052.00	0.00	543.00	0.00	12388943.00	5124857.00	0.00	5124991.00	2138552.00	543.00	0.00	0.00	17819568.00	8646382.00	0.00	8645685.00	527500.00	0.00	0.00	0.00	0.00	0.00	0.00	0.00	0.00	172.00	16437027.00	
102	29681098.00	16021381.00	132535.00	13527183.00	0.00	0.00	29548578.00	13527227.00	0.00	13527066.00	2494049.00	0.00	118.00	0.00	16768511.00	7137273.00	0.00	7137148.00	2493973.00	117.00	0.00	0.00	12779949.00	6389954.00	0.00	6389918.00	76.00	0.00	0.00	0.00	1.00	0.00	0.00	0.00	0.00	174.00	16021380.00	
103	30914160.00	16729143.00	107884.00	14077134.00	0.00	0.00	30805872.00	14077075.00	0.00	14076850.00	2651801.00	0.00	84.00	0.00	18475640.00	7911960.00	0.00	7911864.00	2651732.00	84.00	0.00	0.00	12330170.00	6165115.00	0.00	6164986.00	69.00	0.00	0.00	0.00	0.00	0.00	0.00	0.00	0.00	169.00	16729147.00	
104	29868340.00	16195362.00	83254.00	13589725.00	0.00	0.00	29784984.00	13589615.00	0.00	13589585.00	2605636.00	0.00	66.00	0.00	18338242.00	7866329.00	0.00	7866287.00	2605564.00	62.00	0.00	0.00	11446662.00	5723288.00	0.00	5723298.00	72.00	0.00	0.00	0.00	4.00	0.00	0.00	0.00	0.00	170.00	16195361.00	
105	29383048.00	15964786.00	58298.00	13359963.00	0.00	0.00	29324426.00	13359913.00	0.00	13359752.00	2604681.00	0.00	42.00	0.00	18286476.00	7840970.00	0.00	7840874.00	2604593.00	41.00	0.00	0.00	11037918.00	5518948.00	0.00	5518880.00	89.00	0.00	0.00	0.00	1.00	0.00	0.00	0.00	0.00	164.00	15964787.00	
106	31435088.00	17097656.00	46432.00	14291000.00	0.00	0.00	31388680.00	14290971.00	0.00	14291006.00	2806544.00	0.00	47.00	0.00	19706408.00	8449929.00	0.00	8449960.00	2806474.00	46.00	0.00	0.00	11682159.00	5841042.00	0.00	5841047.00	70.00	0.00	0.00	0.00	1.00	0.00	0.00	0.00	0.00	47.00	17097664.00	
107	31396968.00	17076544.00	46937.00	14273491.00	0.00	0.00	31350096.00	14273455.00	0.00	14273437.00	2803092.00	0.00	37.00	0.00	19768912.00	8482941.00	0.00	8482920.00	2803014.00	36.00	0.00	0.00	11581110.00	5790514.00	0.00	5790517.00	78.00	0.00	0.00	0.00	1.00	0.00	0.00	0.00	0.00	44.00	17076542.00	
108	31522332.00	17144120.00	47497.00	14330716.00	0.00	0.00	31475420.00	14331011.00	0.00	14330935.00	2813416.00	0.00	33.00	0.00	19906244.00	8546451.00	0.00	8546418.00	2813344.00	32.00	0.00	0.00	11569147.00	5784557.00	0.00	5784517.00	72.00	0.00	0.00	0.00	1.00	0.00	0.00	0.00	0.00	48.00	17144124.00	
109	31586068.00	17177814.00	48124.00	14360131.00	0.00	0.00	31537736.00	14360039.00	0.00	14359974.00	2817579.00	0.00	45.00	0.00	19969156.00	8575814.00	0.00	8575799.00	2817500.00	42.00	0.00	0.00	11568482.00	5784225.00	0.00	5784175.00	79.00	0.00	0.00	0.00	3.00	0.00	0.00	0.00	0.00	48.00	17177816.00	
110	31545316.00	17154960.00	48423.00	14341938.00	0.00	0.00	31497160.00	14342054.00	0.00	14342027.00	2812996.00	0.00	32.00	0.00	19944478.00	8565782.00	0.00	8565749.00	2812919.00	28.00	0.00	0.00	11552632.00	5776273.00	0.00	5776278.00	77.00	0.00	0.00	0.00	4.00	0.00	0.00	0.00	0.00	46.00	17154960.00	
111	31485624.00	17122040.00	48719.00	14314863.00	0.00	0.00	31436696.00	14314739.00	0.00	14314679.00	2807143.00	0.00	52.00	0.00	19895888.00	8544402.00	0.00	8544379.00	2807061.00	46.00	0.00	0.00	11540725.00	5770337.00	0.00	5770300.00	82.00	0.00	0.00	0.00	6.00	0.00	0.00	0.00	0.00	50.00	17122044.00	
112	31517494.00	17139438.00	48724.00	14329332.00	0.00	0.00	31468648.00	14329286.00	0.00	14329256.00	2810003.00	0.00	31.00	0.00	19910690.00	8550376.00	0.00	8550352.00	2809932.00	29.00	0.00	0.00	11557887.00	5778910.00	0.00	5778904.00	71.00	0.00	0.00	0.00	2.00	0.00	0.00	0.00	0.00	50.00	17139436.00	
113	31500960.00	17130516.00	48730.00	14321713.00	0.00	0.00	31452232.00	14321646.00	0.00	14321681.00	2808769.00	0.00	27.00	0.00	19922262.00	8556768.00	0.00	8556771.00	2808698.00	24.00	0.00	0.00	11529862.00	5764878.00	0.00	5764910.00	71.00	0.00	0.00	0.00	3.00	0.00	0.00	0.00	0.00	49.00	17130524.00	
114	31537026.00	17149984.00	48722.00	14338321.00	0.00	0.00	31488864.00	14338570.00	0.00	14338505.00	2811681.00	0.00	29.00	0.00	19963800.00	8576096.00	0.00	8576073.00	2811605.00	27.00	0.00	0.00	11524987.00	5762475.00	0.00	5762434.00	76.00	0.00	0.00	0.00	2.00	0.00	0.00	0.00	0.00	48.00	17149984.00	
115	31541096.00	17152220.00	48714.00	14340163.00	0.00	0.00	31492324.00	14340116.00	0.00	14340117.00	2812011.00	0.00	24.00	0.00	19989788.00	8588917.00	0.00	8588917.00	2811935.00	20.00	0.00	0.00	11502479.00	5751199.00	0.00	5751200.00	76.00	0.00	0.00	0.00	4.00	0.00	0.00	0.00	0.00	49.00	17152220.00	
116	31518352.00	17139528.00	48745.00	14330082.00	0.00	0.00	31469594.00	14330111.00	0.00	14330053.00	2809396.00	0.00	18.00	0.00	19987030.00	8588868.00	0.00	8588821.00	2809324.00	17.00	0.00	0.00	11482550.00	5741245.00	0.00	5741232.00	72.00	0.00	0.00	0.00	1.00	0.00	0.00	0.00	0.00	48.00	17139528.00	
117	31522880.00	17142332.00	49029.00	14331520.00	0.00	0.00	31473728.00	14331439.00	0.00	14331483.00	2810733.00	0.00	26.00	0.00	20004792.00	8597044.00	0.00	8597065.00	2810663.00	22.00	0.00	0.00	11468888.00	5734395.00	0.00	5734419.00	70.00	0.00	0.00	0.00	4.00	0.00	0.00	0.00	0.00	48.00	17142336.00	
118	31472278.00	17114380.00	49177.00	14308725.00	0.00	0.00	31422732.00	14308595.00	0.00	14308517.00	2805589.00	0.00	14.00	0.00	19973936.00	8584226.00	0.00	8584188.00	2805513.00	11.00	0.00	0.00	11448777.00	5724368.00	0.00	5724330.00	76.00	0.00	0.00	0.00	3.00	0.00	0.00	0.00	0.00	48.00	17114380.00	
119	31546392.00	17154584.00	49039.00	14342773.00	0.00	0.00	31497948.00	14343030.00	0.00	14343016.00	2811835.00	0.00	18.00	0.00	20026854.00	8607554.00	0.00	8607527.00	2811761.00	13.00	0.00	0.00	11471046.00	5735478.00	0.00	5735489.00	74.00	0.00	0.00	0.00	5.00	0.00	0.00	0.00	0.00	50.00	17154584.00	
120	31624814.00	17198110.00	48753.00	14377950.00	0.00	0.00	31575654.00	14377862.00	0.00	14377773.00	2819954.00	0.00	12.00	0.00	20081660.00	8630891.00	0.00	8630882.00	2819875.00	12.00	0.00	0.00	11493940.00	5746970.00	0.00	5746891.00	79.00	0.00	0.00	0.00	0.00	0.00	0.00	0.00	0.00	49.00	17198112.00	
121	31590916.00	17179360.00	48790.00	14362763.00	0.00	0.00	31541598.00	14362480.00	0.00	14362516.00	2816569.00	0.00	10.00	0.00	20057004.00	8620235.00	0.00	8620267.00	2816492.00	10.00	0.00	0.00	11484573.00	5742245.00	0.00	5742251.00	77.00	0.00	0.00	0.00	0.00	0.00	0.00	0.00	0.00	49.00	17179362.00	
122	31622528.00	17196676.00	48812.00	14377040.00	0.00	0.00	31574200.00	14377232.00	0.00	14377276.00	2819634.00	0.00	23.00	0.00	20068196.00	8624317.00	0.00	8624299.00	2819560.00	21.00	0.00	0.00	11505969.00	5752915.00	0.00	5752978.00	74.00	0.00	0.00	0.00	2.00	0.00	0.00	0.00	0.00	49.00	17196680.00	
123	31597756.00	17182912.00	48848.00	14365995.00	0.00	0.00	31548856.00	14365974.00	0.00	14365867.00	2816906.00	0.00	36.00	0.00	20034684.00	8608928.00	0.00	8608886.00	2816834.00	35.00	0.00	0.00	11514100.00	5757046.00	0.00	5756981.00	72.00	0.00	0.00	0.00	1.00	0.00	0.00	0.00	0.00	50.00	17182914.00	
124	31598724.00	17183844.00	48845.00	14366036.00	0.00	0.00	31549936.00	14366030.00	0.00	14366045.00	2817704.00	0.00	25.00	0.00	20020372.00	8601365.00	0.00	8601360.00	2817626.00	22.00	0.00	0.00	11529431.00	5764665.00	0.00	5764685.00	78.00	0.00	0.00	0.00	3.00	0.00	0.00	0.00	0.00	50.00	17183848.00	
125	31529736.00	17146300.00	48869.00	14334566.00	0.00	0.00	31481344.00	14334775.00	0.00	14334741.00	2811763.00	0.00	36.00	0.00	19973588.00	8580938.00	0.00	8580941.00	2811677.00	33.00	0.00	0.00	11507726.00	5753837.00	0.00	5753800.00	86.00	0.00	0.00	0.00	3.00	0.00	0.00	0.00	0.00	48.00	17146304.00	
126	31211528.00	16972200.00	49320.00	14190008.00	0.00	0.00	31161554.00	14189720.00	0.00	14189653.00	2782065.00	0.00	39.00	0.00	19768720.00	8493352.00	0.00	8493339.00	2781995.00	34.00	0.00	0.00	11392758.00	5696368.00	0.00	5696315.00	70.00	0.00	0.00	0.00	5.00	0.00	0.00	0.00	0.00	51.00	16972200.00	
127	31482862.00	17120778.00	48685.00	14313400.00	0.00	0.00	31434418.00	14313478.00	0.00	14313476.00	2807350.00	0.00	31.00	0.00	19938124.00	8565416.00	0.00	8565410.00	2807271.00	28.00	0.00	0.00	11496210.00	5748062.00	0.00	5748066.00	79.00	0.00	0.00	0.00	3.00	0.00	0.00	0.00	0.00	49.00	17120778.00	
128	30188840.00	16415816.00	48478.00	13724547.00	0.00	0.00	30141164.00	13724938.00	0.00	13724830.00	2691282.00	0.00	38.00	0.00	19124212.00	8216501.00	0.00	8216457.00	2691216.00	37.00	0.00	0.00	11016877.00	5508437.00	0.00	5508373.00	66.00	0.00	0.00	0.00	1.00	0.00	0.00	0.00	0.00	48.00	16415819.00	
129	29271328.00	15917152.00	47892.00	13306284.00	0.00	0.00	29223068.00	13306050.00	0.00	13306071.00	2610803.00	0.00	29.00	0.00	18527456.00	7958361.00	0.00	7958332.00	2610735.00	27.00	0.00	0.00	10695498.00	5347689.00	0.00	5347739.00	68.00	0.00	0.00	0.00	2.00	0.00	0.00	0.00	0.00	49.00	15917154.00	
130	29088958.00	15819101.00	47304.00	13222555.00	0.00	0.00	29041340.00	13222377.00	0.00	13222324.00	2596514.00	0.00	28.00	0.00	18424810.00	7914179.00	0.00	7914165.00	2596444.00	23.00	0.00	0.00	10616432.00	5308197.00	0.00	5308160.00	70.00	0.00	0.00	0.00	5.00	0.00	0.00	0.00	0.00	48.00	15819100.00	
131	31556704.00	17163476.00	46799.00	14346430.00	0.00	0.00	31510072.00	14346493.00	0.00	14346507.00	2816944.00	0.00	35.00	0.00	19995260.00	8589179.00	0.00	8589184.00	2816868.00	30.00	0.00	0.00	11514718.00	5757314.00	0.00	5757323.00	76.00	0.00	0.00	0.00	5.00	0.00	0.00	0.00	0.00	49.00	17163476.00	
132	31555248.00	17162744.00	46892.00	14345616.00	0.00	0.00	31508000.00	14345474.00	0.00	14345409.00	2817023.00	0.00	39.00	0.00	20001408.00	8592226.00	0.00	8592193.00	2816956.00	33.00	0.00	0.00	11506539.00	5753249.00	0.00	5753217.00	67.00	0.00	0.00	0.00	6.00	0.00	0.00	0.00	0.00	49.00	17162744.00	
133	31518436.00	17141788.00	47036.00	14329613.00	0.00	0.00	31472040.00	14329937.00	0.00	14329808.00	2812179.00	0.00	34.00	0.00	19975132.00	8581512.00	0.00	8581456.00	2812138.00	27.00	0.00	0.00	11496827.00	5748425.00	0.00	5748354.00	41.00	0.00	0.00	0.00	7.00	0.00	0.00	0.00	0.00	47.00	17141792.00	
134	31543060.00	17154376.00	47803.00	14340879.00	0.00	0.00	31494728.00	14340562.00	0.00	14340641.00	2813433.00	0.00	29.00	0.00	19994980.00	8590775.00	0.00	8590786.00	2813397.00	23.00	0.00	0.00	11499685.00	5749787.00	0.00	5749856.00	36.00	0.00	0.00	0.00	6.00	0.00	0.00	0.00	0.00	45.00	17154380.00	
135	31546620.00	17156248.00	48468.00	14341906.00	0.00	0.00	31498404.00	14341971.00	0.00	14341970.00	2814316.00	0.00	34.00	0.00	20002392.00	8594041.00	0.00	8594050.00	2814273.00	27.00	0.00	0.00	11495899.00	5747930.00	0.00	5747920.00	42.00	0.00	0.00	0.00	7.00	0.00	0.00	0.00	0.00	46.00	17156248.00	
136	31539164.00	17151852.00	48779.00	14338533.00	0.00	0.00	31490634.00	14338691.00	0.00	14338563.00	2813263.00	0.00	29.00	0.00	19997796.00	8592311.00	0.00	8592238.00	2813220.00	28.00	0.00	0.00	11492749.00	5746380.00	0.00	5746325.00	43.00	0.00	0.00	0.00	1.00	0.00	0.00	0.00	0.00	49.00	17151852.00	
137	31579572.00	17172860.00	48796.00	14357917.00	0.00	0.00	31530486.00	14357737.00	0.00	14357731.00	2814906.00	0.00	43.00	0.00	20016152.00	8600606.00	0.00	8600616.00	2814889.00	40.00	0.00	0.00	11514267.00	5757131.00	0.00	5757116.00	17.00	0.00	0.00	0.00	3.00	0.00	0.00	0.00	0.00	49.00	17172864.00	
138	31582812.00	17175862.00	48800.00	14358152.00	0.00	0.00	31533970.00	14358065.00	0.00	14358076.00	2817644.00	0.00	39.00	0.00	20011824.00	8597086.00	0.00	8597080.00	2817628.00	31.00	0.00	0.00	11522000.00	5760980.00	0.00	5760996.00	16.00	0.00	0.00	0.00	8.00	0.00	0.00	0.00	0.00	49.00	17175860.00	
139	31576328.00	17171604.00	48812.00	14355910.00	0.00	0.00	31527952.00	14356131.00	0.00	14356040.00	2815671.00	0.00	37.00	0.00	20004792.00	8594557.00	0.00	8594539.00	2815668.00	28.00	0.00	0.00	11523087.00	5761574.00	0.00	5761501.00	3.00	0.00	0.00	0.00	9.00	0.00	0.00	0.00	0.00	50.00	17171608.00	
140	31603720.00	17186710.00	48821.00	14368189.00	0.00	0.00	31554936.00	14368135.00	0.00	14368162.00	2818474.00	0.00	30.00	0.00	20021840.00	8601690.00	0.00	8601659.00	2818467.00	26.00	0.00	0.00	11532959.00	5766445.00	0.00	5766503.00	7.00	0.00	0.00	0.00	4.00	0.00	0.00	0.00	0.00	48.00	17186708.00	
141	31544100.00	17153886.00	48832.00	14341383.00	0.00	0.00	31495258.00	14341328.00	0.00	14341297.00	2812488.00	0.00	33.00	0.00	19979294.00	8583392.00	0.00	8583391.00	2812482.00	29.00	0.00	0.00	11515853.00	5757936.00	0.00	5757906.00	7.00	0.00	0.00	0.00	4.00	0.00	0.00	0.00	0.00	53.00	17153888.00	
142	31591174.00	17179318.00	48824.00	14363034.00	0.00	0.00	31542882.00	14363356.00	0.00	14363220.00	2816135.00	0.00	38.00	0.00	20017268.00	8600582.00	0.00	8600518.00	2816132.00	35.00	0.00	0.00	11525482.00	5762774.00	0.00	5762702.00	3.00	0.00	0.00	0.00	3.00	0.00	0.00	0.00	0.00	49.00	17179320.00	
143	31515508.00	17138352.00	48802.00	14328355.00	0.00	0.00	31466242.00	14328081.00	0.00	14328051.00	2810023.00	0.00	27.00	0.00	19982664.00	8586316.00	0.00	8586306.00	2810019.00	24.00	0.00	0.00	11483517.00	5741766.00	0.00	5741744.00	4.00	0.00	0.00	0.00	3.00	0.00	0.00	0.00	0.00	48.00	17138354.00	
144	31479792.00	17119000.00	48906.00	14311887.00	0.00	0.00	31431200.00	14312001.00	0.00	14312012.00	2807021.00	0.00	24.00	0.00	19977172.00	8585070.00	0.00	8585071.00	2807008.00	22.00	0.00	0.00	11453890.00	5726932.00	0.00	5726943.00	13.00	0.00	0.00	0.00	2.00	0.00	0.00	0.00	0.00	49.00	17119000.00	
145	31491872.00	17125296.00	48741.00	14317835.00	0.00	0.00	31443112.00	14317763.00	0.00	14317803.00	2807474.00	0.00	23.00	0.00	19997198.00	8594844.00	0.00	8594866.00	2807470.00	19.00	0.00	0.00	11445862.00	5722917.00	0.00	5722938.00	4.00	0.00	0.00	0.00	4.00	0.00	0.00	0.00	0.00	48.00	17125294.00	
146	31571104.00	17168846.00	48752.00	14353506.00	0.00	0.00	31521970.00	14353388.00	0.00	14353297.00	2815181.00	0.00	17.00	0.00	20054566.00	8619713.00	0.00	8619665.00	2815174.00	15.00	0.00	0.00	11467316.00	5733675.00	0.00	5733632.00	7.00	0.00	0.00	0.00	2.00	0.00	0.00	0.00	0.00	49.00	17168850.00	
147	31514468.00	17137412.00	48730.00	14328323.00	0.00	0.00	31466708.00	14328808.00	0.00	14328735.00	2809088.00	0.00	14.00	0.00	20023252.00	8607099.00	0.00	8607059.00	2809081.00	14.00	0.00	0.00	11443392.00	5721709.00	0.00	5721676.00	7.00	0.00	0.00	0.00	0.00	0.00	0.00	0.00	0.00	48.00	17137416.00	
148	31573072.00	17169422.00	48738.00	14354909.00	0.00	0.00	31523480.00	14354423.00	0.00	14354497.00	2814466.00	0.00	16.00	0.00	20054332.00	8619913.00	0.00	8619952.00	2814453.00	16.00	0.00	0.00	11469068.00	5734510.00	0.00	5734545.00	13.00	0.00	0.00	0.00	0.00	0.00	0.00	0.00	0.00	49.00	17169420.00	
149	31465546.00	17109756.00	49807.00	14305980.00	0.00	0.00	31416410.00	14306269.00	0.00	14306262.00	2803767.00	0.00	20.00	0.00	19972454.00	8584337.00	0.00	8584339.00	2803761.00	16.00	0.00	0.00	11443864.00	5721932.00	0.00	5721923.00	5.00	0.00	0.00	0.00	4.00	0.00	0.00	0.00	0.00	50.00	17109758.00	
150	31248264.00	16992574.00	49050.00	14206641.00	0.00	0.00	31198536.00	14206343.00	0.00	14206272.00	2785804.00	0.00	18.00	0.00	19812448.00	8513334.00	0.00	8513308.00	2785790.00	17.00	0.00	0.00	11385988.00	5693009.00	0.00	5692964.00	14.00	0.00	0.00	0.00	1.00	0.00	0.00	0.00	0.00	49.00	16992576.00	
151	31477096.00	17112044.00	48539.00	14316508.00	0.00	5.00	31429696.00	14316726.00	0.00	14316240.00	2795557.00	0.00	581.00	0.00	14268108.00	5852538.00	0.00	5852723.00	2562266.00	581.00	0.00	0.00	17160996.00	8464188.00	0.00	8463517.00	233291.00	0.00	0.00	0.00	0.00	0.00	0.00	0.00	0.00	49.00	17112040.00	
152	31229016.00	16954836.00	44455.00	14229726.00	0.00	0.00	31184376.00	14229605.00	0.00	14229467.00	2725057.00	0.00	126.00	0.00	17750868.00	7513026.00	0.00	7512919.00	2724799.00	125.00	0.00	0.00	13433386.00	6716579.00	0.00	6716548.00	258.00	0.00	0.00	0.00	1.00	0.00	0.00	0.00	0.00	48.00	16954838.00	
153	30219568.00	16412923.00	41004.00	13765641.00	0.00	0.00	30178272.00	13765508.00	0.00	13765378.00	2647275.00	0.00	68.00	0.00	18136820.00	7744986.00	0.00	7744895.00	2646874.00	66.00	0.00	0.00	12041408.00	6020522.00	0.00	6020484.00	401.00	0.00	0.00	0.00	2.00	0.00	0.00	0.00	0.00	51.00	16412926.00	
154	30031330.00	16314991.00	37692.00	13678647.00	0.00	0.00	29994074.00	13678898.00	0.00	13678790.00	2636221.00	0.00	60.00	0.00	18453160.00	7908731.00	0.00	7908652.00	2635722.00	57.00	0.00	0.00	11540808.00	5770168.00	0.00	5770138.00	499.00	0.00	0.00	0.00	3.00	0.00	0.00	0.00	0.00	49.00	16314992.00	
155	31570100.00	17159540.00	34051.00	14376507.00	0.00	0.00	31536492.00	14376602.00	0.00	14376612.00	2783089.00	0.00	62.00	0.00	19663104.00	8440268.00	0.00	8440294.00	2782482.00	60.00	0.00	0.00	11873261.00	5936334.00	0.00	5936318.00	607.00	0.00	0.00	0.00	2.00	0.00	0.00	0.00	0.00	50.00	17159542.00	
156	31734676.00	17254822.00	31862.00	14447993.00	0.00	0.00	31702196.00	14447714.00	0.00	14447639.00	2806714.00	0.00	47.00	0.00	19892348.00	8543335.00	0.00	8543274.00	2805696.00	42.00	0.00	0.00	11809768.00	5904380.00	0.00	5904365.00	1018.00	0.00	0.00	0.00	5.00	0.00	0.00	0.00	0.00	31.00	17254824.00	
157	31661544.00	17215148.00	31923.00	14414475.00	0.00	0.00	31629884.00	14414537.00	0.00	14414542.00	2800692.00	0.00	44.00	0.00	19907938.00	8554186.00	0.00	8554186.00	2799526.00	40.00	0.00	0.00	11721877.00	5860351.00	0.00	5860356.00	1166.00	0.00	0.00	0.00	4.00	0.00	0.00	0.00	0.00	34.00	17215150.00	
158	31683524.00	17226366.00	32140.00	14425020.00	0.00	0.00	31651548.00	14425047.00	0.00	14424972.00	2801319.00	0.00	43.00	0.00	19967356.00	8583493.00	0.00	8583474.00	2800352.00	39.00	0.00	0.00	11684026.00	5841554.00	0.00	5841502.00	967.00	0.00	0.00	0.00	4.00	0.00	0.00	0.00	0.00	31.00	17226368.00	
159	31746800.00	17260928.00	32470.00	14453405.00	0.00	0.00	31714360.00	14453392.00	0.00	14453307.00	2807482.00	0.00	59.00	0.00	20040532.00	8616898.00	0.00	8616809.00	2806770.00	56.00	0.00	0.00	11673708.00	5836494.00	0.00	5836498.00	713.00	0.00	0.00	0.00	3.00	0.00	0.00	0.00	0.00	33.00	17260926.00	
160	31666380.00	17219616.00	32943.00	14413821.00	0.00	0.00	31633702.00	14413920.00	0.00	14413885.00	2805754.00	0.00	41.00	0.00	20023408.00	8609077.00	0.00	8609085.00	2805206.00	40.00	0.00	0.00	11610190.00	5804842.00	0.00	5804799.00	548.00	0.00	0.00	0.00	1.00	0.00	0.00	0.00	0.00	34.00	17219620.00	
161	31691776.00	17233836.00	32678.00	14425261.00	0.00	0.00	31659490.00	14425406.00	0.00	14425363.00	2808605.00	0.00	29.00	0.00	20061176.00	8626541.00	0.00	8626511.00	2808097.00	27.00	0.00	0.00	11598229.00	5798866.00	0.00	5798853.00	508.00	0.00	0.00	0.00	2.00	0.00	0.00	0.00	0.00	34.00	17233840.00	
162	31724404.00	17253992.00	32645.00	14437768.00	0.00	0.00	31691440.00	14437567.00	0.00	14437538.00	2816156.00	0.00	39.00	0.00	20109004.00	8646710.00	0.00	8646714.00	2815546.00	36.00	0.00	0.00	11582294.00	5790857.00	0.00	5790824.00	610.00	0.00	0.00	0.00	3.00	0.00	0.00	0.00	0.00	32.00	17253996.00	
163	31691332.00	17238144.00	32645.00	14420541.00	0.00	0.00	31658492.00	14420409.00	0.00	14420398.00	2817559.00	0.00	25.00	0.00	20105306.00	8644172.00	0.00	8644162.00	2816948.00	23.00	0.00	0.00	11553086.00	5776237.00	0.00	5776236.00	611.00	0.00	0.00	0.00	2.00	0.00	0.00	0.00	0.00	33.00	17238140.00	
164	31668240.00	17224740.00	33078.00	14410424.00	0.00	0.00	31635008.00	14410330.00	0.00	14410312.00	2814252.00	0.00	23.00	0.00	20112080.00	8649182.00	0.00	8649152.00	2813725.00	22.00	0.00	0.00	11522836.00	5761148.00	0.00	5761160.00	527.00	0.00	0.00	0.00	1.00	0.00	0.00	0.00	0.00	33.00	17224740.00	
165	31654904.00	17218368.00	32642.00	14403895.00	0.00	0.00	31622272.00	14403905.00	0.00	14403888.00	2814435.00	0.00	21.00	0.00	20115088.00	8650530.00	0.00	8650526.00	2814017.00	18.00	0.00	0.00	11507160.00	5753375.00	0.00	5753363.00	419.00	0.00	0.00	0.00	3.00	0.00	0.00	0.00	0.00	32.00	17218368.00	
166	31670724.00	17226744.00	32696.00	14411282.00	0.00	0.00	31638228.00	14411366.00	0.00	14411350.00	2815427.00	0.00	14.00	0.00	20127484.00	8656235.00	0.00	8656220.00	2815013.00	14.00	0.00	0.00	11510675.00	5755131.00	0.00	5755130.00	414.00	0.00	0.00	0.00	0.00	0.00	0.00	0.00	0.00	32.00	17226746.00	
167	31735948.00	17262464.00	32668.00	14440818.00	0.00	0.00	31703120.00	14440692.00	0.00	14440705.00	2821626.00	0.00	27.00	0.00	20163334.00	8671048.00	0.00	8671075.00	2821189.00	23.00	0.00	0.00	11539715.00	5769644.00	0.00	5769630.00	437.00	0.00	0.00	0.00	4.00	0.00	0.00	0.00	0.00	32.00	17262464.00	
168	31590084.00	17183112.00	32670.00	14374302.00	0.00	0.00	31558188.00	14374745.00	0.00	14374597.00	2808723.00	0.00	30.00	0.00	20066156.00	8628945.00	0.00	8628889.00	2808295.00	27.00	0.00	0.00	11491940.00	5745800.00	0.00	5745709.00	428.00	0.00	0.00	0.00	3.00	0.00	0.00	0.00	0.00	32.00	17183112.00	
169	31692604.00	17237768.00	32980.00	14421857.00	0.00	0.00	31659284.00	14421644.00	0.00	14421671.00	2815847.00	0.00	25.00	0.00	20132454.00	8658521.00	0.00	8658495.00	2815415.00	23.00	0.00	0.00	11526733.00	5763123.00	0.00	5763176.00	432.00	0.00	0.00	0.00	2.00	0.00	0.00	0.00	0.00	34.00	17237772.00	
170	31669178.00	17225726.00	32656.00	14410798.00	0.00	0.00	31636358.00	14410674.00	0.00	14410639.00	2814940.00	0.00	29.00	0.00	20119232.00	8652317.00	0.00	8652312.00	2814576.00	27.00	0.00	0.00	11517051.00	5758358.00	0.00	5758327.00	364.00	0.00	0.00	0.00	2.00	0.00	0.00	0.00	0.00	33.00	17225728.00	
171	31677520.00	17230188.00	32647.00	14414685.00	0.00	0.00	31645328.00	14414808.00	0.00	14414773.00	2815571.00	0.00	37.00	0.00	20117186.00	8650900.00	0.00	8650880.00	2815370.00	35.00	0.00	0.00	11528004.00	5763908.00	0.00	5763893.00	201.00	0.00	0.00	0.00	2.00	0.00	0.00	0.00	0.00	34.00	17230192.00	
172	31708648.00	17252224.00	32649.00	14423774.00	0.00	0.00	31675932.00	14423754.00	0.00	14423720.00	2828288.00	0.00	22.00	0.00	20117802.00	8644903.00	0.00	8644896.00	2827981.00	20.00	0.00	0.00	11557982.00	5778851.00	0.00	5778822.00	307.00	0.00	0.00	0.00	2.00	0.00	0.00	0.00	0.00	32.00	17252228.00	
173	31748626.00	17273944.00	32655.00	14442028.00	0.00	0.00	31715956.00	14441957.00	0.00	14441945.00	2831937.00	0.00	32.00	0.00	20139996.00	8654226.00	0.00	8654231.00	2831511.00	29.00	0.00	0.00	11575874.00	5787731.00	0.00	5787714.00	426.00	0.00	0.00	0.00	3.00	0.00	0.00	0.00	0.00	34.00	17273948.00	
174	31430568.00	17100400.00	32642.00	14297527.00	0.00	0.00	31398456.00	14297764.00	0.00	14297713.00	2802855.00	0.00	30.00	0.00	19941396.00	8569497.00	0.00	8569471.00	2802399.00	27.00	0.00	0.00	11456968.00	5728267.00	0.00	5728242.00	456.00	0.00	0.00	0.00	3.00	0.00	0.00	0.00	0.00	33.00	17100396.00	
175	31200092.00	16975352.00	32580.00	14192159.00	0.00	0.00	31167276.00	14191998.00	0.00	14191960.00	2783174.00	0.00	27.00	0.00	19807592.00	8512427.00	0.00	8512417.00	2782726.00	21.00	0.00	0.00	11359568.00	5679571.00	0.00	5679543.00	448.00	0.00	0.00	0.00	6.00	0.00	0.00	0.00	0.00	32.00	16975356.00	
176	31743052.00	17271090.00	32657.00	14439305.00	0.00	0.00	31710476.00	14439255.00	0.00	14439302.00	2831795.00	0.00	19.00	0.00	20167416.00	8667998.00	0.00	8668017.00	2831382.00	18.00	0.00	0.00	11542958.00	5771256.00	0.00	5771287.00	413.00	0.00	0.00	0.00	1.00	0.00	0.00	0.00	0.00	33.00	17271088.00	
177	31622568.00	17204808.00	32533.00	14385225.00	0.00	0.00	31589772.00	14385121.00	0.00	14385098.00	2819476.00	0.00	13.00	0.00	20100200.00	8640582.00	0.00	8640548.00	2819059.00	12.00	0.00	0.00	11489507.00	5744539.00	0.00	5744551.00	417.00	0.00	0.00	0.00	1.00	0.00	0.00	0.00	0.00	32.00	17204812.00	
178	31712722.00	17259160.00	32522.00	14421038.00	0.00	0.00	31680164.00	14420959.00	0.00	14420962.00	2838138.00	0.00	28.00	0.00	20156044.00	8659111.00	0.00	8659105.00	2837801.00	27.00	0.00	0.00	11524043.00	5761848.00	0.00	5761857.00	337.00	0.00	0.00	0.00	1.00	0.00	0.00	0.00	0.00	33.00	17259168.00	
179	31608688.00	17206262.00	32537.00	14369891.00	0.00	0.00	31576102.00	14369866.00	0.00	14369810.00	2836307.00	0.00	22.00	0.00	20079124.00	8621532.00	0.00	8621518.00	2836055.00	20.00	0.00	0.00	11496883.00	5748336.00	0.00	5748293.00	252.00	0.00	0.00	0.00	2.00	0.00	0.00	0.00	0.00	33.00	17206260.00	
180	31709572.00	17261644.00	32672.00	14415256.00	0.00	0.00	31677476.00	14415428.00	0.00	14415452.00	2846467.00	0.00	27.00	0.00	20133628.00	8643682.00	0.00	8643709.00	2846213.00	25.00	0.00	0.00	11543746.00	5771746.00	0.00	5771744.00	254.00	0.00	0.00	0.00	2.00	0.00	0.00	0.00	0.00	32.00	17261648.00	
181	31691462.00	17250676.00	33084.00	14407700.00	0.00	0.00	31658336.00	14407747.00	0.00	14407606.00	2842866.00	0.00	25.00	0.00	20108572.00	8633025.00	0.00	8632955.00	2842573.00	19.00	0.00	0.00	11549672.00	5774722.00	0.00	5774651.00	293.00	0.00	0.00	0.00	6.00	0.00	0.00	0.00	0.00	33.00	17250680.00	
182	31724814.00	17269928.00	32656.00	14422232.00	0.00	0.00	31692260.00	14422223.00	0.00	14422251.00	2847649.00	0.00	26.00	0.00	20122120.00	8637449.00	0.00	8637437.00	2847213.00	23.00	0.00	0.00	11570028.00	5784775.00	0.00	5784814.00	436.00	0.00	0.00	0.00	3.00	0.00	0.00	0.00	0.00	33.00	17269928.00	
183	31669468.00	17239140.00	32676.00	14397653.00	0.00	0.00	31637014.00	14397705.00	0.00	14397643.00	2841463.00	0.00	34.00	0.00	20074716.00	8616761.00	0.00	8616765.00	2841162.00	28.00	0.00	0.00	11562129.00	5780944.00	0.00	5780878.00	301.00	0.00	0.00	0.00	6.00	0.00	0.00	0.00	0.00	33.00	17239144.00	
184	31723682.00	17269238.00	32704.00	14421741.00	0.00	0.00	31690764.00	14421581.00	0.00	14421611.00	2847387.00	0.00	28.00	0.00	20096466.00	8624679.00	0.00	8624692.00	2847070.00	27.00	0.00	0.00	11594143.00	5796902.00	0.00	5796923.00	317.00	0.00	0.00	0.00	1.00	0.00	0.00	0.00	0.00	32.00	17269240.00	
185	31715082.00	17264444.00	32721.00	14417917.00	0.00	0.00	31682568.00	14417967.00	0.00	14417884.00	2846563.00	0.00	46.00	0.00	20088460.00	8621052.00	0.00	8621006.00	2846364.00	39.00	0.00	0.00	11593999.00	5796915.00	0.00	5796877.00	199.00	0.00	0.00	0.00	7.00	0.00	0.00	0.00	0.00	32.00	17264444.00	
186	31756692.00	17286756.00	32724.00	14437213.00	0.00	0.00	31724392.00	14437261.00	0.00	14437313.00	2849600.00	0.00	37.00	0.00	20102476.00	8626525.00	0.00	8626511.00	2849407.00	32.00	0.00	0.00	11621734.00	5810736.00	0.00	5810800.00	193.00	0.00	0.00	0.00	5.00	0.00	0.00	0.00	0.00	33.00	17286760.00	
187	31721214.00	17268104.00	32754.00	14420360.00	0.00	0.00	31688316.00	14420377.00	0.00	14420202.00	2847593.00	0.00	49.00	0.00	20073928.00	8613237.00	0.00	8613200.00	2847448.00	44.00	0.00	0.00	11614294.00	5807140.00	0.00	5807003.00	146.00	0.00	0.00	0.00	5.00	0.00	0.00	0.00	0.00	33.00	17268100.00	
188	31683860.00	17247500.00	32728.00	14403635.00	0.00	0.00	31651104.00	14403514.00	0.00	14403508.00	2843913.00	0.00	59.00	0.00	20019448.00	8587775.00	0.00	8587759.00	2843857.00	57.00	0.00	0.00	11631546.00	5815739.00	0.00	5815749.00	56.00	0.00	0.00	0.00	2.00	0.00	0.00	0.00	0.00	36.00	17247500.00	
189	31720200.00	17267464.00	32721.00	14420016.00	0.00	0.00	31687952.00	14420189.00	0.00	14420117.00	2847396.00	0.00	56.00	0.00	20018408.00	8585534.00	0.00	8585533.00	2847286.00	56.00	0.00	0.00	11669350.00	5834656.00	0.00	5834584.00	110.00	0.00	0.00	0.00	0.00	0.00	0.00	0.00	0.00	33.00	17267468.00	
190	31673004.00	17241208.00	32839.00	14398957.00	0.00	0.00	31640028.00	14398879.00	0.00	14398828.00	2842138.00	0.00	45.00	0.00	19995820.00	8576868.00	0.00	8576839.00	2842069.00	44.00	0.00	0.00	11644070.00	5822011.00	0.00	5821989.00	69.00	0.00	0.00	0.00	1.00	0.00	0.00	0.00	0.00	33.00	17241208.00	
191	31698800.00	17254368.00	33086.00	14411350.00	0.00	0.00	31666036.00	14411384.00	0.00	14411367.00	2843055.00	0.00	28.00	0.00	20043992.00	8600490.00	0.00	8600482.00	2842991.00	28.00	0.00	0.00	11621842.00	5810894.00	0.00	5810884.00	64.00	0.00	0.00	0.00	0.00	0.00	0.00	0.00	0.00	34.00	17254368.00	
192	31744992.00	17280860.00	32683.00	14431451.00	0.00	0.00	31711676.00	14431116.00	0.00	14431129.00	2849259.00	0.00	26.00	0.00	20098108.00	8624451.00	0.00	8624450.00	2849184.00	23.00	0.00	0.00	11613423.00	5806665.00	0.00	5806680.00	75.00	0.00	0.00	0.00	3.00	0.00	0.00	0.00	0.00	32.00	17280860.00	
193	31661596.00	17235454.00	32693.00	14393451.00	0.00	0.00	31629796.00	14393830.00	0.00	14393779.00	2842108.00	0.00	41.00	0.00	20071108.00	8614532.00	0.00	8614502.00	2842037.00	37.00	0.00	0.00	11558650.00	5779298.00	0.00	5779277.00	71.00	0.00	0.00	0.00	4.00	0.00	0.00	0.00	0.00	32.00	17235456.00	
194	31657180.00	17232264.00	32684.00	14392230.00	0.00	0.00	31624886.00	14392372.00	0.00	14392324.00	2839998.00	0.00	24.00	0.00	20082476.00	8621279.00	0.00	8621237.00	2839936.00	22.00	0.00	0.00	11542248.00	5771094.00	0.00	5771090.00	62.00	0.00	0.00	0.00	2.00	0.00	0.00	0.00	0.00	33.00	17232266.00	
195	31645908.00	17226298.00	32699.00	14386910.00	0.00	0.00	31612880.00	14386702.00	0.00	14386724.00	2839303.00	0.00	19.00	0.00	20086234.00	8623483.00	0.00	8623504.00	2839231.00	17.00	0.00	0.00	11526515.00	5763220.00	0.00	5763221.00	72.00	0.00	0.00	0.00	2.00	0.00	0.00	0.00	0.00	33.00	17226300.00	
196	31772764.00	17295180.00	32695.00	14444889.00	0.00	0.00	31740100.00	14444910.00	0.00	14444818.00	2850286.00	0.00	19.00	0.00	20163872.00	8656845.00	0.00	8656792.00	2850220.00	16.00	0.00	0.00	11576160.00	5788065.00	0.00	5788026.00	66.00	0.00	0.00	0.00	3.00	0.00	0.00	0.00	0.00	32.00	17295180.00	
197	31653076.00	17230530.00	32716.00	14389831.00	0.00	0.00	31620504.00	14389806.00	0.00	14389828.00	2840669.00	0.00	25.00	0.00	20081598.00	8620544.00	0.00	8620573.00	2840459.00	23.00	0.00	0.00	11538731.00	5769264.00	0.00	5769255.00	210.00	0.00	0.00	0.00	2.00	0.00	0.00	0.00	0.00	32.00	17230532.00	
198	31640944.00	17223612.00	32680.00	14384651.00	0.00	0.00	31608866.00	14384977.00	0.00	14384902.00	2838879.00	0.00	35.00	0.00	20055084.00	8608214.00	0.00	8608173.00	2838663.00	33.00	0.00	0.00	11553711.00	5776764.00	0.00	5776729.00	216.00	0.00	0.00	0.00	2.00	0.00	0.00	0.00	0.00	33.00	17223618.00	
199	31292516.00	17033840.00	32654.00	14226023.00	0.00	0.00	31259152.00	14225581.00	0.00	14225586.00	2807786.00	0.00	35.00	0.00	19814156.00	8503289.00	0.00	8503274.00	2807562.00	30.00	0.00	0.00	11444833.00	5722292.00	0.00	5722312.00	224.00	0.00	0.00	0.00	5.00	0.00	0.00	0.00	0.00	33.00	17033840.00	
200	0.00	0.00	0.00	0.00	0.00	0.00	0.00	0.00	0.00	0.00	0.00	0.00	0.00	0.00	0.00	0.00	0.00	0.00	0.00	0.00	0.00	0.00	0.00	0.00	0.00	0.00	0.00	0.00	0.00	0.00	0.00	0.00	0.00	0.00	0.00	0.00	0.00	
