second	tx	tx_get	tx_put	tx_del	rx	rx_getSucc	rx_putSucc	rx_delSucc
2	49999400.00	0.00	0.00	0.00	42085176.00	42065936.00	0.00	0.00	
3	49999672.00	0.00	0.00	0.00	44243672.00	44218764.00	0.00	0.00	
4	50000216.00	0.00	0.00	0.00	45345476.00	45323816.00	0.00	0.00	
5	49998332.00	0.00	0.00	0.00	46070980.00	46048248.00	0.00	0.00	
6	50000328.00	0.00	0.00	0.00	46579704.00	46557768.00	0.00	0.00	
7	49195304.00	0.00	0.00	0.00	46326492.00	46314504.00	0.00	0.00	
8	48953096.00	0.00	0.00	0.00	46587188.00	46554588.00	0.00	0.00	
9	49445664.00	0.00	0.00	0.00	47133024.00	47104964.00	0.00	0.00	
10	49999120.00	0.00	0.00	0.00	47765684.00	47730776.00	0.00	0.00	
11	49999504.00	0.00	0.00	0.00	47886924.00	47852024.00	0.00	0.00	
12	50000196.00	0.00	0.00	0.00	47955912.00	47915312.00	0.00	0.00	
13	50000040.00	0.00	0.00	0.00	47941944.00	47897124.00	0.00	0.00	
14	50000344.00	0.00	0.00	0.00	48004712.00	47961756.00	0.00	0.00	
15	49999376.00	0.00	0.00	0.00	48007840.00	47961648.00	0.00	0.00	
16	50000852.00	0.00	0.00	0.00	48004740.00	47960536.00	0.00	0.00	
17	49999096.00	0.00	0.00	0.00	47999924.00	47952160.00	0.00	0.00	
18	50000340.00	0.00	0.00	0.00	48017944.00	47972848.00	0.00	0.00	
19	49999596.00	0.00	0.00	0.00	48004644.00	47958856.00	0.00	0.00	
20	50000016.00	0.00	0.00	0.00	48026812.00	47974068.00	0.00	0.00	
21	49907368.00	0.00	0.00	0.00	47907316.00	47860392.00	0.00	0.00	
22	49315004.00	0.00	0.00	0.00	47340920.00	47293684.00	0.00	0.00	
23	49320336.00	0.00	0.00	0.00	47316848.00	47279328.00	0.00	0.00	
24	49315344.00	0.00	0.00	0.00	47336108.00	47282768.00	0.00	0.00	
25	49715060.00	0.00	0.00	0.00	47679796.00	47631076.00	0.00	0.00	
26	50000580.00	0.00	0.00	0.00	47855824.00	47816952.00	0.00	0.00	
27	50000048.00	0.00	0.00	0.00	47798508.00	47763216.00	0.00	0.00	
28	49999528.00	0.00	0.00	0.00	47761040.00	47727144.00	0.00	0.00	
29	49808840.00	0.00	0.00	0.00	47541092.00	47506796.00	0.00	0.00	
30	50000860.00	0.00	0.00	0.00	47737044.00	47703948.00	0.00	0.00	
31	49632824.00	0.00	0.00	0.00	31961014.00	31954672.00	0.00	0.00	
32	48988592.00	0.00	0.00	0.00	41322668.00	41319768.00	0.00	0.00	
33	49375832.00	0.00	0.00	0.00	44223520.00	44223264.00	0.00	0.00	
34	49999956.00	0.00	0.00	0.00	46080076.00	46061564.00	0.00	0.00	
35	49999880.00	0.00	0.00	0.00	46861148.00	46841736.00	0.00	0.00	
36	49999628.00	0.00	0.00	0.00	47316704.00	47296472.00	0.00	0.00	
37	50000096.00	0.00	0.00	0.00	47608752.00	47587048.00	0.00	0.00	
38	49999360.00	0.00	0.00	0.00	47786872.00	47755392.00	0.00	0.00	
39	50000504.00	0.00	0.00	0.00	47863420.00	47822192.00	0.00	0.00	
40	49999144.00	0.00	0.00	0.00	47882020.00	47840584.00	0.00	0.00	
41	50000144.00	0.00	0.00	0.00	47905432.00	47868200.00	0.00	0.00	
42	49999936.00	0.00	0.00	0.00	47864740.00	47824044.00	0.00	0.00	
43	50000208.00	0.00	0.00	0.00	47881728.00	47849592.00	0.00	0.00	
44	50000264.00	0.00	0.00	0.00	47862492.00	47819976.00	0.00	0.00	
45	49999476.00	0.00	0.00	0.00	47855424.00	47818752.00	0.00	0.00	
46	49999068.00	0.00	0.00	0.00	47873752.00	47833120.00	0.00	0.00	
47	49999952.00	0.00	0.00	0.00	47849540.00	47810688.00	0.00	0.00	
48	49999812.00	0.00	0.00	0.00	47855296.00	47812620.00	0.00	0.00	
49	49997824.00	0.00	0.00	0.00	47861212.00	47825292.00	0.00	0.00	
50	49999600.00	0.00	0.00	0.00	47856528.00	47813952.00	0.00	0.00	
51	49999888.00	0.00	0.00	0.00	47897280.00	47860520.00	0.00	0.00	
52	49700916.00	0.00	0.00	0.00	47572272.00	47532240.00	0.00	0.00	
53	49476600.00	0.00	0.00	0.00	47393620.00	47370428.00	0.00	0.00	
54	49662176.00	0.00	0.00	0.00	47735032.00	47710200.00	0.00	0.00	
55	48813852.00	0.00	0.00	0.00	47014016.00	46982472.00	0.00	0.00	
56	47994328.00	0.00	0.00	0.00	46043164.00	46005880.00	0.00	0.00	
57	48760292.00	0.00	0.00	0.00	46844496.00	46823440.00	0.00	0.00	
58	49999672.00	0.00	0.00	0.00	48307288.00	48290208.00	0.00	0.00	
59	50000120.00	0.00	0.00	0.00	48310188.00	48295548.00	0.00	0.00	
60	50000232.00	0.00	0.00	0.00	48306988.00	48293216.00	0.00	0.00	
61	50000968.00	0.00	0.00	0.00	31302756.00	31299840.00	0.00	0.00	
62	49999344.00	0.00	0.00	0.00	41748284.00	41748084.00	0.00	0.00	
63	49999936.00	0.00	0.00	0.00	44766628.00	44758376.00	0.00	0.00	
64	50000172.00	0.00	0.00	0.00	46181744.00	46167284.00	0.00	0.00	
65	49999404.00	0.00	0.00	0.00	47003708.00	46989004.00	0.00	0.00	
66	50000056.00	0.00	0.00	0.00	47536704.00	47512124.00	0.00	0.00	
67	50000200.00	0.00	0.00	0.00	47838280.00	47815968.00	0.00	0.00	
68	49999744.00	0.00	0.00	0.00	48133280.00	48109196.00	0.00	0.00	
69	49999980.00	0.00	0.00	0.00	48304120.00	48286796.00	0.00	0.00	
70	50000048.00	0.00	0.00	0.00	48308236.00	48291584.00	0.00	0.00	
71	49999184.00	0.00	0.00	0.00	48310196.00	48297532.00	0.00	0.00	
72	50000116.00	0.00	0.00	0.00	48309552.00	48295640.00	0.00	0.00	
73	49999636.00	0.00	0.00	0.00	48307944.00	48294232.00	0.00	0.00	
74	50000464.00	0.00	0.00	0.00	48307108.00	48292788.00	0.00	0.00	
75	50000000.00	0.00	0.00	0.00	48306388.00	48292720.00	0.00	0.00	
76	49703792.00	0.00	0.00	0.00	48023744.00	48006440.00	0.00	0.00	
77	49479208.00	0.00	0.00	0.00	47684212.00	47659508.00	0.00	0.00	
78	49666272.00	0.00	0.00	0.00	47963080.00	47945048.00	0.00	0.00	
79	48833960.00	0.00	0.00	0.00	47014384.00	46988304.00	0.00	0.00	
80	48013752.00	0.00	0.00	0.00	46190172.00	46156504.00	0.00	0.00	
81	48784696.00	0.00	0.00	0.00	46838048.00	46801080.00	0.00	0.00	
82	49999844.00	0.00	0.00	0.00	47967384.00	47930080.00	0.00	0.00	
83	50000184.00	0.00	0.00	0.00	47930352.00	47900720.00	0.00	0.00	
84	50000160.00	0.00	0.00	0.00	48001996.00	47963340.00	0.00	0.00	
85	49999936.00	0.00	0.00	0.00	47953560.00	47919888.00	0.00	0.00	
86	49999228.00	0.00	0.00	0.00	47949184.00	47910260.00	0.00	0.00	
87	50000048.00	0.00	0.00	0.00	47974368.00	47939192.00	0.00	0.00	
88	50000392.00	0.00	0.00	0.00	47984716.00	47947284.00	0.00	0.00	
89	49999616.00	0.00	0.00	0.00	47913728.00	47882952.00	0.00	0.00	
90	0.00	0.00	0.00	0.00	0.00	0.00	0.00	0.00	
