second	tx	tx_get	tx_put	tx_del	rx	rx_getSucc	rx_putSucc	rx_delSucc
2	5275367.00	0.00	0.00	0.00	4430379.00	4430455.00	0.00	0.00	
3	5243025.00	0.00	0.00	0.00	4432927.00	4432911.00	0.00	0.00	
4	5189277.00	0.00	0.00	0.00	4415271.00	4415261.00	0.00	0.00	
5	5200981.00	0.00	0.00	0.00	4426542.00	4426517.00	0.00	0.00	
6	5238901.00	0.00	0.00	0.00	4425841.00	4425826.00	0.00	0.00	
7	5261410.00	0.00	0.00	0.00	4428754.00	4428779.00	0.00	0.00	
8	5239409.00	0.00	0.00	0.00	4430632.00	4430648.00	0.00	0.00	
9	5232334.00	0.00	0.00	0.00	4430347.00	4430341.00	0.00	0.00	
10	5209304.00	0.00	0.00	0.00	4431334.00	4431299.00	0.00	0.00	
11	5229342.00	0.00	0.00	0.00	4432659.00	4432680.00	0.00	0.00	
12	5332986.00	0.00	0.00	0.00	4437331.00	4437324.00	0.00	0.00	
13	5317716.00	0.00	0.00	0.00	4434472.00	4434457.00	0.00	0.00	
14	5293149.00	0.00	0.00	0.00	4426676.00	4426633.00	0.00	0.00	
15	5277845.00	0.00	0.00	0.00	4428056.00	4428083.00	0.00	0.00	
16	5265473.00	0.00	0.00	0.00	4429263.00	4429271.00	0.00	0.00	
17	5249008.00	0.00	0.00	0.00	4427866.00	4427873.00	0.00	0.00	
18	5236604.00	0.00	0.00	0.00	4427981.00	4427960.00	0.00	0.00	
19	5228406.00	0.00	0.00	0.00	4431231.00	4431207.00	0.00	0.00	
20	5205747.00	0.00	0.00	0.00	4431670.00	4431598.00	0.00	0.00	
21	5218614.00	0.00	0.00	0.00	4432854.00	4432948.00	0.00	0.00	
22	5226672.00	0.00	0.00	0.00	4430109.00	4430057.00	0.00	0.00	
23	5219644.00	0.00	0.00	0.00	4431060.00	4431089.00	0.00	0.00	
24	5212474.00	0.00	0.00	0.00	4433776.00	4433721.00	0.00	0.00	
25	5201964.00	0.00	0.00	0.00	4430610.00	4430630.00	0.00	0.00	
26	5278396.00	0.00	0.00	0.00	4429564.00	4429553.00	0.00	0.00	
27	5320778.00	0.00	0.00	0.00	4429213.00	4429232.00	0.00	0.00	
28	5295483.00	0.00	0.00	0.00	4433967.00	4433889.00	0.00	0.00	
29	5274133.00	0.00	0.00	0.00	4435472.00	4435526.00	0.00	0.00	
30	5258015.00	0.00	0.00	0.00	4433630.00	4433635.00	0.00	0.00	
31	5267312.00	0.00	0.00	0.00	4430654.00	4430621.00	0.00	0.00	
32	5230391.00	0.00	0.00	0.00	4428008.00	4428016.00	0.00	0.00	
33	5261602.00	0.00	0.00	0.00	4427910.00	4427896.00	0.00	0.00	
34	5240722.00	0.00	0.00	0.00	4427329.00	4427313.00	0.00	0.00	
35	5228085.00	0.00	0.00	0.00	4428723.00	4428719.00	0.00	0.00	
36	5220127.00	0.00	0.00	0.00	4428577.00	4428607.00	0.00	0.00	
37	5186525.00	0.00	0.00	0.00	4428058.00	4428021.00	0.00	0.00	
38	5184868.00	0.00	0.00	0.00	4427307.00	4427284.00	0.00	0.00	
39	5243576.00	0.00	0.00	0.00	4431783.00	4431801.00	0.00	0.00	
40	5245514.00	0.00	0.00	0.00	4432028.00	4432013.00	0.00	0.00	
41	5313605.00	0.00	0.00	0.00	4431941.00	4431930.00	0.00	0.00	
42	5293542.00	0.00	0.00	0.00	4430754.00	4430765.00	0.00	0.00	
43	5236108.00	0.00	0.00	0.00	4433456.00	4433416.00	0.00	0.00	
44	5205073.00	0.00	0.00	0.00	4432592.00	4432599.00	0.00	0.00	
45	5228422.00	0.00	0.00	0.00	4432435.00	4432445.00	0.00	0.00	
46	5250575.00	0.00	0.00	0.00	4434962.00	4434955.00	0.00	0.00	
47	5272345.00	0.00	0.00	0.00	4436473.00	4436464.00	0.00	0.00	
48	5264856.00	0.00	0.00	0.00	4432381.00	4432350.00	0.00	0.00	
49	5249725.00	0.00	0.00	0.00	4432601.00	4432613.00	0.00	0.00	
50	5231939.00	0.00	0.00	0.00	4433373.00	4433339.00	0.00	0.00	
51	5279237.00	0.00	0.00	0.00	4432621.00	4432565.00	0.00	0.00	
52	6073869.00	0.00	0.00	0.00	2027313.00	2027381.00	0.00	0.00	
53	5429630.00	0.00	0.00	0.00	3195276.00	3194472.00	0.00	0.00	
54	5157502.00	0.00	0.00	0.00	3820026.00	3819834.00	0.00	0.00	
55	5067567.00	0.00	0.00	0.00	4017450.00	4017282.00	0.00	0.00	
56	5063864.00	0.00	0.00	0.00	4162912.00	4162768.00	0.00	0.00	
57	5029135.00	0.00	0.00	0.00	4259886.00	4259800.00	0.00	0.00	
58	5044318.00	0.00	0.00	0.00	4212468.00	4212475.00	0.00	0.00	
59	5060512.00	0.00	0.00	0.00	4324182.00	4324049.00	0.00	0.00	
60	5035508.00	0.00	0.00	0.00	4368137.00	4367999.00	0.00	0.00	
61	5028320.00	0.00	0.00	0.00	4381926.00	4381773.00	0.00	0.00	
62	5021247.00	0.00	0.00	0.00	4383571.00	4383459.00	0.00	0.00	
63	5059917.00	0.00	0.00	0.00	4391608.00	4391626.00	0.00	0.00	
64	5049254.00	0.00	0.00	0.00	4391353.00	4391232.00	0.00	0.00	
65	5051913.00	0.00	0.00	0.00	4394759.00	4394641.00	0.00	0.00	
66	5035885.00	0.00	0.00	0.00	4399660.00	4399582.00	0.00	0.00	
67	5040502.00	0.00	0.00	0.00	4399569.00	4399510.00	0.00	0.00	
68	5020849.00	0.00	0.00	0.00	4406189.00	4406138.00	0.00	0.00	
69	5011304.00	0.00	0.00	0.00	4406956.00	4406889.00	0.00	0.00	
70	5009827.00	0.00	0.00	0.00	4408146.00	4408058.00	0.00	0.00	
71	4998346.00	0.00	0.00	0.00	4413827.00	4413796.00	0.00	0.00	
72	4988749.00	0.00	0.00	0.00	4407498.00	4407449.00	0.00	0.00	
73	4991583.00	0.00	0.00	0.00	4416167.00	4416117.00	0.00	0.00	
74	4978252.00	0.00	0.00	0.00	4408395.00	4408357.00	0.00	0.00	
75	4959989.00	0.00	0.00	0.00	4402995.00	4402968.00	0.00	0.00	
76	4960314.00	0.00	0.00	0.00	4399393.00	4399366.00	0.00	0.00	
77	5020128.00	0.00	0.00	0.00	4416379.00	4416322.00	0.00	0.00	
78	5048935.00	0.00	0.00	0.00	4420776.00	4420777.00	0.00	0.00	
79	5074235.00	0.00	0.00	0.00	4419721.00	4419678.00	0.00	0.00	
80	5059239.00	0.00	0.00	0.00	4424049.00	4423959.00	0.00	0.00	
81	5074784.00	0.00	0.00	0.00	4425747.00	4425744.00	0.00	0.00	
82	5051162.00	0.00	0.00	0.00	4424933.00	4424922.00	0.00	0.00	
83	5053391.00	0.00	0.00	0.00	4431142.00	4431097.00	0.00	0.00	
84	5008420.00	0.00	0.00	0.00	4424620.00	4424610.00	0.00	0.00	
85	4958972.00	0.00	0.00	0.00	4416593.00	4416601.00	0.00	0.00	
86	4995232.00	0.00	0.00	0.00	4421813.00	4421802.00	0.00	0.00	
87	4996090.00	0.00	0.00	0.00	4422190.00	4422183.00	0.00	0.00	
88	4993973.00	0.00	0.00	0.00	4424369.00	4424305.00	0.00	0.00	
89	4989173.00	0.00	0.00	0.00	4424232.00	4424268.00	0.00	0.00	
90	4994348.00	0.00	0.00	0.00	4426214.00	4426183.00	0.00	0.00	
91	4989494.00	0.00	0.00	0.00	4422653.00	4422652.00	0.00	0.00	
92	4967511.00	0.00	0.00	0.00	4419145.00	4419072.00	0.00	0.00	
93	4999823.00	0.00	0.00	0.00	4432010.00	4432043.00	0.00	0.00	
94	5045312.00	0.00	0.00	0.00	4429392.00	4429352.00	0.00	0.00	
95	5026534.00	0.00	0.00	0.00	4433143.00	4433150.00	0.00	0.00	
96	5005103.00	0.00	0.00	0.00	4432060.00	4432053.00	0.00	0.00	
97	4995521.00	0.00	0.00	0.00	4427574.00	4427539.00	0.00	0.00	
98	4975520.00	0.00	0.00	0.00	4422973.00	4422961.00	0.00	0.00	
99	4945330.00	0.00	0.00	0.00	4420500.00	4420512.00	0.00	0.00	
100	4953042.00	0.00	0.00	0.00	4418901.00	4418881.00	0.00	0.00	
101	4987407.00	0.00	0.00	0.00	4424198.00	4424193.00	0.00	0.00	
102	5042973.00	0.00	0.00	0.00	4426992.00	4426981.00	0.00	0.00	
103	5051856.00	0.00	0.00	0.00	4432052.00	4432035.00	0.00	0.00	
104	5030319.00	0.00	0.00	0.00	4428557.00	4428573.00	0.00	0.00	
105	5014317.00	0.00	0.00	0.00	4430999.00	4430949.00	0.00	0.00	
106	5005887.00	0.00	0.00	0.00	4432234.00	4432246.00	0.00	0.00	
107	4972635.00	0.00	0.00	0.00	4424455.00	4424438.00	0.00	0.00	
108	4978897.00	0.00	0.00	0.00	4422328.00	4422314.00	0.00	0.00	
109	4975079.00	0.00	0.00	0.00	4422492.00	4422491.00	0.00	0.00	
110	5001893.00	0.00	0.00	0.00	4422002.00	4421953.00	0.00	0.00	
111	5008804.00	0.00	0.00	0.00	4423561.00	4423611.00	0.00	0.00	
112	5010720.00	0.00	0.00	0.00	4424136.00	4424116.00	0.00	0.00	
113	4938478.00	0.00	0.00	0.00	4417051.00	4417054.00	0.00	0.00	
114	4999209.00	0.00	0.00	0.00	4430216.00	4430191.00	0.00	0.00	
115	5049995.00	0.00	0.00	0.00	4436083.00	4436076.00	0.00	0.00	
116	5030242.00	0.00	0.00	0.00	4431879.00	4431868.00	0.00	0.00	
117	4993500.00	0.00	0.00	0.00	4432234.00	4432257.00	0.00	0.00	
118	4994891.00	0.00	0.00	0.00	4429408.00	4429386.00	0.00	0.00	
119	4972927.00	0.00	0.00	0.00	4424646.00	4424604.00	0.00	0.00	
120	4947483.00	0.00	0.00	0.00	4419261.00	4419302.00	0.00	0.00	
121	4951599.00	0.00	0.00	0.00	4421199.00	4421085.00	0.00	0.00	
122	4977210.00	0.00	0.00	0.00	4426992.00	4427067.00	0.00	0.00	
123	5073288.00	0.00	0.00	0.00	4431864.00	4431839.00	0.00	0.00	
124	5062471.00	0.00	0.00	0.00	4430763.00	4430737.00	0.00	0.00	
125	5057170.00	0.00	0.00	0.00	4427093.00	4427096.00	0.00	0.00	
126	5031505.00	0.00	0.00	0.00	4432794.00	4432753.00	0.00	0.00	
127	5012499.00	0.00	0.00	0.00	4430786.00	4430815.00	0.00	0.00	
128	4998240.00	0.00	0.00	0.00	4430059.00	4430045.00	0.00	0.00	
129	4969975.00	0.00	0.00	0.00	4420401.00	4420406.00	0.00	0.00	
130	4973542.00	0.00	0.00	0.00	4421539.00	4421514.00	0.00	0.00	
131	4984811.00	0.00	0.00	0.00	4423842.00	4423841.00	0.00	0.00	
132	4979702.00	0.00	0.00	0.00	4425093.00	4425067.00	0.00	0.00	
133	4971296.00	0.00	0.00	0.00	4425890.00	4425914.00	0.00	0.00	
134	4992608.00	0.00	0.00	0.00	4425325.00	4425325.00	0.00	0.00	
135	5026849.00	0.00	0.00	0.00	4432080.00	4432058.00	0.00	0.00	
136	4993950.00	0.00	0.00	0.00	4433910.00	4433910.00	0.00	0.00	
137	4996359.00	0.00	0.00	0.00	4426246.00	4426233.00	0.00	0.00	
138	5030376.00	0.00	0.00	0.00	4429793.00	4429750.00	0.00	0.00	
139	5024118.00	0.00	0.00	0.00	4433670.00	4433714.00	0.00	0.00	
140	5014737.00	0.00	0.00	0.00	4432522.00	4432510.00	0.00	0.00	
141	5002342.00	0.00	0.00	0.00	4438600.00	4438528.00	0.00	0.00	
142	4993121.00	0.00	0.00	0.00	4425199.00	4425255.00	0.00	0.00	
143	4997543.00	0.00	0.00	0.00	4426817.00	4426812.00	0.00	0.00	
144	5040477.00	0.00	0.00	0.00	4427145.00	4427138.00	0.00	0.00	
145	5025181.00	0.00	0.00	0.00	4433801.00	4433796.00	0.00	0.00	
146	5010254.00	0.00	0.00	0.00	4430354.00	4430332.00	0.00	0.00	
147	5007870.00	0.00	0.00	0.00	4431041.00	4431038.00	0.00	0.00	
148	5011961.00	0.00	0.00	0.00	4429170.00	4429189.00	0.00	0.00	
149	5005831.00	0.00	0.00	0.00	4432538.00	4432536.00	0.00	0.00	
150	5003884.00	0.00	0.00	0.00	4426981.00	4426956.00	0.00	0.00	
151	4970140.00	0.00	0.00	0.00	4423971.00	4423984.00	0.00	0.00	
152	5664464.00	0.00	0.00	0.00	2568310.00	2567600.00	0.00	0.00	
153	5156968.00	0.00	0.00	0.00	3811731.00	3811461.00	0.00	0.00	
154	5131041.00	0.00	0.00	0.00	4099828.00	4099682.00	0.00	0.00	
155	5172648.00	0.00	0.00	0.00	4204859.00	4204817.00	0.00	0.00	
156	5141455.00	0.00	0.00	0.00	4222231.00	4222151.00	0.00	0.00	
157	5102555.00	0.00	0.00	0.00	4318325.00	4318256.00	0.00	0.00	
158	5085205.00	0.00	0.00	0.00	4358248.00	4358043.00	0.00	0.00	
159	5058562.00	0.00	0.00	0.00	4375229.00	4375215.00	0.00	0.00	
160	5039162.00	0.00	0.00	0.00	4379994.00	4379898.00	0.00	0.00	
161	5031686.00	0.00	0.00	0.00	4377398.00	4377385.00	0.00	0.00	
162	5020069.00	0.00	0.00	0.00	4385322.00	4385183.00	0.00	0.00	
163	5013163.00	0.00	0.00	0.00	4390811.00	4390754.00	0.00	0.00	
164	5016848.00	0.00	0.00	0.00	4394946.00	4394825.00	0.00	0.00	
165	5028581.00	0.00	0.00	0.00	4401436.00	4401401.00	0.00	0.00	
166	5055724.00	0.00	0.00	0.00	4402547.00	4402523.00	0.00	0.00	
167	5081447.00	0.00	0.00	0.00	4404406.00	4404318.00	0.00	0.00	
168	5092830.00	0.00	0.00	0.00	4410867.00	4410798.00	0.00	0.00	
169	5085570.00	0.00	0.00	0.00	4410930.00	4410918.00	0.00	0.00	
170	5074547.00	0.00	0.00	0.00	4411317.00	4411273.00	0.00	0.00	
171	5063260.00	0.00	0.00	0.00	4413776.00	4413701.00	0.00	0.00	
172	5047781.00	0.00	0.00	0.00	4414453.00	4414433.00	0.00	0.00	
173	5061754.00	0.00	0.00	0.00	4415659.00	4415610.00	0.00	0.00	
174	5046229.00	0.00	0.00	0.00	4412294.00	4412235.00	0.00	0.00	
175	5022137.00	0.00	0.00	0.00	4418186.00	4418180.00	0.00	0.00	
176	4996442.00	0.00	0.00	0.00	4413768.00	4413751.00	0.00	0.00	
177	4995902.00	0.00	0.00	0.00	4414489.00	4414458.00	0.00	0.00	
178	5000988.00	0.00	0.00	0.00	4414329.00	4414242.00	0.00	0.00	
179	5007929.00	0.00	0.00	0.00	4417267.00	4417296.00	0.00	0.00	
180	5026670.00	0.00	0.00	0.00	4419841.00	4419835.00	0.00	0.00	
181	5029290.00	0.00	0.00	0.00	4420450.00	4420335.00	0.00	0.00	
182	5036872.00	0.00	0.00	0.00	4417693.00	4417784.00	0.00	0.00	
183	5059143.00	0.00	0.00	0.00	4420217.00	4420178.00	0.00	0.00	
184	5103127.00	0.00	0.00	0.00	4421206.00	4421135.00	0.00	0.00	
185	5092510.00	0.00	0.00	0.00	4422783.00	4422815.00	0.00	0.00	
186	5039137.00	0.00	0.00	0.00	4423024.00	4422949.00	0.00	0.00	
187	5019230.00	0.00	0.00	0.00	4420131.00	4420181.00	0.00	0.00	
188	5016174.00	0.00	0.00	0.00	4415896.00	4415871.00	0.00	0.00	
189	4994591.00	0.00	0.00	0.00	4420204.00	4420110.00	0.00	0.00	
190	4995198.00	0.00	0.00	0.00	4422932.00	4422913.00	0.00	0.00	
191	5026498.00	0.00	0.00	0.00	4425675.00	4425717.00	0.00	0.00	
192	5019690.00	0.00	0.00	0.00	4426867.00	4426839.00	0.00	0.00	
193	5023565.00	0.00	0.00	0.00	4421639.00	4421635.00	0.00	0.00	
194	5019087.00	0.00	0.00	0.00	4422745.00	4422719.00	0.00	0.00	
195	5022613.00	0.00	0.00	0.00	4425791.00	4425745.00	0.00	0.00	
196	5012934.00	0.00	0.00	0.00	4425225.00	4425237.00	0.00	0.00	
197	5059113.00	0.00	0.00	0.00	4429185.00	4429201.00	0.00	0.00	
198	5077285.00	0.00	0.00	0.00	4431534.00	4431510.00	0.00	0.00	
199	5070195.00	0.00	0.00	0.00	4432591.00	4432585.00	0.00	0.00	
200	5051371.00	0.00	0.00	0.00	4433166.00	4433142.00	0.00	0.00	
201	5043949.00	0.00	0.00	0.00	4430946.00	4430971.00	0.00	0.00	
202	5026138.00	0.00	0.00	0.00	4432360.00	4432318.00	0.00	0.00	
203	5011185.00	0.00	0.00	0.00	4422596.00	4422568.00	0.00	0.00	
204	4985088.00	0.00	0.00	0.00	4423518.00	4423549.00	0.00	0.00	
205	4991338.00	0.00	0.00	0.00	4425255.00	4425232.00	0.00	0.00	
206	5041172.00	0.00	0.00	0.00	4435071.00	4435019.00	0.00	0.00	
207	5025956.00	0.00	0.00	0.00	4428144.00	4428155.00	0.00	0.00	
208	5045425.00	0.00	0.00	0.00	4430052.00	4430090.00	0.00	0.00	
209	5049274.00	0.00	0.00	0.00	4430697.00	4430696.00	0.00	0.00	
210	5046910.00	0.00	0.00	0.00	4430886.00	4430877.00	0.00	0.00	
211	5013070.00	0.00	0.00	0.00	4428017.00	4427970.00	0.00	0.00	
212	5007993.00	0.00	0.00	0.00	4426581.00	4426622.00	0.00	0.00	
213	5001971.00	0.00	0.00	0.00	4426071.00	4426037.00	0.00	0.00	
214	4996023.00	0.00	0.00	0.00	4425302.00	4425300.00	0.00	0.00	
215	5014228.00	0.00	0.00	0.00	4429432.00	4429446.00	0.00	0.00	
216	5085731.00	0.00	0.00	0.00	4433489.00	4433463.00	0.00	0.00	
217	5066344.00	0.00	0.00	0.00	4430038.00	4430049.00	0.00	0.00	
218	5049255.00	0.00	0.00	0.00	4432636.00	4432617.00	0.00	0.00	
219	5058148.00	0.00	0.00	0.00	4433369.00	4433383.00	0.00	0.00	
220	5057294.00	0.00	0.00	0.00	4434094.00	4434045.00	0.00	0.00	
221	5043387.00	0.00	0.00	0.00	4432462.00	4432461.00	0.00	0.00	
222	5036540.00	0.00	0.00	0.00	4431658.00	4431665.00	0.00	0.00	
223	5040385.00	0.00	0.00	0.00	4427660.00	4427663.00	0.00	0.00	
224	5036730.00	0.00	0.00	0.00	4422903.00	4422882.00	0.00	0.00	
225	5021792.00	0.00	0.00	0.00	4424638.00	4424637.00	0.00	0.00	
226	5051539.00	0.00	0.00	0.00	4429032.00	4429009.00	0.00	0.00	
227	5061576.00	0.00	0.00	0.00	4434805.00	4434803.00	0.00	0.00	
228	5039316.00	0.00	0.00	0.00	4435275.00	4435276.00	0.00	0.00	
229	5038549.00	0.00	0.00	0.00	4437032.00	4437013.00	0.00	0.00	
230	5034138.00	0.00	0.00	0.00	4435561.00	4435568.00	0.00	0.00	
231	5034517.00	0.00	0.00	0.00	4432814.00	4432719.00	0.00	0.00	
232	5043053.00	0.00	0.00	0.00	4431706.00	4431797.00	0.00	0.00	
233	5062999.00	0.00	0.00	0.00	4436467.00	4436444.00	0.00	0.00	
234	5056197.00	0.00	0.00	0.00	4429823.00	4429823.00	0.00	0.00	
235	5013720.00	0.00	0.00	0.00	4428310.00	4428274.00	0.00	0.00	
236	5020156.00	0.00	0.00	0.00	4421130.00	4421127.00	0.00	0.00	
237	5014466.00	0.00	0.00	0.00	4424465.00	4424485.00	0.00	0.00	
238	5003225.00	0.00	0.00	0.00	4423067.00	4423015.00	0.00	0.00	
239	5026729.00	0.00	0.00	0.00	4426478.00	4426485.00	0.00	0.00	
240	5032778.00	0.00	0.00	0.00	4433178.00	4433186.00	0.00	0.00	
241	5043488.00	0.00	0.00	0.00	4433251.00	4433222.00	0.00	0.00	
242	5025168.00	0.00	0.00	0.00	4429458.00	4429435.00	0.00	0.00	
243	5020609.00	0.00	0.00	0.00	4424281.00	4424305.00	0.00	0.00	
244	5030122.00	0.00	0.00	0.00	4425949.00	4425924.00	0.00	0.00	
245	5041421.00	0.00	0.00	0.00	4427185.00	4427230.00	0.00	0.00	
246	5037505.00	0.00	0.00	0.00	4429122.00	4429085.00	0.00	0.00	
247	5075504.00	0.00	0.00	0.00	4433933.00	4433915.00	0.00	0.00	
248	5069250.00	0.00	0.00	0.00	4433914.00	4433872.00	0.00	0.00	
249	5034797.00	0.00	0.00	0.00	4431988.00	4432034.00	0.00	0.00	
250	4993673.00	0.00	0.00	0.00	4426087.00	4426113.00	0.00	0.00	
251	4997326.00	0.00	0.00	0.00	4424976.00	4424921.00	0.00	0.00	
252	6154723.00	0.00	0.00	0.00	2069860.00	2069899.00	0.00	0.00	
253	5936897.00	0.00	0.00	0.00	2430310.00	2429724.00	0.00	0.00	
254	5353702.00	0.00	0.00	0.00	3681531.00	3681204.00	0.00	0.00	
255	5221117.00	0.00	0.00	0.00	3999013.00	3998812.00	0.00	0.00	
256	5134154.00	0.00	0.00	0.00	4158820.00	4158675.00	0.00	0.00	
257	5077599.00	0.00	0.00	0.00	4248253.00	4248151.00	0.00	0.00	
258	5109735.00	0.00	0.00	0.00	4225168.00	4225155.00	0.00	0.00	
259	5078341.00	0.00	0.00	0.00	4341947.00	4341806.00	0.00	0.00	
260	5126846.00	0.00	0.00	0.00	4372828.00	4372698.00	0.00	0.00	
261	5053058.00	0.00	0.00	0.00	4375274.00	4375187.00	0.00	0.00	
262	5024327.00	0.00	0.00	0.00	4379124.00	4379099.00	0.00	0.00	
263	5061346.00	0.00	0.00	0.00	4390914.00	4390852.00	0.00	0.00	
264	5054884.00	0.00	0.00	0.00	4397099.00	4397020.00	0.00	0.00	
265	5075680.00	0.00	0.00	0.00	4403165.00	4403072.00	0.00	0.00	
266	5081768.00	0.00	0.00	0.00	4403211.00	4403155.00	0.00	0.00	
267	5071124.00	0.00	0.00	0.00	4404361.00	4404303.00	0.00	0.00	
268	5099710.00	0.00	0.00	0.00	4403452.00	4403403.00	0.00	0.00	
269	5084842.00	0.00	0.00	0.00	4410454.00	4410379.00	0.00	0.00	
270	5059164.00	0.00	0.00	0.00	4414485.00	4414472.00	0.00	0.00	
271	5042424.00	0.00	0.00	0.00	4413840.00	4413752.00	0.00	0.00	
272	5038409.00	0.00	0.00	0.00	4415751.00	4415735.00	0.00	0.00	
273	5044008.00	0.00	0.00	0.00	4420874.00	4420764.00	0.00	0.00	
274	5027587.00	0.00	0.00	0.00	4418149.00	4418200.00	0.00	0.00	
275	5020445.00	0.00	0.00	0.00	4413493.00	4413381.00	0.00	0.00	
276	5023728.00	0.00	0.00	0.00	4413745.00	4413741.00	0.00	0.00	
277	5098752.00	0.00	0.00	0.00	4423436.00	4423439.00	0.00	0.00	
278	5093807.00	0.00	0.00	0.00	4426105.00	4426075.00	0.00	0.00	
279	5082208.00	0.00	0.00	0.00	4425328.00	4425277.00	0.00	0.00	
280	5062721.00	0.00	0.00	0.00	4426660.00	4426622.00	0.00	0.00	
281	5059231.00	0.00	0.00	0.00	4423030.00	4423038.00	0.00	0.00	
282	5065312.00	0.00	0.00	0.00	4424956.00	4424892.00	0.00	0.00	
283	5065097.00	0.00	0.00	0.00	4426912.00	4426864.00	0.00	0.00	
284	5064777.00	0.00	0.00	0.00	4429079.00	4429085.00	0.00	0.00	
285	5099955.00	0.00	0.00	0.00	4428036.00	4427976.00	0.00	0.00	
286	5067745.00	0.00	0.00	0.00	4425857.00	4425832.00	0.00	0.00	
287	5034686.00	0.00	0.00	0.00	4425891.00	4425914.00	0.00	0.00	
288	5003511.00	0.00	0.00	0.00	4421043.00	4421003.00	0.00	0.00	
289	5023676.00	0.00	0.00	0.00	4425479.00	4425456.00	0.00	0.00	
290	5055028.00	0.00	0.00	0.00	4427075.00	4427117.00	0.00	0.00	
291	5051631.00	0.00	0.00	0.00	4426392.00	4426354.00	0.00	0.00	
292	5107968.00	0.00	0.00	0.00	4427482.00	4427493.00	0.00	0.00	
293	5079904.00	0.00	0.00	0.00	4426054.00	4426010.00	0.00	0.00	
294	5064200.00	0.00	0.00	0.00	4429744.00	4429752.00	0.00	0.00	
295	5057746.00	0.00	0.00	0.00	4428154.00	4428127.00	0.00	0.00	
296	5040804.00	0.00	0.00	0.00	4425442.00	4425450.00	0.00	0.00	
297	5036494.00	0.00	0.00	0.00	4429414.00	4429415.00	0.00	0.00	
298	5049536.00	0.00	0.00	0.00	4428001.00	4427961.00	0.00	0.00	
299	5071982.00	0.00	0.00	0.00	4432932.00	4432927.00	0.00	0.00	
300	5102096.00	0.00	0.00	0.00	4431303.00	4431321.00	0.00	0.00	
301	5077927.00	0.00	0.00	0.00	4430552.00	4430540.00	0.00	0.00	
302	5037641.00	0.00	0.00	0.00	4432738.00	4432694.00	0.00	0.00	
303	5021708.00	0.00	0.00	0.00	4426603.00	4426610.00	0.00	0.00	
304	5010168.00	0.00	0.00	0.00	4424416.00	4424407.00	0.00	0.00	
305	5023093.00	0.00	0.00	0.00	4425808.00	4425798.00	0.00	0.00	
306	5042535.00	0.00	0.00	0.00	4430046.00	4430035.00	0.00	0.00	
307	5031794.00	0.00	0.00	0.00	4428385.00	4428413.00	0.00	0.00	
308	5099308.00	0.00	0.00	0.00	4436387.00	4436387.00	0.00	0.00	
309	5118289.00	0.00	0.00	0.00	4432109.00	4432038.00	0.00	0.00	
310	5112461.00	0.00	0.00	0.00	4432513.00	4432552.00	0.00	0.00	
311	5093877.00	0.00	0.00	0.00	4435013.00	4434986.00	0.00	0.00	
312	5089343.00	0.00	0.00	0.00	4431260.00	4431239.00	0.00	0.00	
313	5068752.00	0.00	0.00	0.00	4433528.00	4433523.00	0.00	0.00	
314	5025412.00	0.00	0.00	0.00	4432379.00	4432404.00	0.00	0.00	
315	5006628.00	0.00	0.00	0.00	4424770.00	4424734.00	0.00	0.00	
316	5025054.00	0.00	0.00	0.00	4425619.00	4425571.00	0.00	0.00	
317	5043273.00	0.00	0.00	0.00	4432797.00	4432845.00	0.00	0.00	
318	5075179.00	0.00	0.00	0.00	4434537.00	4434504.00	0.00	0.00	
319	5072795.00	0.00	0.00	0.00	4425117.00	4425122.00	0.00	0.00	
320	5056667.00	0.00	0.00	0.00	4427186.00	4427223.00	0.00	0.00	
321	5033480.00	0.00	0.00	0.00	4430742.00	4430693.00	0.00	0.00	
322	5026104.00	0.00	0.00	0.00	4424022.00	4424040.00	0.00	0.00	
323	5025540.00	0.00	0.00	0.00	4425087.00	4425074.00	0.00	0.00	
324	5036859.00	0.00	0.00	0.00	4427963.00	4427973.00	0.00	0.00	
325	5084664.00	0.00	0.00	0.00	4432314.00	4432336.00	0.00	0.00	
326	5084941.00	0.00	0.00	0.00	4434168.00	4434149.00	0.00	0.00	
327	5074980.00	0.00	0.00	0.00	4429571.00	4429577.00	0.00	0.00	
328	5049474.00	0.00	0.00	0.00	4433210.00	4433181.00	0.00	0.00	
329	5044770.00	0.00	0.00	0.00	4433403.00	4433419.00	0.00	0.00	
330	5068966.00	0.00	0.00	0.00	4429301.00	4429287.00	0.00	0.00	
331	5072407.00	0.00	0.00	0.00	4431053.00	4430971.00	0.00	0.00	
332	5067568.00	0.00	0.00	0.00	4432415.00	4432451.00	0.00	0.00	
333	5065260.00	0.00	0.00	0.00	4433534.00	4433511.00	0.00	0.00	
334	5058975.00	0.00	0.00	0.00	4432997.00	4433022.00	0.00	0.00	
335	5048674.00	0.00	0.00	0.00	4434055.00	4434061.00	0.00	0.00	
336	5034031.00	0.00	0.00	0.00	4431702.00	4431651.00	0.00	0.00	
337	5005039.00	0.00	0.00	0.00	4428793.00	4428789.00	0.00	0.00	
338	5024166.00	0.00	0.00	0.00	4427121.00	4427119.00	0.00	0.00	
339	5037228.00	0.00	0.00	0.00	4424861.00	4424870.00	0.00	0.00	
340	5038761.00	0.00	0.00	0.00	4425301.00	4425282.00	0.00	0.00	
341	5045743.00	0.00	0.00	0.00	4425400.00	4425376.00	0.00	0.00	
342	5098683.00	0.00	0.00	0.00	4430630.00	4430650.00	0.00	0.00	
343	5104590.00	0.00	0.00	0.00	4429815.00	4429823.00	0.00	0.00	
344	5083859.00	0.00	0.00	0.00	4433586.00	4433586.00	0.00	0.00	
345	5049689.00	0.00	0.00	0.00	4426511.00	4426470.00	0.00	0.00	
346	5025094.00	0.00	0.00	0.00	4425120.00	4425141.00	0.00	0.00	
347	5061416.00	0.00	0.00	0.00	4428354.00	4428310.00	0.00	0.00	
348	5067861.00	0.00	0.00	0.00	4431229.00	4431228.00	0.00	0.00	
349	5068247.00	0.00	0.00	0.00	4431607.00	4431631.00	0.00	0.00	
350	5097651.00	0.00	0.00	0.00	4432142.00	4432142.00	0.00	0.00	
351	5066056.00	0.00	0.00	0.00	4431293.00	4431276.00	0.00	0.00	
352	5913238.00	0.00	0.00	0.00	2371121.00	2370407.00	0.00	0.00	
353	5334294.00	0.00	0.00	0.00	3746128.00	3745854.00	0.00	0.00	
354	5245886.00	0.00	0.00	0.00	4047019.00	4046900.00	0.00	0.00	
355	5177261.00	0.00	0.00	0.00	4206587.00	4206468.00	0.00	0.00	
356	5180964.00	0.00	0.00	0.00	4182877.00	4182879.00	0.00	0.00	
357	5150281.00	0.00	0.00	0.00	4295084.00	4294943.00	0.00	0.00	
358	5118908.00	0.00	0.00	0.00	4353836.00	4353699.00	0.00	0.00	
359	5094019.00	0.00	0.00	0.00	4379053.00	4379005.00	0.00	0.00	
360	5090016.00	0.00	0.00	0.00	4380675.00	4380565.00	0.00	0.00	
361	5068205.00	0.00	0.00	0.00	4384800.00	4384788.00	0.00	0.00	
362	5084544.00	0.00	0.00	0.00	4388156.00	4388034.00	0.00	0.00	
363	5088565.00	0.00	0.00	0.00	4391977.00	4391856.00	0.00	0.00	
364	5087154.00	0.00	0.00	0.00	4397581.00	4397475.00	0.00	0.00	
365	5097746.00	0.00	0.00	0.00	4396595.00	4396565.00	0.00	0.00	
366	5087004.00	0.00	0.00	0.00	4398412.00	4398330.00	0.00	0.00	
367	5108973.00	0.00	0.00	0.00	4403756.00	4403674.00	0.00	0.00	
368	5083501.00	0.00	0.00	0.00	4405280.00	4405255.00	0.00	0.00	
369	5069724.00	0.00	0.00	0.00	4411830.00	4411746.00	0.00	0.00	
370	5071754.00	0.00	0.00	0.00	4410810.00	4410758.00	0.00	0.00	
371	5055870.00	0.00	0.00	0.00	4411978.00	4411940.00	0.00	0.00	
372	5040801.00	0.00	0.00	0.00	4417985.00	4417873.00	0.00	0.00	
373	5036835.00	0.00	0.00	0.00	4416371.00	4416398.00	0.00	0.00	
374	5059692.00	0.00	0.00	0.00	4416156.00	4416063.00	0.00	0.00	
375	5054334.00	0.00	0.00	0.00	4418781.00	4418791.00	0.00	0.00	
376	5069011.00	0.00	0.00	0.00	4420536.00	4420525.00	0.00	0.00	
377	5111956.00	0.00	0.00	0.00	4421671.00	4421638.00	0.00	0.00	
378	5122039.00	0.00	0.00	0.00	4421417.00	4421384.00	0.00	0.00	
379	5128862.00	0.00	0.00	0.00	4425661.00	4425630.00	0.00	0.00	
380	5121772.00	0.00	0.00	0.00	4422071.00	4422060.00	0.00	0.00	
381	5106847.00	0.00	0.00	0.00	4421383.00	4421338.00	0.00	0.00	
382	5085689.00	0.00	0.00	0.00	4422664.00	4422636.00	0.00	0.00	
383	5088957.00	0.00	0.00	0.00	4424103.00	4424099.00	0.00	0.00	
384	5081354.00	0.00	0.00	0.00	4428744.00	4428713.00	0.00	0.00	
385	5048393.00	0.00	0.00	0.00	4426013.00	4426036.00	0.00	0.00	
386	5028538.00	0.00	0.00	0.00	4425128.00	4425076.00	0.00	0.00	
387	5037298.00	0.00	0.00	0.00	4426695.00	4426694.00	0.00	0.00	
388	5061480.00	0.00	0.00	0.00	4428477.00	4428471.00	0.00	0.00	
389	5098582.00	0.00	0.00	0.00	4426506.00	4426464.00	0.00	0.00	
390	5098696.00	0.00	0.00	0.00	4425882.00	4425873.00	0.00	0.00	
391	5097304.00	0.00	0.00	0.00	4424556.00	4424555.00	0.00	0.00	
392	5087844.00	0.00	0.00	0.00	4428232.00	4428206.00	0.00	0.00	
393	5076865.00	0.00	0.00	0.00	4427105.00	4427073.00	0.00	0.00	
394	5091416.00	0.00	0.00	0.00	4427671.00	4427635.00	0.00	0.00	
395	5085887.00	0.00	0.00	0.00	4431788.00	4431794.00	0.00	0.00	
396	5062950.00	0.00	0.00	0.00	4433959.00	4433924.00	0.00	0.00	
397	5053201.00	0.00	0.00	0.00	4430196.00	4430154.00	0.00	0.00	
398	5047884.00	0.00	0.00	0.00	4429703.00	4429754.00	0.00	0.00	
399	5041806.00	0.00	0.00	0.00	4427321.00	4427289.00	0.00	0.00	
400	5100479.00	0.00	0.00	0.00	4427662.00	4427686.00	0.00	0.00	
