34	4002	0.0500175	0.999512	1
45	5618	0.0514724	0.999023	1
67	4400	0.052453	0.998535	1
91	4396	0.0531758	0.998047	1
59	5380	0.0542907	0.997559	1
0	4277	0.119244	0.99707	1
73	4798	0.120145	0.996582	1
110	3604	0.120739	0.996094	1
108	3758	0.121345	0.995605	1
83	4515	0.122138	0.995117	1
82	4867	0.122942	0.994629	1
100	3766	0.123597	0.994141	1
159	4639	0.124009	0.993652	1
124	5008	0.12454	0.993164	1
98	4458	0.125211	0.992676	1
137	4667	0.125691	0.992188	1
1	4240	0.158385	0.991699	1
119	4539	0.158937	0.991211	1
90	4055	0.159667	0.990723	1
114	3018	0.160236	0.990234	1
95	3852	0.160926	0.989746	1
112	4510	0.161513	0.989258	1
178	2889	0.161871	0.98877	1
106	2763	0.162482	0.988281	1
153	3992	0.162908	0.987793	1
182	4227	0.163265	0.987305	1
136	4283	0.163747	0.986816	1
180	4384	0.164109	0.986328	1
76	3887	0.164972	0.98584	1
89	4690	0.165712	0.985352	1
195	3212	0.166039	0.984863	1
113	4054	0.166619	0.984375	1
126	4219	0.16714	0.983887	1
165	3373	0.167531	0.983398	1
168	4359	0.167919	0.98291	1
105	3991	0.168544	0.982422	1
101	3551	0.169191	0.981934	1
2	3577	0.191067	0.981445	1
141	4043	0.19153	0.980957	1
130	3898	0.192033	0.980469	1
245	5526	0.192299	0.97998	1
3	3631	0.208749	0.979492	1
217	3888	0.209045	0.979004	1
102	3699	0.209687	0.978516	1
107	3312	0.210296	0.978027	1
80	4988	0.21112	0.977539	1
154	3676	0.211541	0.977051	1
4	3730	0.224727	0.976562	1
116	4356	0.225293	0.976074	1
147	3271	0.225733	0.975586	1
205	4392	0.22605	0.975098	1
222	3001	0.226334	0.974609	1
179	2672	0.226688	0.974121	1
135	3139	0.227167	0.973633	1
88	4144	0.227914	0.973145	1
252	5271	0.228172	0.972656	1
151	5166	0.228607	0.972168	1
274	4676	0.228842	0.97168	1
265	3431	0.22908	0.971191	1
128	5939	0.229597	0.970703	1
97	3933	0.230273	0.970215	1
5	3642	0.241277	0.969727	1
169	4753	0.241665	0.969238	1
164	4117	0.242062	0.96875	1
218	4847	0.242361	0.968262	1
213	3546	0.242661	0.967773	1
244	3056	0.242918	0.967285	1
122	4018	0.243455	0.966797	1
183	3100	0.243804	0.966309	1
177	3802	0.24417	0.96582	1
166	5132	0.244566	0.965332	1
288	4905	0.244789	0.964844	1
127	2563	0.245295	0.964355	1
7	3550	0.253567	0.963867	1
361	3476	0.253737	0.963379	1
99	4524	0.254401	0.962891	1
194	3785	0.254734	0.962402	1
317	2492	0.254922	0.961914	1
203	3767	0.255239	0.961426	1
190	3703	0.255579	0.960938	1
263	5180	0.255825	0.960449	1
6	3127	0.265267	0.959961	1
219	3518	0.265558	0.959473	1
337	3682	0.265743	0.958984	1
199	5469	0.266072	0.958496	1
115	2365	0.26663	0.958008	1
148	3763	0.26707	0.95752	1
291	4705	0.26729	0.957031	1
233	4151	0.267566	0.956543	1
8	3573	0.274926	0.956055	1
273	3330	0.275156	0.955566	1
162	3784	0.275556	0.955078	1
221	3522	0.275845	0.95459	1
215	2954	0.276139	0.954102	1
196	3071	0.276464	0.953613	1
283	4713	0.276691	0.953125	1
242	4208	0.276956	0.952637	1
200	2897	0.277273	0.952148	1
216	3122	0.277566	0.95166	1
173	3808	0.277941	0.951172	1
25	4044	0.280505	0.950684	1
50	3928	0.281812	0.950195	1
37	4806	0.28357	0.949707	1
35	3516	0.285421	0.949219	1
36	4152	0.287224	0.94873	1
33	3119	0.289181	0.948242	1
43	5136	0.290701	0.947754	1
52	4424	0.291961	0.947266	1
65	3662	0.292968	0.946777	1
71	3141	0.293887	0.946289	1
56	5145	0.29506	0.945801	1
48	4718	0.296424	0.945312	1
63	4685	0.297467	0.944824	1
64	4387	0.298493	0.944336	1
92	3242	0.299202	0.943848	1
53	4576	0.300439	0.943359	1
61	4800	0.301516	0.942871	1
81	3890	0.302326	0.942383	1
70	3574	0.303261	0.941895	1
84	3876	0.304042	0.941406	1
57	5929	0.305197	0.940918	1
68	3616	0.30616	0.94043	1
62	3978	0.307217	0.939941	1
58	3811	0.308345	0.939453	1
93	4744	0.309054	0.938965	1
46	3955	0.310472	0.938477	1
40	3523	0.312097	0.937988	1
74	4731	0.312987	0.9375	1
85	4670	0.313761	0.937012	1
145	3970	0.314211	0.936523	1
77	3611	0.315062	0.936035	1
55	4473	0.316254	0.935547	1
96	2334	0.316925	0.935059	1
143	4734	0.317384	0.93457	1
170	5042	0.31777	0.934082	1
231	3901	0.318048	0.933594	1
117	4803	0.31861	0.933105	1
167	3618	0.318998	0.932617	1
86	4263	0.319762	0.932129	1
132	4355	0.320259	0.931641	1
150	4842	0.320697	0.931152	1
109	3326	0.321295	0.930664	1
139	4551	0.321767	0.930176	1
79	4429	0.322599	0.929688	1
78	3226	0.323437	0.929199	1
94	4142	0.324135	0.928711	1
282	4214	0.324362	0.928223	1
131	4573	0.324863	0.927734	1
247	3269	0.325118	0.927246	1
188	5702	0.325468	0.926758	1
87	2813	0.326215	0.92627	1
240	3606	0.32648	0.925781	1
371	3680	0.326646	0.925293	1
152	3816	0.327075	0.924805	1
138	3584	0.327546	0.924316	1
193	4149	0.327882	0.923828	1
123	4021	0.328414	0.92334	1
318	4145	0.328613	0.922852	1
118	2895	0.329161	0.922363	1
251	4696	0.329419	0.921875	1
335	3880	0.329605	0.921387	1
207	4254	0.329918	0.920898	1
257	4265	0.330168	0.92041	1
142	3602	0.330626	0.919922	1
171	3717	0.331005	0.919434	1
308	5416	0.331214	0.918945	1
360	4084	0.331388	0.918457	1
314	3707	0.331587	0.917969	1
420	4201	0.331734	0.91748	1
234	4100	0.332009	0.916992	1
264	2872	0.332244	0.916504	1
186	3281	0.332588	0.916016	1
255	2598	0.33283	0.915527	1
202	2939	0.333143	0.915039	1
415	3949	0.333291	0.914551	1
103	3547	0.333926	0.914062	1
175	3664	0.334295	0.913574	1
434	3340	0.334433	0.913086	1
238	4362	0.334704	0.912598	1
334	2278	0.334879	0.912109	1
280	3842	0.335105	0.911621	1
172	4293	0.335484	0.911133	1
381	4195	0.335647	0.910645	1
239	2831	0.335909	0.910156	1
140	4767	0.336378	0.909668	1
296	3055	0.336586	0.90918	1
391	3564	0.336743	0.908691	1
579	4416	0.336846	0.908203	1
298	2645	0.337049	0.907715	1
191	3519	0.337386	0.907227	1
316	3915	0.337585	0.906738	1
344	3719	0.337766	0.90625	1
513	3565	0.337881	0.905762	1
734	4332	0.337959	0.905273	1
339	4741	0.338146	0.904785	1
299	3510	0.338356	0.904297	1
364	3091	0.338522	0.903809	1
181	3939	0.33888	0.90332	1
323	4260	0.339076	0.902832	1
220	3773	0.339367	0.902344	1
11	4503	0.344902	0.901855	1
16	4183	0.348817	0.901367	1
23	4447	0.351595	0.900879	1
21	3692	0.354622	0.900391	1
28	4137	0.356922	0.899902	1
31	3759	0.359005	0.899414	1
38	4409	0.360717	0.898926	1
44	3544	0.362197	0.898438	1
39	4422	0.363866	0.897949	1
49	4308	0.365201	0.897461	1
69	4304	0.366153	0.896973	1
75	3754	0.367027	0.896484	1
51	4328	0.36831	0.895996	1
86	3677	0.369072	0.895508	1
104	3208	0.369698	0.89502	1
72	3855	0.370609	0.894531	1
214	2513	0.3709	0.894043	1
125	4336	0.371425	0.893555	1
120	3742	0.371969	0.893066	1
161	2605	0.372364	0.892578	1
206	3959	0.372678	0.89209	1
248	4478	0.372938	0.891602	1
121	2761	0.373471	0.891113	1
189	4119	0.373814	0.890625	1
275	3657	0.374044	0.890137	1
157	4389	0.37446	0.889648	1
155	5995	0.374887	0.88916	1
198	2687	0.375205	0.888672	1
129	4645	0.375714	0.888184	1
146	3935	0.376161	0.887695	1
192	3588	0.376496	0.887207	1
356	3612	0.376669	0.886719	1
253	3635	0.37692	0.88623	1
210	5237	0.377232	0.885742	1
149	3857	0.377669	0.885254	1
320	3532	0.377863	0.884766	1
266	3822	0.378102	0.884277	1
187	3593	0.378447	0.883789	1
174	3000	0.378814	0.883301	1
305	3702	0.37902	0.882812	1
333	3804	0.379208	0.882324	1
211	3064	0.379508	0.881836	1
393	4550	0.379667	0.881348	1
329	4385	0.37986	0.880859	1
235	4216	0.380134	0.880371	1
336	3951	0.38032	0.879883	1
133	4480	0.380814	0.879395	1
394	3365	0.380967	0.878906	1
325	3213	0.381157	0.878418	1
158	3663	0.381567	0.87793	1
375	4024	0.381733	0.877441	1
66	3756	0.382726	0.876953	1
223	5320	0.383019	0.876465	1
399	3508	0.383171	0.875977	1
289	3601	0.383388	0.875488	1
304	3815	0.383596	0.875	1
628	3814	0.383687	0.874512	1
345	4388	0.38387	0.874023	1
352	3861	0.384047	0.873535	1
362	3426	0.384216	0.873047	1
204	3442	0.38453	0.872559	1
671	3579	0.384614	0.87207	1
376	4521	0.384781	0.871582	1
423	4140	0.384927	0.871094	1
260	3228	0.385168	0.870605	1
262	4423	0.385413	0.870117	1
156	2706	0.385822	0.869629	1
227	5341	0.38611	0.869141	1
382	3931	0.386272	0.868652	1
243	3438	0.386533	0.868164	1
270	4129	0.386769	0.867676	1
462	4060	0.386901	0.867188	1
504	4093	0.387021	0.866699	1
517	2161	0.387122	0.866211	1
548	2394	0.387219	0.865723	1
285	3167	0.387437	0.865234	1
259	2803	0.387676	0.864746	1
201	3803	0.387997	0.864258	1
307	5173	0.388206	0.86377	1
552	3581	0.388312	0.863281	1
600	2485	0.388399	0.862793	1
324	3280	0.388589	0.862305	1
654	3969	0.388677	0.861816	1
293	3968	0.388893	0.861328	1
281	2971	0.389113	0.86084	1
411	3800	0.389262	0.860352	1
648	4138	0.389352	0.859863	1
294	4279	0.389569	0.859375	1
297	4368	0.389783	0.858887	1
527	3180	0.389892	0.858398	1
343	3853	0.390074	0.85791	1
459	3036	0.390201	0.857422	1
604	3381	0.390295	0.856934	1
591	3321	0.39039	0.856445	1
363	4297	0.390563	0.855957	1
437	3627	0.390702	0.855469	1
632	3644	0.390792	0.85498	1
300	3910	0.391002	0.854492	1
572	3661	0.391104	0.854004	1
392	3414	0.391259	0.853516	1
10	3869	0.39729	0.853027	1
29	4035	0.399513	0.852539	1
39	3214	0.401176	0.852051	1
42	4751	0.40273	0.851562	1
54	4319	0.403944	0.851074	1
395	3517	0.404098	0.850586	1
350	3786	0.404275	0.850098	1
184	4274	0.404629	0.849609	1
163	2319	0.405015	0.849121	1
212	4001	0.40532	0.848633	1
276	3505	0.405548	0.848145	1
483	4341	0.405674	0.847656	1
272	3799	0.405907	0.847168	1
315	3184	0.406103	0.84668	1
554	4830	0.406213	0.846191	1
292	3405	0.406427	0.845703	1
321	5313	0.406627	0.845215	1
482	3790	0.406752	0.844727	1
254	3351	0.407	0.844238	1
332	4364	0.407191	0.84375	1
408	3103	0.407337	0.843262	1
365	3024	0.407502	0.842773	1
490	5805	0.40763	0.842285	1
237	4272	0.407902	0.841797	1
197	3383	0.408227	0.841309	1
144	4011	0.408681	0.84082	1
374	4517	0.408849	0.840332	1
455	2950	0.408977	0.839844	1
341	3976	0.40916	0.839355	1
303	3693	0.409367	0.838867	1
409	4072	0.409518	0.838379	1
351	4833	0.409699	0.837891	1
380	4420	0.409864	0.837402	1
643	5037	0.409958	0.836914	1
340	2564	0.410133	0.836426	1
436	4264	0.410274	0.835938	1
432	3747	0.410415	0.835449	1
160	4031	0.410822	0.834961	1
422	3430	0.410964	0.834473	1
614	4758	0.411062	0.833984	1
388	3099	0.411217	0.833496	1
378	2882	0.411374	0.833008	1
568	4589	0.41148	0.83252	1
615	5164	0.411579	0.832031	1
563	3628	0.411682	0.831543	1
311	3152	0.411881	0.831055	1
481	3502	0.412004	0.830566	1
886	3467	0.412062	0.830078	1
557	3268	0.412164	0.82959	1
230	2893	0.412437	0.829102	1
134	4426	0.412927	0.828613	1
486	4094	0.413051	0.828125	1
208	2691	0.413353	0.827637	1
284	2621	0.413568	0.827148	1
267	3689	0.413805	0.82666	1
1102	3634	0.413849	0.826172	1
634	3677	0.413939	0.825684	1
111	3542	0.414527	0.825195	1
825	3911	0.414593	0.824707	1
331	3849	0.414782	0.824219	1
313	3277	0.41498	0.82373	1
225	3393	0.415262	0.823242	1
574	3598	0.415363	0.822754	1
511	3940	0.41548	0.822266	1
573	4371	0.415585	0.821777	1
416	4017	0.415733	0.821289	1
584	3428	0.41583	0.820801	1
271	5677	0.416071	0.820312	1
241	3258	0.416333	0.819824	1
606	3107	0.416424	0.819336	1
590	3605	0.416522	0.818848	1
446	3415	0.416656	0.818359	1
474	2983	0.416777	0.817871	1
390	2862	0.416929	0.817383	1
798	3288	0.416995	0.816895	1
209	2364	0.417291	0.816406	1
487	4320	0.417417	0.815918	1
713	3749	0.417495	0.81543	1
831	2754	0.417553	0.814941	1
493	4143	0.417676	0.814453	1
743	3419	0.417749	0.813965	1
567	2756	0.417845	0.813477	1
413	2612	0.417985	0.812988	1
322	4190	0.418181	0.8125	1
397	3716	0.418335	0.812012	1
421	4358	0.418483	0.811523	1
407	3698	0.418633	0.811035	1
507	3335	0.418748	0.810547	1
658	4559	0.418837	0.810059	1
655	2930	0.418919	0.80957	1
665	4631	0.419008	0.809082	1
647	3216	0.419093	0.808594	1
312	2560	0.419285	0.808105	1
410	3700	0.419434	0.807617	1
460	2519	0.419556	0.807129	1
430	3538	0.419696	0.806641	1
618	3448	0.419788	0.806152	1
851	3480	0.419849	0.805664	1
1018	2542	0.41989	0.805176	1
759	3882	0.419963	0.804688	1
26	3319	0.422429	0.804199	1
30	3095	0.424575	0.803711	1
41	4655	0.426166	0.803223	1
60	3812	0.427257	0.802734	1
176	3732	0.427625	0.802246	1
250	3761	0.427879	0.801758	1
510	3501	0.427995	0.80127	1
435	4065	0.428136	0.800781	1
228	4748	0.42842	0.800293	1
326	2962	0.428607	0.799805	1
358	3101	0.428776	0.799316	1
309	2878	0.428974	0.798828	1
529	4192	0.429087	0.79834	1
367	2852	0.42925	0.797852	1
400	3143	0.4294	0.797363	1
412	3647	0.429547	0.796875	1
458	3843	0.42968	0.796387	1
536	4278	0.429792	0.795898	1
528	3176	0.429901	0.79541	1
301	4414	0.430112	0.794922	1
621	4449	0.430208	0.794434	1
649	3202	0.430292	0.793945	1
522	3858	0.430406	0.793457	1
466	4160	0.430537	0.792969	1
549	3511	0.430643	0.79248	1
488	3945	0.430767	0.791992	1
442	3809	0.430904	0.791504	1
306	3048	0.431105	0.791016	1
447	3586	0.431239	0.790527	1
319	3477	0.431434	0.790039	1
485	2480	0.431548	0.789551	1
597	4370	0.431648	0.789062	1
516	3161	0.431759	0.788574	1
370	3793	0.431927	0.788086	1
723	2356	0.431993	0.787598	1
444	3218	0.432126	0.787109	1
229	3697	0.432405	0.786621	1
452	2890	0.432533	0.786133	1
616	3114	0.432623	0.785645	1
689	3625	0.432704	0.785156	1
414	3932	0.432852	0.784668	1
897	3613	0.43291	0.78418	1
349	2189	0.433075	0.783691	1
589	3468	0.433172	0.783203	1
185	5289	0.433527	0.782715	1
685	4154	0.433611	0.782227	1
499	2780	0.433724	0.781738	1
277	4500	0.433955	0.78125	1
644	3374	0.434042	0.780762	1
373	3645	0.434207	0.780273	1
302	3168	0.434412	0.779785	1
328	3378	0.4346	0.779297	1
449	3590	0.434734	0.778809	1
295	3065	0.434943	0.77832	1
519	3474	0.435056	0.777832	1
612	4822	0.435154	0.777344	1
286	3957	0.435376	0.776855	1
850	3576	0.435438	0.776367	1
625	3264	0.435527	0.775879	1
720	3225	0.435602	0.775391	1
740	3641	0.435676	0.774902	1
766	2406	0.435737	0.774414	1
506	3984	0.435856	0.773926	1
424	3712	0.435999	0.773438	1
384	3021	0.436155	0.772949	1
347	3659	0.436334	0.772461	1
834	3952	0.436399	0.771973	1
491	3479	0.436519	0.771484	1
448	2772	0.436648	0.770996	1
705	3342	0.436725	0.770508	1
869	3382	0.436784	0.77002	1
464	2911	0.436909	0.769531	1
605	3260	0.437001	0.769043	1
815	3284	0.437065	0.768555	1
635	3666	0.437155	0.768066	1
801	3366	0.43722	0.767578	1
808	3483	0.437286	0.76709	1
920	3433	0.437341	0.766602	1
966	2845	0.437388	0.766113	1
353	2726	0.437557	0.765625	1
543	2233	0.437653	0.765137	1
389	2490	0.437801	0.764648	1
829	3509	0.437865	0.76416	1
718	3472	0.437941	0.763672	1
990	5357	0.437998	0.763184	1
629	2938	0.438084	0.762695	1
724	3904	0.438162	0.762207	1
465	2998	0.438287	0.761719	1
354	4330	0.438465	0.76123	1
880	3302	0.438522	0.760742	1
657	2370	0.438598	0.760254	1
268	3396	0.438833	0.759766	1
592	4289	0.438933	0.759277	1
540	2747	0.439035	0.758789	1
821	3897	0.439102	0.758301	1
700	3344	0.43918	0.757812	1
667	3359	0.439262	0.757324	1
867	3961	0.439325	0.756836	1
622	3443	0.439415	0.756348	1
1029	3300	0.439462	0.755859	1
12	3387	0.444568	0.755371	1
47	3841	0.445957	0.754883	1
366	3463	0.446124	0.754395	1
286	4282	0.446347	0.753906	1
386	2395	0.446496	0.753418	1
224	3668	0.446782	0.75293	1
398	3777	0.446936	0.752441	1
387	3291	0.447092	0.751953	1
372	2459	0.447249	0.751465	1
463	3323	0.447376	0.750977	1
558	3753	0.447481	0.750488	1
480	4177	0.447608	0.75	1
505	3371	0.447724	0.749512	1
440	2933	0.447857	0.749023	1
279	3536	0.448082	0.748535	1
551	3460	0.448187	0.748047	1
438	4885	0.44833	0.747559	1
741	3083	0.448401	0.74707	1
673	3526	0.448484	0.746582	1
788	3481	0.448551	0.746094	1
812	2818	0.448612	0.745605	1
287	3989	0.448833	0.745117	1
701	3930	0.448914	0.744629	1
441	4199	0.449053	0.744141	1
619	4073	0.449148	0.743652	1
534	3893	0.449259	0.743164	1
692	3640	0.449339	0.742676	1
502	3040	0.449454	0.742188	1
555	4088	0.449561	0.741699	1
426	2524	0.449695	0.741211	1
530	3727	0.449806	0.740723	1
406	3512	0.449956	0.740234	1
419	2585	0.450093	0.739746	1
338	3136	0.450273	0.739258	1
677	3755	0.450357	0.73877	1
640	3417	0.450444	0.738281	1
703	4742	0.450528	0.737793	1
417	4168	0.450676	0.737305	1
582	4764	0.45078	0.736816	1
620	2973	0.450868	0.736328	1
925	3826	0.450925	0.73584	1
601	3110	0.451017	0.735352	1
683	2647	0.451092	0.734863	1
368	3138	0.451256	0.734375	1
908	2886	0.451309	0.733887	1
807	3173	0.451372	0.733398	1
660	3117	0.451455	0.73291	1
876	3243	0.451512	0.732422	1
727	4575	0.451592	0.731934	1
514	3304	0.451705	0.731445	1
603	2921	0.451796	0.730957	1
475	3507	0.451921	0.730469	1
641	2991	0.452005	0.72998	1
479	4092	0.452132	0.729492	1
662	4232	0.45222	0.729004	1
461	2313	0.452339	0.728516	1
706	3006	0.452414	0.728027	1
346	3739	0.452593	0.727539	1
672	3798	0.452678	0.727051	1
731	3500	0.452752	0.726562	1
501	3005	0.452867	0.726074	1
525	3926	0.45298	0.725586	1
793	3256	0.453046	0.725098	1
494	3737	0.453167	0.724609	1
666	3583	0.453251	0.724121	1
1037	3004	0.453295	0.723633	1
907	3313	0.45335	0.723145	1
617	4207	0.453445	0.722656	1
1046	2835	0.453487	0.722168	1
472	3198	0.453611	0.72168	1
668	3903	0.453697	0.721191	1
675	3096	0.453777	0.720703	1
642	2766	0.453859	0.720215	1
836	3385	0.453921	0.719727	1
1221	3093	0.453956	0.719238	1
401	3106	0.454105	0.71875	1
1206	3023	0.454139	0.718262	1
402	3558	0.45429	0.717773	1
471	3423	0.454416	0.717285	1
729	3636	0.454492	0.716797	1
369	3845	0.45466	0.716309	1
469	4484	0.454791	0.71582	1
739	3534	0.454865	0.715332	1
949	4030	0.454921	0.714844	1
495	3585	0.45504	0.714355	1
571	3731	0.455142	0.713867	1
538	3297	0.455249	0.713379	1
470	2888	0.455372	0.712891	1
598	3484	0.455467	0.712402	1
730	2980	0.455539	0.711914	1
691	3214	0.455617	0.711426	1
428	2912	0.455754	0.710938	1
1225	4466	0.455795	0.710449	1
624	4091	0.455888	0.709961	1
986	3806	0.45594	0.709473	1
1198	3325	0.455977	0.708984	1
954	3672	0.456031	0.708496	1
9	2658	0.462653	0.708008	1
425	2134	0.462782	0.70752	1
553	4313	0.462891	0.707031	1
342	4198	0.463075	0.706543	1
232	2877	0.463345	0.706055	1
357	3667	0.463518	0.705566	1
261	4020	0.463762	0.705078	1
310	3068	0.463961	0.70459	1
330	4186	0.464152	0.704102	1
249	2984	0.464403	0.703613	1
359	2383	0.464565	0.703125	1
269	2757	0.464794	0.702637	1
256	2934	0.465037	0.702148	1
379	2661	0.465192	0.70166	1
586	4220	0.465293	0.701172	1
570	2792	0.465389	0.700684	1
547	3142	0.465493	0.700195	1
802	3836	0.465561	0.699707	1
645	2805	0.465644	0.699219	1
236	2547	0.465906	0.69873	1
638	4095	0.465997	0.698242	1
258	3104	0.466239	0.697754	1
646	4309	0.46633	0.697266	1
895	3190	0.466386	0.696777	1
809	3454	0.466451	0.696289	1
531	3557	0.466561	0.695801	1
545	4630	0.466673	0.695312	1
355	3751	0.466847	0.694824	1
994	3905	0.466899	0.694336	1
497	3203	0.467016	0.693848	1
556	3314	0.467119	0.693359	1
503	2918	0.467232	0.692871	1
717	4205	0.467312	0.692383	1
541	3954	0.467422	0.691895	1
348	2411	0.46759	0.691406	1
403	2164	0.467728	0.690918	1
874	3051	0.467785	0.69043	1
492	3678	0.467906	0.689941	1
711	3444	0.467983	0.689453	1
762	4080	0.468057	0.688965	1
418	2587	0.468194	0.688477	1
607	2945	0.468284	0.687988	1
456	4618	0.46842	0.6875	1
760	3311	0.46849	0.687012	1
508	3347	0.468605	0.686523	1
327	2913	0.468791	0.686035	1
786	3158	0.468856	0.685547	1
396	3076	0.469007	0.685059	1
1064	2675	0.469046	0.68457	1
1294	3721	0.469081	0.684082	1
290	3653	0.469298	0.683594	1
983	3149	0.469347	0.683105	1
725	4377	0.469426	0.682617	1
719	2604	0.469496	0.682129	1
650	3834	0.469584	0.681641	1
932	3150	0.469636	0.681152	1
950	3709	0.46969	0.680664	1
849	4333	0.469756	0.680176	1
535	3860	0.469866	0.679688	1
631	4134	0.469959	0.679199	1
753	3665	0.470032	0.678711	1
926	2964	0.470083	0.678223	1
377	2723	0.47024	0.677734	1
900	3237	0.470295	0.677246	1
1107	2414	0.470329	0.676758	1
769	3449	0.470399	0.67627	1
1189	4000	0.47044	0.675781	1
1137	3282	0.470479	0.675293	1
1587	3560	0.470504	0.674805	1
738	3410	0.470577	0.674316	1
838	2601	0.470633	0.673828	1
1106	3722	0.470677	0.67334	1
722	3781	0.470754	0.672852	1
1043	3197	0.470799	0.672363	1
768	4658	0.470874	0.671875	1
1275	2847	0.470904	0.671387	1
817	3043	0.470966	0.670898	1
978	3012	0.471013	0.67041	1
984	3908	0.471066	0.669922	1
852	2595	0.47112	0.669434	1
890	3587	0.471179	0.668945	1
670	2287	0.471251	0.668457	1
858	3033	0.471309	0.667969	1
915	2906	0.471361	0.66748	1
938	3305	0.471414	0.666992	1
839	2935	0.471472	0.666504	1
1207	4229	0.471513	0.666016	1
1562	3623	0.471539	0.665527	1
1494	2832	0.471561	0.665039	1
995	2176	0.471598	0.664551	1
1848	3094	0.471613	0.664062	1
1084	3377	0.471657	0.663574	1
855	4897	0.471724	0.663086	1
861	2573	0.471777	0.662598	1
1004	3529	0.471826	0.662109	1
754	4282	0.471902	0.661621	1
576	3235	0.472	0.661133	1
1152	3259	0.472039	0.660645	1
1270	3196	0.472072	0.660156	1
1478	3079	0.472096	0.659668	1
789	4253	0.472167	0.65918	1
816	3286	0.472231	0.658691	1
884	3778	0.472291	0.658203	1
226	3504	0.472573	0.657715	1
451	3451	0.472705	0.657227	1
467	3513	0.472833	0.656738	1
520	2500	0.472937	0.65625	1
468	4033	0.473067	0.655762	1
687	5386	0.473155	0.655273	1
518	3768	0.473269	0.654785	1
613	4064	0.473365	0.654297	1
515	2899	0.473475	0.653809	1
542	3263	0.473581	0.65332	1
1380	4032	0.473614	0.652832	1
716	3865	0.473692	0.652344	1
473	4037	0.47382	0.651855	1
405	3615	0.473971	0.651367	1
680	3569	0.474053	0.650879	1
385	2712	0.474206	0.650391	1
696	3357	0.474284	0.649902	1
877	4103	0.474346	0.649414	1
787	2948	0.47441	0.648926	1
1014	3833	0.474461	0.648438	1
758	2678	0.474526	0.647949	1
1111	2784	0.474563	0.647461	1
919	2746	0.474613	0.646973	1
800	4108	0.474683	0.646484	1
539	3643	0.474792	0.645996	1
533	2636	0.474895	0.645508	1
478	2858	0.475014	0.64502	1
1204	2482	0.475044	0.644531	1
524	3620	0.475156	0.644043	1
532	2802	0.475261	0.643555	1
679	3144	0.47534	0.643066	1
1079	2795	0.47538	0.642578	1
943	4074	0.475436	0.64209	1
439	3062	0.47557	0.641602	1
785	3765	0.47564	0.641113	1
761	3610	0.475711	0.640625	1
847	3525	0.475773	0.640137	1
752	2431	0.475836	0.639648	1
693	3221	0.475915	0.63916	1
509	3175	0.476028	0.638672	1
581	2721	0.476121	0.638184	1
744	2163	0.476182	0.637695	1
1045	3900	0.47623	0.637207	1
736	3886	0.476306	0.636719	1
763	3009	0.476374	0.63623	1
521	3111	0.476484	0.635742	1
1283	2574	0.476511	0.635254	1
921	4446	0.47657	0.634766	1
779	3486	0.476639	0.634277	1
764	3599	0.47671	0.633789	1
1039	2985	0.476754	0.633301	1
585	3010	0.476849	0.632812	1
695	3818	0.47693	0.632324	1
906	3317	0.476985	0.631836	1
872	2988	0.477041	0.631348	1
623	3081	0.477129	0.630859	1
826	3561	0.477194	0.630371	1
863	3941	0.477256	0.629883	1
1005	3914	0.477307	0.629395	1
991	2879	0.477353	0.628906	1
755	3660	0.477426	0.628418	1
1076	3217	0.477469	0.62793	1
686	3715	0.47755	0.627441	1
1033	3134	0.477595	0.626953	1
1179	3236	0.477633	0.626465	1
676	3307	0.477714	0.625977	1
1000	3171	0.477761	0.625488	1
927	3052	0.477813	0.625	1
561	3780	0.477918	0.624512	1
909	3187	0.477972	0.624023	1
433	2868	0.478106	0.623535	1
1151	2419	0.478138	0.623047	1
856	2422	0.47819	0.622559	1
1251	3230	0.478224	0.62207	1
939	3498	0.478278	0.621582	1
1069	3279	0.478322	0.621094	1
15	3553	0.482476	0.620605	1
1044	2312	0.482513	0.620117	1
742	2149	0.482574	0.619629	1
1253	3788	0.482611	0.619141	1
627	4889	0.482706	0.618652	1
823	3130	0.482768	0.618164	1
278	3825	0.482996	0.617676	1
1526	4139	0.483025	0.617188	1
792	2787	0.483087	0.616699	1
1735	2627	0.483101	0.616211	1
843	3358	0.483162	0.615723	1
1406	2539	0.483184	0.615234	1
1643	4644	0.483211	0.614746	1
429	4061	0.483355	0.614258	1
457	3457	0.483485	0.61377	1
1001	3595	0.483535	0.613281	1
748	3974	0.48361	0.612793	1
682	3649	0.483692	0.612305	1
1058	2781	0.483733	0.611816	1
1570	2887	0.483753	0.611328	1
790	3592	0.483821	0.61084	1
707	3035	0.483896	0.610352	1
663	3181	0.483978	0.609863	1
1269	2540	0.484005	0.609375	1
27	3211	0.486382	0.608887	1
32	3349	0.4884	0.608398	1
477	3170	0.488522	0.60791	1
445	3275	0.488656	0.607422	1
550	3621	0.488762	0.606934	1
512	2814	0.488872	0.606445	1
702	3262	0.488949	0.605957	1
609	3499	0.489042	0.605469	1
721	3153	0.489116	0.60498	1
453	2749	0.489243	0.604492	1
246	3364	0.4895	0.604004	1
747	2606	0.489565	0.603516	1
688	3713	0.489647	0.603027	1
674	3037	0.489727	0.602539	1
936	3792	0.489782	0.602051	1
804	3735	0.48985	0.601562	1
767	4165	0.489923	0.601074	1
922	2357	0.489969	0.600586	1
383	3146	0.490126	0.600098	1
822	4175	0.490193	0.599609	1
596	4848	0.490295	0.599121	1
1075	2929	0.490336	0.598633	1
681	4792	0.490423	0.598145	1
1383	2786	0.490448	0.597656	1
751	3704	0.490521	0.597168	1
989	3294	0.49057	0.59668	1
982	2083	0.490607	0.596191	1
699	4821	0.490692	0.595703	1
694	3397	0.490771	0.595215	1
842	4079	0.490836	0.594727	1
427	3453	0.490977	0.594238	1
443	3912	0.491114	0.59375	1
1178	3124	0.491151	0.593262	1
1501	2145	0.491165	0.592773	1
669	5324	0.491255	0.592285	1
770	3206	0.491323	0.591797	1
1074	2331	0.491358	0.591309	1
777	2715	0.491421	0.59082	1
997	2639	0.491464	0.590332	1
714	2676	0.491535	0.589844	1
1088	2391	0.491569	0.589355	1
1100	3239	0.491611	0.588867	1
1223	2613	0.491641	0.588379	1
562	2625	0.491737	0.587891	1
1139	4097	0.491781	0.587402	1
1194	3301	0.491818	0.586914	1
583	3435	0.491916	0.586426	1
840	3674	0.49198	0.585938	1
1285	3720	0.492015	0.585449	1
780	3320	0.492083	0.584961	1
1452	3779	0.492112	0.584473	1
1059	4347	0.492162	0.583984	1
489	3656	0.492283	0.583496	1
1017	3266	0.49233	0.583008	1
824	3050	0.492391	0.58252	1
1345	3868	0.492425	0.582031	1
735	3391	0.492499	0.581543	1
810	2446	0.492556	0.581055	1
1527	2844	0.492577	0.580566	1
1322	3452	0.492609	0.580078	1
496	2509	0.49272	0.57959	1
1441	3503	0.492748	0.579102	1
1385	2611	0.492772	0.578613	1
569	3418	0.492873	0.578125	1
1386	2556	0.492896	0.577637	1
778	3466	0.492964	0.577148	1
1250	3411	0.492999	0.57666	1
698	3025	0.493075	0.576172	1
1047	3165	0.49312	0.575684	1
870	3072	0.493177	0.575195	1
653	2919	0.493258	0.574707	1
771	4730	0.493333	0.574219	1
865	3485	0.493394	0.57373	1
1028	2349	0.493431	0.573242	1
1022	2883	0.493475	0.572754	1
564	3856	0.493579	0.572266	1
715	2255	0.493645	0.571777	1
1135	2477	0.493678	0.571289	1
1429	3407	0.493706	0.570801	1
803	2594	0.493765	0.570312	1
1040	3651	0.493813	0.569824	1
854	3348	0.493873	0.569336	1
1197	3061	0.493909	0.568848	1
1912	2689	0.493919	0.568359	1
1133	3310	0.493959	0.567871	1
1626	3363	0.493981	0.567383	1
1448	2839	0.494005	0.566895	1
1108	2167	0.494035	0.566406	1
1154	3728	0.494077	0.565918	1
973	3589	0.494128	0.56543	1
1143	2444	0.494161	0.564941	1
1260	3060	0.494193	0.564453	1
1731	3278	0.494212	0.563965	1
1160	2769	0.494247	0.563477	1
1288	2810	0.494276	0.562988	1
1267	3723	0.494312	0.5625	1
1412	2515	0.494333	0.562012	1
885	3556	0.494392	0.561523	1
1184	3864	0.494433	0.561035	1
1231	3020	0.494466	0.560547	1
656	3422	0.494551	0.560059	1
546	2965	0.494654	0.55957	1
830	3432	0.494717	0.559082	1
765	3427	0.494787	0.558594	1
587	2680	0.494878	0.558105	1
974	3318	0.494928	0.557617	1
859	3003	0.494986	0.557129	1
774	2797	0.49505	0.556641	1
910	2575	0.495099	0.556152	1
704	2885	0.495173	0.555664	1
892	2479	0.495223	0.555176	1
958	2426	0.495267	0.554688	1
652	3506	0.495353	0.554199	1
1188	3439	0.495391	0.553711	1
697	3163	0.495468	0.553223	1
911	2904	0.49552	0.552734	1
498	3339	0.495637	0.552246	1
1121	3862	0.495681	0.551758	1
580	2826	0.495776	0.55127	1
637	2850	0.49586	0.550781	1
484	4399	0.495986	0.550293	1
608	3619	0.49608	0.549805	1
611	3482	0.496173	0.549316	1
1096	4665	0.496222	0.548828	1
1247	2804	0.496252	0.54834	1
1553	3609	0.496278	0.547852	1
1286	3714	0.496313	0.547363	1
630	3724	0.496404	0.546875	1
1092	3193	0.496446	0.546387	1
998	2827	0.49649	0.545898	1
602	2724	0.49658	0.54541	1
1196	2396	0.496609	0.544922	1
1177	4008	0.49665	0.544434	1
733	2974	0.496721	0.543945	1
811	2943	0.496783	0.543457	1
888	2997	0.496837	0.542969	1
1401	2865	0.496863	0.54248	1
593	3874	0.496961	0.541992	1
963	2548	0.497006	0.541504	1
784	3058	0.497071	0.541016	1
1087	3883	0.497117	0.540527	1
841	3996	0.497182	0.540039	1
728	3600	0.497257	0.539551	1
757	3942	0.497331	0.539062	1
1128	3172	0.497371	0.538574	1
945	3032	0.497421	0.538086	1
1391	3186	0.497449	0.537598	1
1085	2113	0.49748	0.537109	1
1464	2505	0.4975	0.536621	1
1455	2697	0.497522	0.536133	1
1242	2580	0.497551	0.535645	1
951	2115	0.497591	0.535156	1
814	2526	0.497648	0.534668	1
1195	2451	0.497678	0.53418	1
1220	3029	0.497712	0.533691	1
565	2359	0.497804	0.533203	1
864	2439	0.497856	0.532715	1
454	3524	0.497987	0.532227	1
1451	2848	0.498011	0.531738	1
996	2262	0.49805	0.53125	1
1138	3267	0.498089	0.530762	1
961	4052	0.498144	0.530273	1
1031	2732	0.498186	0.529785	1
985	4554	0.498241	0.529297	1
1377	3129	0.498269	0.528809	1
1060	3102	0.498312	0.52832	1
1635	3497	0.498335	0.527832	1
1153	3770	0.498377	0.527344	1
882	2840	0.498431	0.526855	1
1185	3515	0.498469	0.526367	1
1274	3580	0.498504	0.525879	1
1488	2453	0.498523	0.525391	1
690	4662	0.498608	0.524902	1
1292	3769	0.498643	0.524414	1
659	3306	0.498727	0.523926	1
1211	2790	0.498759	0.523438	1
1237	2892	0.498791	0.522949	1
875	3848	0.498852	0.522461	1
476	4248	0.498981	0.521973	1
1104	3353	0.499023	0.521484	1
1027	2806	0.499065	0.520996	1
1313	4292	0.499102	0.520508	1
1246	2053	0.499124	0.52002	1
1432	3296	0.499151	0.519531	1
1268	2514	0.499178	0.519043	1
905	3545	0.499235	0.518555	1
746	3539	0.499308	0.518066	1
1840	3990	0.499328	0.517578	1
832	2941	0.499388	0.51709	1
1238	4250	0.499428	0.516602	1
914	3404	0.499483	0.516113	1
917	3985	0.499541	0.515625	1
898	2742	0.499593	0.515137	1
1662	3953	0.499617	0.514648	1
1174	3746	0.499657	0.51416	1
795	2654	0.499718	0.513672	1
819	3073	0.49978	0.513184	1
866	3648	0.499841	0.512695	1
1362	2959	0.499868	0.512207	1
1685	3705	0.499891	0.511719	1
537	3002	0.499996	0.51123	1
661	3224	0.500079	0.510742	1
959	3552	0.500132	0.510254	1
577	3950	0.500233	0.509766	1
712	3456	0.50031	0.509277	1
566	3077	0.50041	0.508789	1
1290	3007	0.50044	0.508301	1
1012	2993	0.500485	0.507812	1
901	3691	0.500543	0.507324	1
710	2350	0.500611	0.506836	1
988	3462	0.500661	0.506348	1
1248	3188	0.500695	0.505859	1
1293	3375	0.500728	0.505371	1
976	2367	0.50077	0.504883	1
902	2517	0.500819	0.504395	1
1199	2903	0.500853	0.503906	1
1140	3047	0.500891	0.503418	1
967	2510	0.500935	0.50293	1
933	3251	0.500987	0.502441	1
633	3041	0.501074	0.501953	1
1093	2116	0.501104	0.501465	1
559	3541	0.501208	0.500977	1
1304	2489	0.501233	0.500488	1
595	2925	0.501325	0.5	1
913	3622	0.501382	0.499512	1
588	3413	0.501479	0.499023	1
1190	3490	0.501517	0.498535	1
879	2867	0.501572	0.498047	1
750	4509	0.501648	0.497559	1
773	2679	0.501712	0.49707	1
431	2853	0.501847	0.496582	1
1010	2450	0.501887	0.496094	1
1038	2842	0.50193	0.495605	1
929	2740	0.501979	0.495117	1
796	2999	0.502042	0.494629	1
928	3089	0.502094	0.494141	1
893	2793	0.502147	0.493652	1
1019	2894	0.502191	0.493164	1
1319	3191	0.502222	0.492676	1
873	2298	0.502271	0.492188	1
806	3614	0.502337	0.491699	1
987	2789	0.502383	0.491211	1
844	3459	0.502445	0.490723	1
1216	3120	0.502479	0.490234	1
896	2996	0.502533	0.489746	1
1523	3424	0.502559	0.489258	1
934	2087	0.502599	0.48877	1
781	2183	0.502656	0.488281	1
1129	4189	0.502701	0.487793	1
827	3412	0.502764	0.487305	1
684	3379	0.502845	0.486816	1
575	3287	0.502943	0.486328	1
1042	2427	0.502981	0.48584	1
732	3801	0.503057	0.485352	1
1378	2222	0.503076	0.484863	1
1013	2130	0.503112	0.484375	1
1596	2731	0.50313	0.483887	1
1414	2572	0.503152	0.483398	1
1146	4089	0.503196	0.48291	1
1490	3729	0.503224	0.482422	1
1061	4150	0.503272	0.481934	1
1917	4109	0.503292	0.481445	1
1284	2822	0.503321	0.480957	1
1124	2498	0.503355	0.480469	1
1193	3195	0.503391	0.47998	1
1577	2567	0.503408	0.479492	1
1348	2880	0.503436	0.479004	1
775	3324	0.503504	0.478516	1
1173	2905	0.503539	0.478027	1
860	4719	0.503605	0.477539	1
1236	2237	0.50363	0.477051	1
1744	2981	0.503646	0.476562	1
1586	2825	0.503666	0.476074	1
1314	3205	0.503697	0.475586	1
878	2318	0.503746	0.475098	1
1181	2909	0.50378	0.474609	1
1435	2516	0.503801	0.474121	1
1361	3044	0.503829	0.473633	1
979	2170	0.503868	0.473145	1
1561	4249	0.503896	0.472656	1
1794	2958	0.503911	0.472168	1
1465	4069	0.503942	0.47168	1
952	3082	0.503992	0.471191	1
1325	3137	0.504022	0.470703	1
1234	3346	0.504057	0.470215	1
1729	3528	0.504078	0.469727	1
22	3245	0.506971	0.469238	0.987284
24	3850	0.509636	0.46875	0.987296
544	3069	0.50974	0.468262	0.987307
651	2660	0.50982	0.467773	0.987319
970	2910	0.509868	0.467285	0.98733
782	2066	0.509923	0.466797	0.987342
678	3194	0.510003	0.466309	0.987353
857	3650	0.510064	0.46582	0.987365
835	2126	0.510115	0.465332	0.987376
1503	4542	0.510145	0.464844	0.987387
1024	3105	0.510191	0.464355	0.987399
1591	3200	0.510213	0.463867	0.98741
1081	3156	0.510255	0.463379	0.987421
797	4063	0.510324	0.462891	0.987433
1110	2859	0.510363	0.462402	0.987444
980	3446	0.510413	0.461914	0.987455
756	2054	0.510471	0.461426	0.987466
726	2873	0.510542	0.460938	0.987478
1070	3115	0.510584	0.460449	0.987489
639	3227	0.510671	0.459961	0.9875
1573	2273	0.510684	0.459473	0.987511
912	3361	0.510739	0.458984	0.987522
749	3109	0.510809	0.458496	0.987533
940	4067	0.510866	0.458008	0.987544
1016	3039	0.510911	0.45752	0.987556
1201	2736	0.510943	0.457031	0.987567
946	2285	0.510986	0.456543	0.987578
968	2836	0.511033	0.456055	0.987589
944	2765	0.511081	0.455566	0.9876
1846	3975	0.511102	0.455078	0.987611
594	2559	0.511191	0.45459	0.987622
1309	3215	0.511222	0.454102	0.987633
1569	4234	0.51125	0.453613	0.987643
1200	2932	0.511284	0.453125	0.987654
2031	3380	0.511298	0.452637	0.987665
1438	3916	0.511328	0.452148	0.987676
881	3447	0.511386	0.45166	0.987687
1159	3337	0.511425	0.451172	0.987698
923	2495	0.511473	0.450684	0.987709
1340	3233	0.511503	0.450195	0.987719
1409	3520	0.511532	0.449707	0.98773
1549	2579	0.51155	0.449219	0.987741
1007	3151	0.511597	0.44873	0.987752
1364	3295	0.511627	0.448242	0.987762
1617	3108	0.511647	0.447754	0.987773
1077	3247	0.51169	0.447266	0.987784
1618	2898	0.511709	0.446777	0.987794
1023	3022	0.511754	0.446289	0.987805
1230	2063	0.511777	0.445801	0.987815
1637	2630	0.511793	0.445312	0.987826
1820	2701	0.511805	0.444824	0.987837
1492	2215	0.51182	0.444336	0.987847
1567	2817	0.51184	0.443848	0.987858
1051	3027	0.511883	0.443359	0.987868
805	3017	0.511946	0.442871	0.987879
1363	3333	0.511976	0.442383	0.987889
1112	3207	0.512016	0.441895	0.9879
1454	2638	0.512038	0.441406	0.98791
1460	3309	0.512064	0.440918	0.987921
450	3575	0.512198	0.44043	0.954205
828	3895	0.512263	0.439941	0.954243
745	3701	0.512337	0.439453	0.954281
1063	3671	0.512384	0.438965	0.954319
1041	2874	0.512426	0.438477	0.954357
1067	2643	0.512465	0.437988	0.954395
853	2553	0.512519	0.4375	0.954432
776	3209	0.512586	0.437012	0.95447
1291	3085	0.512617	0.436523	0.954508
708	3354	0.512694	0.436035	0.954545
999	2545	0.512736	0.435547	0.954583
560	2820	0.512835	0.435059	0.95462
1506	2620	0.512854	0.43457	0.954658
1276	2631	0.512882	0.434082	0.954695
1298	2709	0.51291	0.433594	0.954733
599	2478	0.512997	0.433105	0.95477
1026	2220	0.513033	0.432617	0.954807
820	3965	0.5131	0.432129	0.954844
1132	3329	0.51314	0.431641	0.954881
1241	3232	0.513175	0.431152	0.954918
1218	2922	0.513208	0.430664	0.954955
1866	3066	0.513222	0.430176	0.954992
1542	3360	0.513247	0.429688	0.955029
1890	3240	0.513262	0.429199	0.955065
977	2928	0.513309	0.428711	0.955102
1034	3436	0.513356	0.428223	0.955139
1289	2393	0.513381	0.427734	0.955175
1280	3248	0.513414	0.427246	0.955212
13	3789	0.51816	0.426758	0.955248
1078	3031	0.518201	0.42627	0.955285
783	3892	0.518272	0.425781	0.955321
1588	3013	0.518292	0.425293	0.955357
2036	3231	0.518305	0.424805	0.955393
737	3086	0.518376	0.424316	0.955429
1382	2530	0.518399	0.423828	0.955466
1329	3434	0.518431	0.42334	0.955502
1367	2915	0.518458	0.422852	0.955538
930	3832	0.518514	0.422363	0.955574
1598	3053	0.518535	0.421875	0.955609
846	2908	0.518593	0.421387	0.955645
1612	2979	0.518612	0.420898	0.955681
992	4185	0.518666	0.42041	0.955717
962	2677	0.518712	0.419922	0.955752
883	2824	0.518765	0.419434	0.955788
636	4275	0.518858	0.418945	0.955823
1166	2978	0.518894	0.418457	0.955859
1126	2952	0.518932	0.417969	0.955894
1002	2438	0.518972	0.41748	0.955929
2033	2651	0.51898	0.416992	0.955965
1272	3441	0.519015	0.416504	0.956
1224	2876	0.519047	0.416016	0.956035
1357	2593	0.519072	0.415527	0.95607
1150	3121	0.51911	0.415039	0.956105
404	3390	0.519259	0.414551	0.921599
889	3252	0.519316	0.414062	0.921659
935	2535	0.519362	0.413574	0.921719
526	3633	0.519474	0.413086	0.921779
1336	1890	0.519489	0.413086	0.921839
1157	3030	0.519526	0.412598	0.921899
1623	2508	0.519541	0.412109	0.921959
1235	3045	0.519575	0.411621	0.922018
1050	4233	0.519624	0.411133	0.922078
1073	2992	0.519666	0.410645	0.922137
1142	3948	0.519709	0.410156	0.922197
664	3016	0.51979	0.409668	0.922256
709	2995	0.519864	0.40918	0.922315
1015	2656	0.519906	0.408691	0.922374
947	2896	0.519955	0.408203	0.922433
1158	3289	0.519994	0.407715	0.922492
845	2247	0.520045	0.407227	0.922551
791	2239	0.520101	0.406738	0.92261
1419	2566	0.520123	0.40625	0.922669
1710	3038	0.520141	0.405762	0.922727
1090	3285	0.520183	0.405273	0.922786
1254	2577	0.520211	0.404785	0.922844
833	2866	0.52027	0.404297	0.922902
1751	3673	0.520291	0.403809	0.922961
1182	2655	0.520323	0.40332	0.923019
1103	4433	0.520371	0.402832	0.923077
1080	3113	0.520412	0.402344	0.923135
1171	3238	0.52045	0.401855	0.923193
1333	3192	0.52048	0.401367	0.923251
1144	2143	0.520509	0.400879	0.923308
1245	3369	0.520544	0.400391	0.923366
1571	2902	0.520564	0.399902	0.923423
837	2779	0.520622	0.399414	0.923481
1226	2830	0.520654	0.398926	0.923538
931	4071	0.520711	0.398438	0.923596
1049	2205	0.520745	0.397949	0.923653
1303	2283	0.520768	0.397461	0.92371
1227	2123	0.520792	0.396973	0.923767
948	2707	0.520839	0.396484	0.923824
1299	3128	0.52087	0.395996	0.923881
1424	3026	0.520896	0.395508	0.923937
772	2846	0.520961	0.39502	0.923994
1334	2592	0.520987	0.394531	0.924051
1203	3049	0.521021	0.394043	0.924107
1433	2860	0.521046	0.393555	0.924164
1388	2269	0.521065	0.393066	0.92422
1287	3147	0.521097	0.392578	0.924276
1134	3399	0.521137	0.39209	0.924332
2015	3015	0.521149	0.391602	0.924388
1436	3019	0.521174	0.391113	0.924444
1500	3471	0.5212	0.390625	0.9245
1208	3400	0.521237	0.390137	0.924556
1563	3257	0.52126	0.389648	0.924612
942	3283	0.521313	0.38916	0.924668
1255	2926	0.521344	0.388672	0.924723
1065	2748	0.521384	0.388184	0.895075
1205	3327	0.521421	0.387695	0.89515
1162	2729	0.521455	0.387207	0.895225
1342	2776	0.521482	0.386719	0.895299
862	2714	0.521536	0.38623	0.895374
1232	2986	0.521569	0.385742	0.895448
1228	2303	0.521596	0.385254	0.895522
1123	2972	0.521634	0.384766	0.895597
1057	2139	0.521667	0.384277	0.895671
1416	3178	0.521694	0.383789	0.895745
1048	2229	0.521729	0.383301	0.895819
1476	3078	0.521753	0.382812	0.895892
953	2670	0.5218	0.382324	0.895966
955	4505	0.521857	0.381836	0.89604
1948	2122	0.52186	0.381348	0.896113
1168	2642	0.521893	0.380859	0.896186
500	2424	0.522002	0.380371	0.89626
1498	3273	0.522027	0.379883	0.896333
14	2345	0.526448	0.379395	0.896406
1872	3655	0.526466	0.378906	0.896479
1579	2558	0.526483	0.378418	0.896552
1147	3475	0.526523	0.37793	0.896624
894	2644	0.526574	0.377441	0.896697
993	3162	0.526622	0.376953	0.89677
1950	2158	0.526625	0.376465	0.896842
1011	2603	0.526667	0.375977	0.896914
794	3255	0.526733	0.375488	0.896987
1148	2398	0.526764	0.375	0.897059
1083	2292	0.526798	0.374512	0.897131
1602	3514	0.526821	0.374023	0.897203
868	2720	0.526876	0.373535	0.897275
1592	3879	0.526901	0.373047	0.897346
1127	2099	0.52693	0.372559	0.897418
1772	3388	0.526948	0.37207	0.89749
1641	2050	0.526957	0.371582	0.897561
818	2863	0.527017	0.371094	0.897632
523	3350	0.527128	0.370605	0.859427
1273	2521	0.527155	0.370117	0.859521
626	3473	0.527245	0.369629	0.859614
610	2653	0.527332	0.369141	0.859707
2229	3246	0.527342	0.369141	0.859801
578	3487	0.527441	0.368652	0.859894
1320	3967	0.527476	0.368164	0.859987
1786	3384	0.527495	0.367676	0.86008
1099	3392	0.527537	0.367188	0.860172
1209	2484	0.527567	0.366699	0.860265
1030	3011	0.527611	0.366211	0.860357
1359	2834	0.527637	0.365723	0.86045
1071	3008	0.527679	0.365234	0.860542
1942	2692	0.527689	0.364746	0.860634
1534	2208	0.527703	0.364258	0.860726
1648	3960	0.527727	0.36377	0.860818
975	3183	0.527776	0.363281	0.86091
1114	3425	0.527818	0.362793	0.861001
1897	2961	0.527832	0.362305	0.861093
1425	2065	0.527847	0.361816	0.861184
1222	2589	0.527876	0.361328	0.861275
1499	3494	0.527903	0.36084	0.861367
941	2428	0.527948	0.360352	0.861458
1541	3549	0.527973	0.359863	0.861549
1477	3316	0.527999	0.359375	0.861639
1988	3394	0.528014	0.358887	0.86173
957	2791	0.528061	0.358398	0.861821
1539	2342	0.528077	0.35791	0.861911
1131	3998	0.528121	0.357422	0.862001
1339	3429	0.528152	0.356934	0.862092
1575	3582	0.528177	0.356445	0.862182
1921	2957	0.52819	0.355957	0.862272
1555	2626	0.528208	0.355469	0.862361
1511	2121	0.528221	0.35498	0.862451
891	2931	0.528275	0.354492	0.862541
19	2775	0.531597	0.354004	0.827608
1256	3995	0.531635	0.353516	0.827715
2004	2696	0.531644	0.353027	0.827823
981	2881	0.53169	0.352539	0.82793
1244	3489	0.531726	0.352051	0.828037
1165	3229	0.531764	0.351562	0.828144
1517	4568	0.531794	0.351074	0.828251
1281	3118	0.531826	0.350586	0.828358
1715	3962	0.531849	0.350098	0.828465
1456	3274	0.531876	0.349609	0.828571
1301	3155	0.531907	0.349121	0.828678
956	2944	0.531956	0.348633	0.828784
1510	3345	0.531981	0.348145	0.82889
1021	2745	0.532024	0.347656	0.828996
1504	3331	0.532049	0.347168	0.829102
1356	2698	0.532074	0.34668	0.829208
1210	3334	0.532111	0.346191	0.829314
1327	2187	0.532131	0.345703	0.829419
1141	3185	0.53217	0.345215	0.829524
1522	3594	0.532196	0.344727	0.82963
1379	3530	0.532227	0.344238	0.829735
1317	2408	0.532251	0.34375	0.82984
1321	2953	0.53228	0.343262	0.829945
1826	3157	0.532296	0.342773	0.830049
1086	2232	0.532329	0.342285	0.830154
1118	2602	0.532364	0.341797	0.793651
916	2268	0.532409	0.341309	0.793772
1344	3219	0.532439	0.34082	0.793893
1068	2415	0.532475	0.340332	0.794014
1277	2352	0.5325	0.339844	0.794135
1025	2468	0.532539	0.339355	0.794256
1072	3872	0.532586	0.338867	0.794376
1472	3160	0.532611	0.338379	0.794496
1169	3372	0.53265	0.337891	0.794617
1300	3328	0.532682	0.337402	0.794737
1923	3398	0.532698	0.336914	0.794857
1727	3159	0.532716	0.336426	0.794977
1355	3420	0.532747	0.335938	0.795096
1398	2608	0.53277	0.335449	0.795216
1974	2097	0.532772	0.334961	0.795335
1807	2695	0.532785	0.334473	0.795455
1508	2668	0.532805	0.333984	0.795574
1668	2946	0.532823	0.333496	0.795693
1264	2064	0.532844	0.333008	0.795812
2000	2423	0.53285	0.33252	0.79593
1119	3303	0.532891	0.332031	0.796049
1420	2550	0.532913	0.331543	0.796167
1035	2136	0.532947	0.331055	0.761799
969	2390	0.532989	0.330566	0.761931
1366	2152	0.533008	0.330078	0.762063
1483	1727	0.533014	0.330078	0.762195
918	2214	0.533058	0.32959	0.762327
887	3166	0.533114	0.329102	0.762458
1393	2632	0.533138	0.328613	0.76259
1187	2156	0.533164	0.328125	0.762721
1089	3148	0.533206	0.327637	0.762852
1427	3154	0.533232	0.327148	0.762983
848	3626	0.533295	0.32666	0.763114
1233	2924	0.533327	0.326172	0.763245
1408	2377	0.533347	0.325684	0.763376
1913	2916	0.53336	0.325195	0.763506
1870	2686	0.533371	0.324707	0.763636
1115	3464	0.533413	0.324219	0.763767
1956	3169	0.533427	0.32373	0.763897
1372	2452	0.533449	0.323242	0.764026
1302	3087	0.53348	0.322754	0.764156
1841	2975	0.533494	0.322266	0.764286
1713	2755	0.533509	0.321777	0.764415
1259	3145	0.533542	0.321289	0.764544
1564	2420	0.533558	0.320801	0.764674
1215	2324	0.533585	0.320312	0.764803
1062	2418	0.533622	0.319824	0.764932
1324	2722	0.533649	0.319336	0.76506
1101	2963	0.533688	0.318848	0.765189
1955	2699	0.533698	0.318359	0.765317
1619	2537	0.533713	0.317871	0.765446
1540	3059	0.533736	0.317383	0.765574
1271	2970	0.533767	0.316895	0.765702
1804	2309	0.533775	0.316406	0.76583
17	2664	0.537464	0.315918	0.738559
1117	3080	0.537504	0.31543	0.738696
972	2315	0.537545	0.314941	0.738833
1263	2330	0.53757	0.314453	0.738971
1373	2260	0.53759	0.313965	0.739108
1613	3179	0.537611	0.313477	0.739244
1094	3204	0.537653	0.312988	0.739381
1663	3131	0.537672	0.3125	0.739518
1297	3352	0.537705	0.312012	0.739654
1439	2615	0.537727	0.311523	0.739791
1431	3403	0.537755	0.311035	0.739927
1318	2798	0.537782	0.310547	0.740063
1402	2529	0.537804	0.310059	0.740199
1774	2531	0.537816	0.30957	0.740334
1163	2150	0.537843	0.309082	0.74047
1757	2990	0.53786	0.308594	0.740605
1338	4136	0.537895	0.308105	0.740741
1706	2341	0.537906	0.307617	0.740876
1445	2470	0.537926	0.307129	0.741011
899	2600	0.537976	0.306641	0.711144
1161	2068	0.538002	0.306152	0.711289
1353	2976	0.53803	0.305664	0.711433
964	3408	0.538081	0.305176	0.711577
1466	4213	0.538112	0.304688	0.711721
871	3014	0.538169	0.304199	0.711864
1192	2750	0.538202	0.303711	0.712008
1266	2000	0.538222	0.303711	0.712151
1661	2777	0.538238	0.303223	0.712295
1644	2819	0.538256	0.302734	0.712438
1212	3174	0.538291	0.302246	0.712581
1105	3624	0.538335	0.301758	0.712724
1347	2618	0.53836	0.30127	0.712866
1681	2118	0.538368	0.300781	0.713009
1682	2753	0.538384	0.300293	0.713151
1752	2434	0.538395	0.299805	0.713294
1167	2704	0.538429	0.299316	0.713436
1902	2266	0.538435	0.298828	0.713578
1229	3189	0.53847	0.29834	0.71372
1719	2966	0.538487	0.297852	0.713861
1003	3386	0.538535	0.297363	0.686816
1113	3389	0.538577	0.296875	0.686965
1667	2629	0.538592	0.296387	0.687114
1213	3775	0.538631	0.295898	0.687262
1583	2861	0.53865	0.29541	0.687411
965	3201	0.538701	0.294922	0.687559
1052	2326	0.538737	0.294434	0.687708
1149	2770	0.538772	0.293945	0.687856
1698	2497	0.538785	0.293457	0.688004
1109	2551	0.53882	0.292969	0.688152
1620	3222	0.538841	0.29248	0.688299
971	1872	0.538876	0.29248	0.688447
903	2875	0.538928	0.291992	0.688594
1053	2108	0.538961	0.291504	0.688742
1217	2864	0.538994	0.291016	0.688889
1450	3290	0.53902	0.290527	0.689036
1404	2967	0.539046	0.290039	0.689183
1890	3409	0.539063	0.289551	0.68933
1642	2891	0.539081	0.289062	0.689476
1261	2076	0.539102	0.288574	0.689623
1770	2284	0.539111	0.288086	0.689769
20	3298	0.542279	0.287598	0.665152
1343	3067	0.542308	0.287109	0.665304
1872	2728	0.54232	0.286621	0.665456
1341	2982	0.542348	0.286133	0.665608
1554	2242	0.542362	0.285645	0.66576
1395	2555	0.542385	0.285156	0.665911
1842	3750	0.542404	0.284668	0.666063
1502	2809	0.542425	0.28418	0.666214
1922	2856	0.542437	0.283691	0.666365
1170	4307	0.54248	0.283203	0.666516
813	2730	0.54254	0.282715	0.640591
1055	2713	0.54258	0.282227	0.640747
1337	2771	0.542607	0.281738	0.640903
1827	2445	0.542616	0.28125	0.641059
1400	2870	0.542642	0.280762	0.641215
960	3112	0.542692	0.280273	0.64137
1529	2734	0.542711	0.279785	0.641526
1097	2801	0.54275	0.279297	0.641681
1761	3440	0.542769	0.278809	0.641836
1926	3652	0.542786	0.27832	0.641991
1738	2193	0.542794	0.277832	0.642146
1601	2652	0.542812	0.277344	0.642301
924	2180	0.542855	0.276855	0.642456
1671	3075	0.542874	0.276367	0.64261
1020	2783	0.542917	0.275879	0.619742
1136	3126	0.542955	0.275391	0.6199
1430	3395	0.542983	0.274902	0.620058
1375	2855	0.54301	0.274414	0.620216
1625	2442	0.543024	0.273926	0.620374
1330	2184	0.543044	0.273438	0.620532
1186	2546	0.543075	0.272949	0.62069
1449	3116	0.543101	0.272461	0.620847
1371	2739	0.543126	0.271973	0.621005
1869	3292	0.543142	0.271484	0.621162
937	2711	0.54319	0.270996	0.621319
1471	3133	0.543215	0.270508	0.621476
1156	2460	0.543247	0.27002	0.59976
1966	4483	0.543267	0.269531	0.59992
2046	3791	0.543283	0.269043	0.60008
1765	2257	0.543291	0.268555	0.60024
1611	3774	0.543316	0.268066	0.600399
1604	2421	0.543331	0.267578	0.600559
1474	2751	0.543352	0.26709	0.600718
1036	2561	0.543392	0.266602	0.600877
1628	2437	0.543406	0.266113	0.601036
1032	3249	0.543452	0.265625	0.601195
1440	3253	0.543479	0.265137	0.601354
1239	2596	0.543508	0.264648	0.601513
1008	2346	0.543547	0.26416	0.581315
1360	2380	0.543569	0.263672	0.581476
1202	2246	0.543596	0.263184	0.581637
1175	1770	0.543615	0.263184	0.581797
1771	1866	0.543617	0.263184	0.581958
1909	2462	0.543626	0.262695	0.582118
1335	2249	0.543647	0.262207	0.582278
1687	2218	0.543656	0.261719	0.582439
1279	3562	0.543691	0.26123	0.582599
1056	2782	0.543732	0.260742	0.582759
1550	2358	0.543747	0.260254	0.582918
1859	4014	0.543767	0.259766	0.583078
1125	2186	0.543797	0.259277	0.583238
18	3563	0.547299	0.258789	0.564606
1489	2705	0.54732	0.258301	0.564767
1482	2549	0.547339	0.257812	0.564928
1521	2565	0.547358	0.257324	0.565089
1649	2240	0.547369	0.256836	0.56525
1759	3891	0.547391	0.256348	0.56541
1770	3491	0.54741	0.255859	0.565571
1882	3559	0.547427	0.255371	0.565731
18	2815	0.550924	0.254883	0.547305
1512	3341	0.550949	0.254395	0.547466
1546	3820	0.550976	0.253906	0.547628
1753	1770	0.550976	0.253906	0.547789
1315	2306	0.550999	0.253418	0.54795
1914	2884	0.551011	0.25293	0.548111
1906	2329	0.551018	0.252441	0.548272
1265	2778	0.551048	0.251953	0.548433
799	2141	0.551102	0.251465	0.531196
1387	3548	0.551132	0.250977	0.531358
1674	2923	0.55115	0.250488	0.531519
1509	3527	0.551176	0.25	0.53168
1352	2250	0.551196	0.249512	0.531842
2329	2854	0.551202	0.249512	0.532003
1733	2968	0.551219	0.249023	0.532164
1634	2900	0.551237	0.248535	0.515828
1475	2794	0.551259	0.248047	0.515989
1726	2815	0.551275	0.247559	0.516151
1006	2538	0.551316	0.24707	0.516312
1457	2582	0.551337	0.246582	0.516473
1688	3054	0.551355	0.246094	0.516633
1054	2294	0.551391	0.245605	0.516794
1969	3223	0.551405	0.245117	0.516955
1630	2474	0.551419	0.244629	0.517115
1252	3244	0.551453	0.244141	0.502096
1558	2743	0.551472	0.243652	0.502257
1467	2343	0.55149	0.243164	0.502417
1650	2671	0.551506	0.242676	0.502577
1519	2225	0.551521	0.242188	0.502738
1120	2759	0.551557	0.241699	0.487973
1514	2385	0.551574	0.241211	0.488132
1515	2843	0.551595	0.240723	0.488292
1346	3478	0.551627	0.240234	0.488452
1962	2684	0.551636	0.239746	0.488612
1745	3540	0.551657	0.239258	0.488771
1422	2329	0.551676	0.23877	0.48893
1240	2219	0.5517	0.238281	0.475311
1413	2501	0.551722	0.237793	0.475469
1535	3646	0.551748	0.237305	0.475628
1328	2717	0.551774	0.236816	0.475787
2009	2203	0.551777	0.236328	0.475946
1423	2177	0.551794	0.23584	0.476104
1770	2386	0.551804	0.235352	0.476262
1415	2581	0.551826	0.234863	0.463393
1444	2960	0.551851	0.234375	0.463551
1066	2690	0.55189	0.233887	0.463708
1243	3336	0.551925	0.233398	0.451014
1693	2940	0.551943	0.23291	0.451171
1497	2210	0.551957	0.232422	0.451327
1219	3164	0.551992	0.231934	0.451484
1655	3496	0.552015	0.231445	0.451641
1684	2947	0.552032	0.230957	0.451797
2025	2280	0.552036	0.230469	0.451953
1282	1770	0.552051	0.230469	0.440433
1183	3572	0.55209	0.22998	0.440589
1516	2796	0.552111	0.229492	0.440744
1610	3470	0.552134	0.229004	0.440899
1116	2476	0.552168	0.228516	0.429614
1122	3597	0.552211	0.228027	0.429768
1927	2198	0.552215	0.227539	0.429922
1675	3034	0.552234	0.227051	0.430076
1676	2650	0.552249	0.226562	0.430229
1847	2109	0.552253	0.226074	0.430383
1672	2584	0.552268	0.225586	0.430537
1556	2767	0.552288	0.225098	0.43069
1296	2025	0.552307	0.225098	0.420416
1262	2857	0.552337	0.224609	0.420568
1306	3370	0.55237	0.224121	0.42072
1384	2436	0.552392	0.223633	0.420873
1987	3135	0.552404	0.223145	0.410664
1405	2301	0.552424	0.222656	0.410815
2041	3343	0.552437	0.222168	0.410966
1946	1890	0.552436	0.222168	0.40115
1295	2571	0.552462	0.22168	0.401299
904	2681	0.552513	0.221191	0.391856
1507	3362	0.552538	0.220703	0.392004
1249	2369	0.552564	0.220215	0.392152
2040	3070	0.552576	0.219727	0.3923
1009	2338	0.552615	0.219238	0.38348
1543	3241	0.552638	0.21875	0.383627
1323	2412	0.552662	0.218262	0.383773
1890	1323	0.552646	0.218262	0.375262
1954	2466	0.552654	0.217773	0.375407
1164	2078	0.55268	0.217285	0.367189
1605	3182	0.552701	0.216797	0.367333
1426	2165	0.552718	0.216309	0.367477
2670	2258	0.552713	0.216309	0.36762
1622	1890	0.552719	0.216309	0.367764
1890	2055	0.552722	0.21582	0.360142
1214	3866	0.552761	0.215332	0.360284
1934	2124	0.552764	0.214844	0.360426
1854	1890	0.552765	0.214844	0.352967
1459	2812	0.552788	0.214355	0.345671
1890	2828	0.5528	0.213867	0.34581
1576	2760	0.552819	0.213379	0.345949
1095	4034	0.552865	0.212891	0.346088
2574	2685	0.552866	0.212891	0.339304
1376	1890	0.55288	0.212891	0.339442
2438	3063	0.552886	0.212891	0.339579
1632	2927	0.552905	0.212402	0.339717
1767	2574	0.552917	0.211914	0.333197
2208	2670	0.552922	0.211914	0.333333
1782	2438	0.552933	0.211426	0.333469
1873	2662	0.552944	0.210938	0.333605
1692	2457	0.552957	0.210449	0.333741
1608	2586	0.552973	0.209961	0.327534
1957	2208	0.552977	0.209473	0.327669
2438	1782	0.552966	0.209961	0.327803
1326	2429	0.55299	0.209473	0.321702
1578	2635	0.553008	0.208984	0.321835
1830	2229	0.553015	0.208496	0.321967
1278	3376	0.553048	0.208008	0.3221
1191	2616	0.55308	0.20752	0.322233
2229	3265	0.55309	0.20752	0.316478
1098	2907	0.553129	0.207031	0.316609
1666	2544	0.553143	0.206543	0.31674
1712	2229	0.553153	0.206055	0.311073
1768	2355	0.553162	0.205566	0.311203
1145	3057	0.5532	0.205078	0.311333
2670	2403	0.553197	0.205078	0.305869
2574	1408	0.553175	0.205566	0.305998
1370	2994	0.553203	0.205078	0.306126
1532	2212	0.553216	0.20459	0.306255
1615	2659	0.553233	0.204102	0.306383
1447	2574	0.553254	0.203613	0.301218
1603	2670	0.553272	0.203125	0.301345
1594	3406	0.553295	0.202637	0.301472
1484	2142	0.553309	0.202148	0.301599
2670	2277	0.553305	0.202148	0.296554
1716	2768	0.55332	0.20166	0.29668
1697	3199	0.553339	0.201172	0.291703
1764	3299	0.553357	0.200684	0.291827
1462	2716	0.553379	0.200195	0.291952
2229	3088	0.553388	0.200195	0.287192
1082	1872	0.553415	0.200195	0.287315
1871	2532	0.553425	0.199707	0.287438
1537	2373	0.553441	0.199219	0.282833
1486	2493	0.553459	0.19873	0.282955
1351	3919	0.553493	0.198242	0.278454
1798	2088	0.553498	0.197754	0.274053
1172	2496	0.55353	0.197266	0.274172
1778	2646	0.553542	0.196777	0.269956
1538	2270	0.553557	0.196289	0.270074
1091	3270	0.553599	0.195801	0.270192
1862	2454	0.553608	0.195312	0.266148
1408	1445	0.553609	0.195312	0.266265
1853	2362	0.553618	0.194824	0.266381
2000	1913	0.553616	0.194824	0.262459
1640	2293	0.553628	0.194336	0.262574
1913	2523	0.553637	0.193848	0.258729
1818	2641	0.553649	0.193359	0.258843
1874	1913	0.553649	0.193359	0.255113
2097	2360	0.553653	0.193359	0.251455
1636	2400	0.553667	0.192871	0.247905
1130	2128	0.553695	0.192383	0.244457
1872	2491	0.553705	0.191895	0.241108
1399	2936	0.55373	0.191406	0.241217
1857	2138	0.553735	0.190918	0.237995
1686	3554	0.553757	0.19043	0.238102
1893	2000	0.553759	0.19043	0.234967
1994	1686	0.553753	0.19043	0.235074
2326	2104	0.553749	0.19043	0.23518
1491	2326	0.553766	0.189941	0.23216
1654	1872	0.553771	0.189941	0.232265
1525	2256	0.553786	0.189453	0.229293
2007	2969	0.553797	0.188965	0.22637
2326	2282	0.553796	0.188965	0.223523
1835	3261	0.553813	0.188477	0.223625
2000	1835	0.55381	0.188477	0.22088
4213	2326	0.553796	0.188477	0.220982
1941	2494	0.553804	0.187988	0.221083
1809	2000	0.553808	0.187988	0.218434
1983	2254	0.553812	0.1875	0.215795
1664	2146	0.553822	0.187012	0.215895
1828	2291	0.553829	0.186523	0.215994
1689	2327	0.55384	0.186035	0.213473
1669	4213	0.553866	0.185547	0.213572
1410	1914	0.553879	0.185547	0.211085
2000	2195	0.553882	0.185059	0.211182
1528	2229	0.553896	0.18457	0.208755
1770	2989	0.553912	0.184082	0.206361
1795	1770	0.553911	0.184082	0.204023
2789	2568	0.553909	0.184082	0.204118
1770	2789	0.553923	0.183594	0.201859
2462	2917	0.553928	0.183594	0.201952
1773	1770	0.553928	0.183594	0.199744
1176	2462	0.553959	0.183105	0.199837
1332	2811	0.553986	0.182617	0.197678
1665	2449	0.553999	0.182129	0.195546
1714	3322	0.554019	0.181641	0.195637
1445	2977	0.554044	0.181152	0.193574
1903	2399	0.554051	0.180664	0.193664
1849	2007	0.554054	0.180664	0.191645
1721	2718	0.554069	0.180176	0.189649
1652	2800	0.554086	0.179688	0.189739
1833	2576	0.554097	0.179199	0.187806
