second	tx	tx_grant	tx_grant_re4wait	tx_release	tx_release_re4modfail	tx_release_re4wait	rx	rx_grantSucc	rx_queueSucc	rx_releaseSucc	rx_grantFail	rx_grantModFail	rx_releaseFail	rx_releaseModFail	rx_p4	rx_grantSucc_p4	rx_queueSucc_p4	rx_releaseSucc_p4	rx_grantFail_p4	rx_releaseFail_p4	rx_bdFail_p4	rx_mirror_p4	rx_fpga	rx_grantSucc_fpga	rx_queueSucc_fpga	rx_releaseSucc_fpga	rx_grantFail_fpga	rx_grantModFail_fpga	rx_grantModHitFail_fpga	rx_grantModNfsFail_fpga	rx_releaseFail_fpga	rx_releaseModFail_fpga	rx_releaseModHitFail_fpga	rx_releaseModNfsFail_fpga	dropped_pkt	txn_fail	txn_total	
2	4343701.00	2974794.00	2212.00	1366427.00	0.00	270.00	4339529.00	1366432.00	0.00	1366292.00	1606787.00	0.00	5.00	0.00	2816523.00	841259.00	0.00	841215.00	1134047.00	1.00	0.00	0.00	1522993.00	525173.00	0.00	525076.00	472740.00	0.00	0.00	0.00	4.00	0.00	0.00	0.00	0.00	1464.00	2974796.00	
3	4356276.00	3020637.00	1368.00	1334264.00	0.00	7.00	4353734.00	1334368.00	0.00	1334310.00	1685048.00	0.00	4.00	0.00	2833280.00	829006.00	0.00	828937.00	1175333.00	4.00	0.00	0.00	1520453.00	505363.00	0.00	505375.00	509715.00	0.00	0.00	0.00	0.00	0.00	0.00	0.00	0.00	1346.00	3020642.00	
4	4319639.00	3008161.00	1950.00	1309360.00	0.00	169.00	4317088.00	1309728.00	0.00	1309659.00	1697691.00	0.00	7.00	0.00	2814840.00	816284.00	0.00	816267.00	1182290.00	0.00	0.00	0.00	1502245.00	493444.00	0.00	493392.00	515403.00	0.00	0.00	0.00	7.00	0.00	0.00	0.00	0.00	1470.00	3008160.00	
5	4307341.00	3003645.00	1565.00	1302114.00	0.00	18.00	4301635.00	1301384.00	0.00	1301375.00	1698813.00	0.00	6.00	0.00	2806754.00	811097.00	0.00	811067.00	1184585.00	5.00	0.00	0.00	1494826.00	490288.00	0.00	490308.00	514229.00	0.00	0.00	0.00	1.00	0.00	0.00	0.00	0.00	1511.00	3003656.00	
6	4323401.00	3013036.00	1749.00	1308549.00	0.00	67.00	4321533.00	1308780.00	0.00	1308980.00	1703736.00	0.00	0.00	0.00	2819627.00	816560.00	0.00	816681.00	1186387.00	0.00	0.00	0.00	1501872.00	492222.00	0.00	492300.00	517350.00	0.00	0.00	0.00	0.00	0.00	0.00	0.00	0.00	1571.00	3013035.00	
7	4326406.00	2990087.00	1497.00	1334796.00	0.00	26.00	4322201.00	1334680.00	0.00	1334366.00	1653128.00	0.00	4.00	0.00	2821721.00	830591.00	0.00	830410.00	1160716.00	4.00	0.00	0.00	1500459.00	504090.00	0.00	503957.00	492412.00	0.00	0.00	0.00	0.00	0.00	0.00	0.00	0.00	1360.00	2990093.00	
8	4328120.00	2950485.00	1620.00	1375983.00	0.00	32.00	4326264.00	1375925.00	0.00	1376217.00	1574062.00	0.00	5.00	0.00	2803858.00	844961.00	0.00	845177.00	1113720.00	1.00	0.00	0.00	1522355.00	530966.00	0.00	531042.00	460343.00	0.00	0.00	0.00	4.00	0.00	0.00	0.00	0.00	1522.00	2950494.00	
9	4356668.00	2970544.00	1370.00	1384744.00	0.00	11.00	4354475.00	1385070.00	0.00	1384907.00	1584360.00	0.00	124.00	0.00	2829280.00	854777.00	0.00	854739.00	1119764.00	0.00	0.00	0.00	1525181.00	530293.00	0.00	530168.00	464596.00	0.00	0.00	0.00	124.00	0.00	0.00	0.00	0.00	1318.00	2970550.00	
10	4337971.00	2961292.00	1375.00	1375261.00	0.00	43.00	4333915.00	1374919.00	0.00	1374940.00	1583992.00	0.00	12.00	0.00	2811634.00	847325.00	0.00	847310.00	1116992.00	7.00	0.00	0.00	1522230.00	527595.00	0.00	527630.00	467000.00	0.00	0.00	0.00	5.00	0.00	0.00	0.00	0.00	1315.00	2961295.00	
11	4340709.00	2960652.00	1582.00	1378466.00	0.00	9.00	4337588.00	1378584.00	0.00	1378371.00	1580575.00	0.00	1.00	0.00	2816742.00	848867.00	0.00	848804.00	1119071.00	0.00	0.00	0.00	1520791.00	529717.00	0.00	529569.00	461504.00	0.00	0.00	0.00	1.00	0.00	0.00	0.00	0.00	1503.00	2960653.00	
12	4335977.00	2958662.00	1521.00	1375740.00	0.00	54.00	4333673.00	1375865.00	0.00	1375864.00	1581958.00	0.00	2.00	0.00	2817478.00	848822.00	0.00	848747.00	1119907.00	2.00	0.00	0.00	1516213.00	527044.00	0.00	527117.00	462051.00	0.00	0.00	0.00	0.00	0.00	0.00	0.00	0.00	1375.00	2958662.00	
13	4330431.00	2969935.00	1661.00	1358775.00	0.00	60.00	4326687.00	1358624.00	0.00	1358820.00	1609234.00	0.00	0.00	0.00	2812645.00	837287.00	0.00	837461.00	1137897.00	0.00	0.00	0.00	1514032.00	521337.00	0.00	521359.00	471337.00	0.00	0.00	0.00	0.00	0.00	0.00	0.00	0.00	1557.00	2969950.00	
14	4340739.00	2978533.00	1848.00	1360225.00	0.00	133.00	4339710.00	1360665.00	0.00	1360706.00	1618332.00	0.00	1.00	0.00	2825196.00	839684.00	0.00	839707.00	1145805.00	1.00	0.00	0.00	1514511.00	520982.00	0.00	521000.00	472529.00	0.00	0.00	0.00	0.00	0.00	0.00	0.00	0.00	1393.00	2978531.00	
15	4325538.00	2984610.00	1702.00	1339166.00	0.00	60.00	4320586.00	1338701.00	0.00	1338530.00	1643296.00	0.00	12.00	0.00	2806227.00	824614.00	0.00	824511.00	1157094.00	7.00	0.00	0.00	1514318.00	514089.00	0.00	514019.00	486205.00	0.00	0.00	0.00	5.00	0.00	0.00	0.00	0.00	1554.00	2984608.00	
16	4336729.00	2989888.00	1460.00	1345361.00	0.00	20.00	4334028.00	1345510.00	0.00	1345544.00	1643033.00	0.00	2.00	0.00	2815202.00	828791.00	0.00	828838.00	1157572.00	2.00	0.00	0.00	1518887.00	516719.00	0.00	516706.00	485462.00	0.00	0.00	0.00	0.00	0.00	0.00	0.00	0.00	1365.00	2989900.00	
17	4321630.00	2979428.00	1380.00	1340786.00	0.00	37.00	4319366.00	1340937.00	0.00	1341003.00	1637428.00	0.00	0.00	0.00	2805066.00	824829.00	0.00	824831.00	1155406.00	0.00	0.00	0.00	1514302.00	516108.00	0.00	516172.00	482022.00	0.00	0.00	0.00	0.00	0.00	0.00	0.00	0.00	1225.00	2979436.00	
18	4326223.00	2973625.00	1725.00	1350823.00	0.00	51.00	4323196.00	1350919.00	0.00	1351003.00	1621223.00	0.00	6.00	0.00	2810281.00	831818.00	0.00	831874.00	1146589.00	0.00	0.00	0.00	1512870.00	519101.00	0.00	519129.00	474634.00	0.00	0.00	0.00	6.00	0.00	0.00	0.00	0.00	1587.00	2973632.00	
19	4327300.00	2974916.00	1499.00	1350846.00	0.00	39.00	4324567.00	1350679.00	0.00	1350591.00	1623266.00	0.00	12.00	0.00	2808725.00	830634.00	0.00	830554.00	1147536.00	1.00	0.00	0.00	1515824.00	520045.00	0.00	520038.00	475730.00	0.00	0.00	0.00	11.00	0.00	0.00	0.00	0.00	1366.00	2974914.00	
20	4325025.00	2994480.00	1664.00	1328861.00	0.00	20.00	4321274.00	1328960.00	0.00	1328778.00	1663456.00	0.00	4.00	0.00	2808819.00	817719.00	0.00	817683.00	1173413.00	4.00	0.00	0.00	1512373.00	511237.00	0.00	511093.00	490044.00	0.00	0.00	0.00	0.00	0.00	0.00	0.00	0.00	1541.00	2994479.00	
21	4334121.00	3001042.00	1802.00	1331192.00	0.00	85.00	4329641.00	1330894.00	0.00	1330898.00	1667814.00	0.00	1.00	0.00	2818258.00	820874.00	0.00	820819.00	1176563.00	1.00	0.00	0.00	1511350.00	510019.00	0.00	510080.00	491251.00	0.00	0.00	0.00	0.00	0.00	0.00	0.00	0.00	1571.00	3001047.00	
22	2706331.00	1608405.00	62810.00	1001698.00	0.00	33418.00	2594212.00	1001551.00	0.00	995827.00	596532.00	0.00	160.00	0.00	388349.00	127165.00	0.00	128109.00	132943.00	132.00	0.00	0.00	2205723.00	874387.00	0.00	867719.00	463589.00	0.00	0.00	0.00	28.00	0.00	0.00	0.00	0.00	9181.00	1608406.00	
23	3555580.00	2197359.00	50244.00	1274567.00	0.00	33410.00	3465936.00	1274425.00	0.00	1272245.00	919072.00	0.00	76.00	0.00	1074284.00	319564.00	0.00	319554.00	435097.00	69.00	0.00	0.00	2391535.00	954861.00	0.00	952691.00	483976.00	0.00	0.00	0.00	7.00	0.00	0.00	0.00	0.00	3799.00	2197361.00	
24	3666828.00	2299504.00	46025.00	1292682.00	0.00	28617.00	3587479.00	1292795.00	0.00	1290855.00	1003566.00	0.00	42.00	0.00	1168342.00	342401.00	0.00	342261.00	483640.00	40.00	0.00	0.00	2418918.00	950394.00	0.00	948594.00	519928.00	0.00	0.00	0.00	2.00	0.00	0.00	0.00	0.00	3451.00	2299509.00	
25	3843010.00	2390746.00	36712.00	1391255.00	0.00	24297.00	3778402.00	1391496.00	0.00	1389804.00	996988.00	0.00	41.00	0.00	1386626.00	417128.00	0.00	417072.00	552392.00	35.00	0.00	0.00	2391703.00	974368.00	0.00	972733.00	444596.00	0.00	0.00	0.00	6.00	0.00	0.00	0.00	0.00	2355.00	2390750.00	
26	3866362.00	2399788.00	33665.00	1409978.00	0.00	22931.00	3807075.00	1409915.00	0.00	1408766.00	988185.00	0.00	29.00	0.00	1439278.00	434610.00	0.00	434459.00	570184.00	25.00	0.00	0.00	2367621.00	975308.00	0.00	974308.00	418001.00	0.00	0.00	0.00	4.00	0.00	0.00	0.00	0.00	1899.00	2399788.00	
27	3982514.00	2478613.00	26397.00	1459957.00	0.00	17547.00	3936162.00	1459996.00	0.00	1458918.00	1017070.00	0.00	54.00	0.00	1585713.00	483134.00	0.00	483181.00	619350.00	48.00	0.00	0.00	2350325.00	976862.00	0.00	975737.00	397720.00	0.00	0.00	0.00	6.00	0.00	0.00	0.00	0.00	1488.00	2478623.00	
28	4027470.00	2515155.00	24461.00	1471445.00	0.00	16409.00	3985426.00	1471482.00	0.00	1471013.00	1042707.00	0.00	21.00	0.00	1634749.00	496000.00	0.00	495852.00	642876.00	21.00	0.00	0.00	2350477.00	975484.00	0.00	975161.00	399831.00	0.00	0.00	0.00	0.00	0.00	0.00	0.00	0.00	1251.00	2515154.00	
29	4094279.00	2556364.00	19910.00	1504294.00	0.00	13711.00	4059390.00	1504417.00	0.00	1503524.00	1051313.00	0.00	43.00	0.00	1722255.00	527787.00	0.00	527759.00	666667.00	42.00	0.00	0.00	2337043.00	976630.00	0.00	975765.00	384647.00	0.00	0.00	0.00	1.00	0.00	0.00	0.00	0.00	725.00	2556369.00	
30	4088047.00	2539808.00	20390.00	1513948.00	0.00	13901.00	4053660.00	1514386.00	0.00	1514001.00	1025139.00	0.00	17.00	0.00	1741856.00	540150.00	0.00	540000.00	661690.00	16.00	0.00	0.00	2311689.00	974236.00	0.00	974002.00	363450.00	0.00	0.00	0.00	1.00	0.00	0.00	0.00	0.00	1013.00	2539812.00	
31	4159690.00	2587228.00	15236.00	1546547.00	0.00	10680.00	4132166.00	1546406.00	0.00	1545817.00	1039837.00	0.00	34.00	0.00	1827190.00	570017.00	0.00	570156.00	686986.00	31.00	0.00	0.00	2304904.00	976389.00	0.00	975661.00	352851.00	0.00	0.00	0.00	3.00	0.00	0.00	0.00	0.00	621.00	2587231.00	
32	4148106.00	2570816.00	16642.00	1548968.00	0.00	11680.00	4119204.00	1549133.00	0.00	1548679.00	1021327.00	0.00	19.00	0.00	1843163.00	580242.00	0.00	580010.00	682893.00	18.00	0.00	0.00	2275996.00	968892.00	0.00	968669.00	338434.00	0.00	0.00	0.00	1.00	0.00	0.00	0.00	0.00	679.00	2570821.00	
33	4188333.00	2600695.00	12649.00	1565967.00	0.00	9022.00	4165113.00	1565456.00	0.00	1565067.00	1034317.00	0.00	42.00	0.00	1905973.00	601042.00	0.00	601210.00	703680.00	41.00	0.00	0.00	2258911.00	964416.00	0.00	963857.00	330637.00	0.00	0.00	0.00	1.00	0.00	0.00	0.00	0.00	437.00	2600690.00	
34	4207407.00	2610441.00	12440.00	1575760.00	0.00	8766.00	4186050.00	1575982.00	0.00	1575765.00	1034205.00	0.00	10.00	0.00	1930381.00	610165.00	0.00	610009.00	710197.00	9.00	0.00	0.00	2255583.00	965818.00	0.00	965759.00	324007.00	0.00	0.00	0.00	1.00	0.00	0.00	0.00	0.00	635.00	2610449.00	
35	4233874.00	2624817.00	10496.00	1591389.00	0.00	7174.00	4215889.00	1591618.00	0.00	1591394.00	1032787.00	0.00	28.00	0.00	1982247.00	630407.00	0.00	630422.00	721389.00	28.00	0.00	0.00	2233584.00	961213.00	0.00	960972.00	311399.00	0.00	0.00	0.00	0.00	0.00	0.00	0.00	0.00	300.00	2624829.00	
36	4222697.00	2615717.00	11048.00	1588051.00	0.00	7881.00	4203495.00	1588071.00	0.00	1587809.00	1027498.00	0.00	6.00	0.00	1998510.00	637873.00	0.00	637859.00	722774.00	5.00	0.00	0.00	2204875.00	950199.00	0.00	949951.00	304724.00	0.00	0.00	0.00	1.00	0.00	0.00	0.00	0.00	427.00	2615716.00	
37	4259048.00	2637875.00	7978.00	1607687.00	0.00	5508.00	4243946.00	1607333.00	0.00	1606928.00	1029584.00	0.00	30.00	0.00	2039343.00	653352.00	0.00	653329.00	732635.00	28.00	0.00	0.00	2204532.00	953981.00	0.00	953599.00	296950.00	0.00	0.00	0.00	2.00	0.00	0.00	0.00	0.00	327.00	2637888.00	
38	4245485.00	2630180.00	9613.00	1598955.00	0.00	6737.00	4229116.00	1599007.00	0.00	1598967.00	1031069.00	0.00	9.00	0.00	2054450.00	660610.00	0.00	660636.00	733200.00	4.00	0.00	0.00	2174606.00	938399.00	0.00	938333.00	297869.00	0.00	0.00	0.00	5.00	0.00	0.00	0.00	0.00	404.00	2630175.00	
39	4282580.00	2653048.00	6405.00	1618741.00	0.00	4386.00	4272597.00	1619138.00	0.00	1618935.00	1034347.00	0.00	40.00	0.00	2093150.00	673108.00	0.00	673028.00	746994.00	21.00	0.00	0.00	2179311.00	946031.00	0.00	945908.00	287353.00	0.00	0.00	0.00	19.00	0.00	0.00	0.00	0.00	278.00	2653052.00	
40	4290054.00	2659659.00	5425.00	1621087.00	0.00	3884.00	4279276.00	1620681.00	0.00	1620579.00	1037953.00	0.00	18.00	0.00	2109395.00	677874.00	0.00	677909.00	753603.00	9.00	0.00	0.00	2169839.00	942808.00	0.00	942672.00	284350.00	0.00	0.00	0.00	9.00	0.00	0.00	0.00	0.00	156.00	2659669.00	
41	4285296.00	2652980.00	6164.00	1621854.00	0.00	4298.00	4275448.00	1622395.00	0.00	1621968.00	1030922.00	0.00	33.00	0.00	2134069.00	690949.00	0.00	690840.00	752261.00	19.00	0.00	0.00	2141252.00	931447.00	0.00	931131.00	278661.00	0.00	0.00	0.00	14.00	0.00	0.00	0.00	0.00	258.00	2652984.00	
42	4274715.00	2632562.00	7729.00	1628769.00	0.00	5656.00	4259908.00	1628314.00	0.00	1628167.00	1003321.00	0.00	20.00	0.00	2131975.00	697716.00	0.00	697846.00	736401.00	12.00	0.00	0.00	2127849.00	930600.00	0.00	930321.00	266920.00	0.00	0.00	0.00	8.00	0.00	0.00	0.00	0.00	359.00	2632563.00	
43	4234036.00	2597524.00	11015.00	1617736.00	0.00	7762.00	4215032.00	1617950.00	0.00	1617552.00	979429.00	0.00	22.00	0.00	2145552.00	710488.00	0.00	710382.00	724663.00	20.00	0.00	0.00	2069404.00	907462.00	0.00	907172.00	254768.00	0.00	0.00	0.00	2.00	0.00	0.00	0.00	0.00	581.00	2597532.00	
44	4294494.00	2640972.00	6397.00	1642450.00	0.00	4675.00	4283459.00	1642409.00	0.00	1642612.00	998317.00	0.00	10.00	0.00	2174887.00	716639.00	0.00	716584.00	741657.00	8.00	0.00	0.00	2108461.00	925771.00	0.00	926029.00	256660.00	0.00	0.00	0.00	2.00	0.00	0.00	0.00	0.00	169.00	2640978.00	
45	4307993.00	2654497.00	5027.00	1644913.00	0.00	3556.00	4299417.00	1645126.00	0.00	1644582.00	1009529.00	0.00	15.00	0.00	2211316.00	727888.00	0.00	727802.00	755611.00	15.00	0.00	0.00	2087939.00	917240.00	0.00	916780.00	253920.00	0.00	0.00	0.00	0.00	0.00	0.00	0.00	0.00	163.00	2654496.00	
46	4310803.00	2683535.00	4705.00	1619322.00	0.00	3241.00	4303395.00	1619341.00	0.00	1619522.00	1064458.00	0.00	11.00	0.00	2217652.00	721780.00	0.00	721800.00	774060.00	11.00	0.00	0.00	2085682.00	897562.00	0.00	897722.00	290398.00	0.00	0.00	0.00	0.00	0.00	0.00	0.00	0.00	133.00	2683543.00	
47	4306441.00	2694699.00	4434.00	1604351.00	0.00	2957.00	4298467.00	1604398.00	0.00	1604286.00	1089676.00	0.00	11.00	0.00	2250026.00	729586.00	0.00	729615.00	790816.00	10.00	0.00	0.00	2048346.00	874813.00	0.00	874671.00	298861.00	0.00	0.00	0.00	1.00	0.00	0.00	0.00	0.00	143.00	2694702.00	
48	4262109.00	2659826.00	8314.00	1588403.00	0.00	5566.00	4246812.00	1587868.00	0.00	1587738.00	1071097.00	0.00	21.00	0.00	2231639.00	728116.00	0.00	728092.00	775412.00	19.00	0.00	0.00	2015086.00	859752.00	0.00	859647.00	295686.00	0.00	0.00	0.00	2.00	0.00	0.00	0.00	0.00	531.00	2659828.00	
49	4320226.00	2686810.00	4153.00	1626463.00	0.00	2801.00	4313503.00	1626817.00	0.00	1626600.00	1059982.00	0.00	10.00	0.00	2276767.00	748809.00	0.00	748773.00	779175.00	10.00	0.00	0.00	2036645.00	878008.00	0.00	877829.00	280808.00	0.00	0.00	0.00	0.00	0.00	0.00	0.00	0.00	191.00	2686818.00	
50	4315986.00	2694222.00	2547.00	1617510.00	0.00	1708.00	4312992.00	1617763.00	0.00	1618001.00	1077226.00	0.00	7.00	0.00	2288960.00	748682.00	0.00	748760.00	791511.00	7.00	0.00	0.00	2024037.00	869081.00	0.00	869241.00	285715.00	0.00	0.00	0.00	0.00	0.00	0.00	0.00	0.00	49.00	2694227.00	
51	4296961.00	2661513.00	5016.00	1627160.00	0.00	3273.00	4286759.00	1626684.00	0.00	1626298.00	1033693.00	0.00	12.00	0.00	2281575.00	757555.00	0.00	757496.00	766513.00	11.00	0.00	0.00	2005113.00	869130.00	0.00	868802.00	267180.00	0.00	0.00	0.00	1.00	0.00	0.00	0.00	0.00	311.00	2661514.00	
52	4317749.00	2656344.00	3840.00	1654920.00	0.00	2645.00	4310331.00	1654787.00	0.00	1654659.00	1000762.00	0.00	13.00	0.00	2300265.00	774674.00	0.00	774568.00	751010.00	13.00	0.00	0.00	2009960.00	880113.00	0.00	880094.00	249753.00	0.00	0.00	0.00	0.00	0.00	0.00	0.00	0.00	141.00	2656352.00	
53	4321749.00	2665492.00	3067.00	1651086.00	0.00	2104.00	4317528.00	1651365.00	0.00	1651421.00	1014655.00	0.00	16.00	0.00	2321649.00	780053.00	0.00	780124.00	761456.00	16.00	0.00	0.00	1995812.00	871313.00	0.00	871299.00	253200.00	0.00	0.00	0.00	0.00	0.00	0.00	0.00	0.00	90.00	2665497.00	
54	4328866.00	2677145.00	2819.00	1646952.00	0.00	1950.00	4324357.00	1647051.00	0.00	1646981.00	1030194.00	0.00	12.00	0.00	2339922.00	782418.00	0.00	782350.00	775144.00	10.00	0.00	0.00	1984318.00	864633.00	0.00	864632.00	255050.00	0.00	0.00	0.00	2.00	0.00	0.00	0.00	0.00	95.00	2677142.00	
55	4332122.00	2677154.00	2584.00	1650522.00	0.00	1862.00	4327675.00	1650505.00	0.00	1650521.00	1026637.00	0.00	5.00	0.00	2351889.00	789400.00	0.00	789463.00	773022.00	5.00	0.00	0.00	1975780.00	861106.00	0.00	861059.00	253615.00	0.00	0.00	0.00	0.00	0.00	0.00	0.00	0.00	69.00	2677165.00	
56	4335849.00	2682422.00	1871.00	1650174.00	0.00	1382.00	4331919.00	1649919.00	0.00	1649924.00	1031954.00	0.00	16.00	0.00	2364979.00	791943.00	0.00	791938.00	781082.00	16.00	0.00	0.00	1966834.00	857976.00	0.00	857986.00	250873.00	0.00	0.00	0.00	0.00	0.00	0.00	0.00	0.00	71.00	2682429.00	
57	4304510.00	2657612.00	5052.00	1638569.00	0.00	3277.00	4295838.00	1638669.00	0.00	1638476.00	1018612.00	0.00	14.00	0.00	2360245.00	794872.00	0.00	794830.00	770534.00	10.00	0.00	0.00	1935528.00	843801.00	0.00	843646.00	248079.00	0.00	0.00	0.00	4.00	0.00	0.00	0.00	0.00	257.00	2657615.00	
58	4337077.00	2713913.00	2018.00	1619764.00	0.00	1382.00	4335371.00	1620289.00	0.00	1620225.00	1094648.00	0.00	36.00	0.00	2385668.00	784358.00	0.00	784358.00	816941.00	14.00	0.00	0.00	1949535.00	835935.00	0.00	835870.00	277708.00	0.00	0.00	0.00	22.00	0.00	0.00	0.00	0.00	78.00	2713923.00	
59	4334756.00	2719395.00	2256.00	1611640.00	0.00	1467.00	4329802.00	1611237.00	0.00	1611196.00	1107298.00	0.00	17.00	0.00	2399283.00	787418.00	0.00	787390.00	824469.00	5.00	0.00	0.00	1930467.00	823821.00	0.00	823807.00	282828.00	0.00	0.00	0.00	12.00	0.00	0.00	0.00	0.00	104.00	2719395.00	
60	4351967.00	2733169.00	783.00	1617559.00	0.00	458.00	4351057.00	1617515.00	0.00	1617663.00	1115824.00	0.00	38.00	0.00	2410979.00	789587.00	0.00	789592.00	831784.00	16.00	0.00	0.00	1940064.00	827930.00	0.00	828071.00	284041.00	0.00	0.00	0.00	22.00	0.00	0.00	0.00	0.00	19.00	2733182.00	
61	4340349.00	2720393.00	1738.00	1617014.00	0.00	1204.00	4337677.00	1617085.00	0.00	1616947.00	1103542.00	0.00	20.00	0.00	2413390.00	794091.00	0.00	794167.00	825124.00	8.00	0.00	0.00	1924204.00	822994.00	0.00	822780.00	278418.00	0.00	0.00	0.00	12.00	0.00	0.00	0.00	0.00	70.00	2720390.00	
62	4320254.00	2782067.00	2735.00	1533851.00	0.00	1602.00	4316267.00	1533647.00	0.00	1534001.00	1248485.00	0.00	29.00	0.00	2427847.00	769679.00	0.00	769740.00	888417.00	11.00	0.00	0.00	1888316.00	763969.00	0.00	764261.00	360068.00	0.00	0.00	0.00	18.00	0.00	0.00	0.00	0.00	80.00	2782066.00	
63	4293086.00	2949142.00	1725.00	1341431.00	0.00	788.00	4289157.00	1340925.00	0.00	1341441.00	1606748.00	0.00	26.00	0.00	2473360.00	704536.00	0.00	704785.00	1064032.00	8.00	0.00	0.00	1815783.00	636391.00	0.00	636657.00	542717.00	0.00	0.00	0.00	18.00	0.00	0.00	0.00	0.00	94.00	2949145.00	
64	4266966.00	2988918.00	3105.00	1273758.00	0.00	1186.00	4262704.00	1273764.00	0.00	1273711.00	1715068.00	0.00	22.00	0.00	2483350.00	684319.00	0.00	684305.00	1114719.00	7.00	0.00	0.00	1779215.00	589445.00	0.00	589406.00	600349.00	0.00	0.00	0.00	15.00	0.00	0.00	0.00	0.00	74.00	2988928.00	
65	4286936.00	3043512.00	988.00	1242113.00	0.00	323.00	4286709.00	1242278.00	0.00	1242244.00	1802168.00	0.00	12.00	0.00	2511627.00	675134.00	0.00	675124.00	1161371.00	0.00	0.00	0.00	1775075.00	567144.00	0.00	567121.00	640797.00	0.00	0.00	0.00	12.00	0.00	0.00	0.00	0.00	35.00	3043515.00	
66	4281301.00	3054274.00	1075.00	1225617.00	0.00	335.00	4278511.00	1225282.00	0.00	1225013.00	1828070.00	0.00	27.00	0.00	2514926.00	671470.00	0.00	671374.00	1172069.00	14.00	0.00	0.00	1763470.00	553812.00	0.00	553641.00	656005.00	0.00	0.00	0.00	13.00	0.00	0.00	0.00	0.00	63.00	3054266.00	
67	4284168.00	3035624.00	859.00	1247363.00	0.00	323.00	4284423.00	1247611.00	0.00	1247773.00	1789053.00	0.00	0.00	0.00	2524303.00	685960.00	0.00	686019.00	1152323.00	0.00	0.00	0.00	1760134.00	561651.00	0.00	561755.00	636729.00	0.00	0.00	0.00	0.00	0.00	0.00	0.00	0.00	20.00	3035630.00	
68	4247256.00	2974332.00	4164.00	1267688.00	0.00	1073.00	4241759.00	1267737.00	0.00	1267638.00	1706318.00	0.00	11.00	0.00	2507248.00	703007.00	0.00	702926.00	1101305.00	10.00	0.00	0.00	1734457.00	564731.00	0.00	564713.00	605013.00	0.00	0.00	0.00	1.00	0.00	0.00	0.00	0.00	384.00	2974340.00	
69	4279303.00	2998658.00	1030.00	1279153.00	0.00	463.00	4277403.00	1279189.00	0.00	1279267.00	1718976.00	0.00	1.00	0.00	2528220.00	708339.00	0.00	708307.00	1111573.00	1.00	0.00	0.00	1749214.00	570850.00	0.00	570960.00	607403.00	0.00	0.00	0.00	0.00	0.00	0.00	0.00	0.00	62.00	2998665.00	
70	4293182.00	3007284.00	501.00	1285249.00	0.00	149.00	4291640.00	1284986.00	0.00	1285042.00	1721547.00	0.00	6.00	0.00	2552268.00	715808.00	0.00	715886.00	1120567.00	6.00	0.00	0.00	1739315.00	569180.00	0.00	569158.00	600979.00	0.00	0.00	0.00	0.00	0.00	0.00	0.00	0.00	50.00	3007293.00	
71	4278773.00	2994874.00	579.00	1283124.00	0.00	196.00	4280432.00	1283656.00	0.00	1283731.00	1712992.00	0.00	4.00	0.00	2544156.00	713150.00	0.00	713164.00	1117841.00	2.00	0.00	0.00	1736228.00	570506.00	0.00	570568.00	595152.00	0.00	0.00	0.00	2.00	0.00	0.00	0.00	0.00	29.00	2994871.00	
72	2245388.00	1343649.00	68891.00	802972.00	0.00	29876.00	2123379.00	802103.00	0.00	796364.00	524924.00	0.00	46.00	0.00	106417.00	52258.00	0.00	53180.00	959.00	20.00	0.00	0.00	2017019.00	749844.00	0.00	743184.00	523965.00	0.00	0.00	0.00	26.00	0.00	0.00	0.00	0.00	12323.00	1343646.00	
73	2916985.00	1751978.00	63380.00	1067025.00	0.00	34602.00	2807629.00	1067345.00	0.00	1062550.00	677377.00	0.00	86.00	0.00	491288.00	152383.00	0.00	152174.00	186654.00	78.00	0.00	0.00	2316069.00	914962.00	0.00	910376.00	490723.00	0.00	0.00	0.00	8.00	0.00	0.00	0.00	0.00	8763.00	1751987.00	
74	3524823.00	2188516.00	51574.00	1251719.00	0.00	33014.00	3433817.00	1251662.00	0.00	1249389.00	932547.00	0.00	62.00	0.00	1089145.00	331438.00	0.00	331421.00	426229.00	58.00	0.00	0.00	2344514.00	920224.00	0.00	917968.00	506318.00	0.00	0.00	0.00	4.00	0.00	0.00	0.00	0.00	4262.00	2188512.00	
75	3643832.00	2316322.00	46452.00	1253271.00	0.00	27787.00	3565411.00	1253724.00	0.00	1251669.00	1059870.00	0.00	56.00	0.00	1192419.00	348178.00	0.00	348058.00	496149.00	34.00	0.00	0.00	2372901.00	905546.00	0.00	903612.00	563721.00	0.00	0.00	0.00	22.00	0.00	0.00	0.00	0.00	3538.00	2316332.00	
76	3799024.00	2381605.00	38497.00	1354315.00	0.00	24607.00	3731602.00	1354122.00	0.00	1352545.00	1024658.00	0.00	68.00	0.00	1360112.00	412089.00	0.00	412049.00	535930.00	44.00	0.00	0.00	2371283.00	942034.00	0.00	940496.00	488729.00	0.00	0.00	0.00	24.00	0.00	0.00	0.00	0.00	2504.00	2381607.00	
77	3801719.00	2380455.00	38609.00	1357655.00	0.00	25001.00	3734693.00	1357834.00	0.00	1356236.00	1020524.00	0.00	38.00	0.00	1394180.00	427608.00	0.00	427478.00	539065.00	29.00	0.00	0.00	2340452.00	930226.00	0.00	928758.00	481459.00	0.00	0.00	0.00	9.00	0.00	0.00	0.00	0.00	2483.00	2380457.00	
78	3849039.00	2392175.00	34868.00	1399467.00	0.00	22530.00	3787686.00	1399327.00	0.00	1397938.00	990113.00	0.00	41.00	0.00	1501902.00	471271.00	0.00	471294.00	559297.00	40.00	0.00	0.00	2285524.00	928059.00	0.00	926645.00	430819.00	0.00	0.00	0.00	1.00	0.00	0.00	0.00	0.00	2216.00	2392171.00	
79	3842446.00	2381591.00	34718.00	1403738.00	0.00	22399.00	3781932.00	1403753.00	0.00	1402485.00	975598.00	0.00	11.00	0.00	1532763.00	485726.00	0.00	485671.00	561355.00	11.00	0.00	0.00	2249084.00	918027.00	0.00	916814.00	414244.00	0.00	0.00	0.00	0.00	0.00	0.00	0.00	0.00	2490.00	2381599.00	
80	3980854.00	2473960.00	26586.00	1462984.00	0.00	17324.00	3934476.00	1462898.00	0.00	1461826.00	1009534.00	0.00	33.00	0.00	1648074.00	521484.00	0.00	521418.00	605141.00	31.00	0.00	0.00	2286219.00	941414.00	0.00	940410.00	404394.00	0.00	0.00	0.00	2.00	0.00	0.00	0.00	0.00	1415.00	2473966.00	
81	3962452.00	2457279.00	28023.00	1458417.00	0.00	18733.00	3914598.00	1458845.00	0.00	1457930.00	997771.00	0.00	7.00	0.00	1675622.00	536194.00	0.00	536106.00	603316.00	6.00	0.00	0.00	2238931.00	922651.00	0.00	921824.00	394455.00	0.00	0.00	0.00	1.00	0.00	0.00	0.00	0.00	1525.00	2457288.00	
82	4040404.00	2506162.00	23114.00	1495730.00	0.00	15398.00	3999597.00	1495365.00	0.00	1494699.00	1009241.00	0.00	17.00	0.00	1747288.00	559182.00	0.00	559149.00	628940.00	17.00	0.00	0.00	2252035.00	936184.00	0.00	935552.00	380301.00	0.00	0.00	0.00	0.00	0.00	0.00	0.00	0.00	1069.00	2506163.00	
83	4011758.00	2481730.00	24362.00	1488478.00	0.00	17188.00	3969216.00	1488899.00	0.00	1488093.00	992226.00	0.00	6.00	0.00	1761198.00	571848.00	0.00	571821.00	617524.00	6.00	0.00	0.00	2208030.00	917053.00	0.00	916273.00	374703.00	0.00	0.00	0.00	0.00	0.00	0.00	0.00	0.00	1116.00	2481741.00	
84	4101655.00	2542798.00	18948.00	1527086.00	0.00	12823.00	4066949.00	1526508.00	0.00	1525843.00	1014352.00	0.00	18.00	0.00	1833902.00	593132.00	0.00	593264.00	647489.00	17.00	0.00	0.00	2232819.00	933376.00	0.00	932579.00	366863.00	0.00	0.00	0.00	1.00	0.00	0.00	0.00	0.00	805.00	2542800.00	
85	4078336.00	2517668.00	21497.00	1524218.00	0.00	14953.00	4042882.00	1524946.00	0.00	1524642.00	993224.00	0.00	2.00	0.00	1837115.00	601514.00	0.00	601288.00	634313.00	1.00	0.00	0.00	2205701.00	923434.00	0.00	923354.00	358912.00	0.00	0.00	0.00	1.00	0.00	0.00	0.00	0.00	807.00	2517669.00	
86	4192094.00	2613681.00	12893.00	1556746.00	0.00	8775.00	4169237.00	1556554.00	0.00	1556106.00	1056362.00	0.00	23.00	0.00	1912077.00	613316.00	0.00	613314.00	685425.00	22.00	0.00	0.00	2256968.00	943238.00	0.00	942792.00	370937.00	0.00	0.00	0.00	1.00	0.00	0.00	0.00	0.00	434.00	2613681.00	
87	4087458.00	2493036.00	20747.00	1558866.00	0.00	14809.00	4050356.00	1558869.00	0.00	1558146.00	933299.00	0.00	5.00	0.00	1878702.00	626322.00	0.00	626366.00	626013.00	1.00	0.00	0.00	2171621.00	932549.00	0.00	931783.00	307286.00	0.00	0.00	0.00	4.00	0.00	0.00	0.00	0.00	945.00	2493036.00	
88	4190486.00	2572340.00	13426.00	1595602.00	0.00	9118.00	4169232.00	1596252.00	0.00	1596071.00	976660.00	0.00	35.00	0.00	1944761.00	637965.00	0.00	637822.00	668941.00	33.00	0.00	0.00	2224257.00	958287.00	0.00	958249.00	307719.00	0.00	0.00	0.00	2.00	0.00	0.00	0.00	0.00	592.00	2572344.00	
89	4143893.00	2537889.00	16298.00	1578092.00	0.00	11614.00	4112468.00	1577203.00	0.00	1576523.00	958693.00	0.00	2.00	0.00	1952556.00	649650.00	0.00	649683.00	653221.00	2.00	0.00	0.00	2159865.00	927553.00	0.00	926840.00	305472.00	0.00	0.00	0.00	0.00	0.00	0.00	0.00	0.00	629.00	2537891.00	
90	4266243.00	2641678.00	7733.00	1611342.00	0.00	5491.00	4253273.00	1611324.00	0.00	1611405.00	1030210.00	0.00	34.00	0.00	2031119.00	663724.00	0.00	663617.00	703744.00	34.00	0.00	0.00	2221858.00	947600.00	0.00	947791.00	326467.00	0.00	0.00	0.00	0.00	0.00	0.00	0.00	0.00	295.00	2641679.00	
91	4205018.00	2669343.00	11763.00	1516671.00	0.00	7243.00	4185316.00	1516473.00	0.00	1516528.00	1152351.00	0.00	4.00	0.00	2074623.00	675971.00	0.00	676034.00	722615.00	3.00	0.00	0.00	2110732.00	840501.00	0.00	840494.00	429736.00	0.00	0.00	0.00	1.00	0.00	0.00	0.00	0.00	274.00	2669354.00	
92	4260400.00	2732408.00	6085.00	1518317.00	0.00	3591.00	4251029.00	1518535.00	0.00	1518486.00	1213837.00	0.00	13.00	0.00	2117080.00	681410.00	0.00	681345.00	754313.00	12.00	0.00	0.00	2133791.00	837125.00	0.00	837141.00	459524.00	0.00	0.00	0.00	1.00	0.00	0.00	0.00	0.00	148.00	2732408.00	
93	4233757.00	2706706.00	8072.00	1514020.00	0.00	4961.00	4220584.00	1514204.00	0.00	1513819.00	1192494.00	0.00	8.00	0.00	2129822.00	691486.00	0.00	691446.00	746883.00	7.00	0.00	0.00	2090705.00	822718.00	0.00	822375.00	445611.00	0.00	0.00	0.00	1.00	0.00	0.00	0.00	0.00	309.00	2706708.00	
94	4290275.00	2748914.00	3801.00	1535354.00	0.00	2206.00	4285473.00	1535557.00	0.00	1535710.00	1213995.00	0.00	26.00	0.00	2167034.00	699133.00	0.00	699079.00	768798.00	24.00	0.00	0.00	2118252.00	836423.00	0.00	836631.00	445197.00	0.00	0.00	0.00	2.00	0.00	0.00	0.00	0.00	64.00	2748915.00	
95	4260918.00	2714225.00	7456.00	1535071.00	0.00	4167.00	4248171.00	1534812.00	0.00	1534591.00	1178738.00	0.00	2.00	0.00	2168818.00	708745.00	0.00	708825.00	751247.00	1.00	0.00	0.00	2079326.00	826067.00	0.00	825766.00	427493.00	0.00	0.00	0.00	1.00	0.00	0.00	0.00	0.00	210.00	2714229.00	
96	4300405.00	2749244.00	3219.00	1546062.00	0.00	1881.00	4295292.00	1545948.00	0.00	1546151.00	1203094.00	0.00	18.00	0.00	2203559.00	714652.00	0.00	714645.00	774245.00	17.00	0.00	0.00	2091652.00	831296.00	0.00	831506.00	428849.00	0.00	0.00	0.00	1.00	0.00	0.00	0.00	0.00	48.00	2749263.00	
97	4272965.00	2717026.00	5994.00	1546423.00	0.00	3522.00	4262136.00	1546253.00	0.00	1545813.00	1169932.00	0.00	0.00	0.00	2213479.00	728782.00	0.00	728730.00	755967.00	0.00	0.00	0.00	2048520.00	817471.00	0.00	817085.00	413965.00	0.00	0.00	0.00	0.00	0.00	0.00	0.00	0.00	141.00	2717022.00	
98	4301113.00	2737610.00	4143.00	1556986.00	0.00	2374.00	4295708.00	1557237.00	0.00	1557343.00	1180993.00	0.00	17.00	0.00	2236567.00	733701.00	0.00	733670.00	769180.00	16.00	0.00	0.00	2059025.00	823537.00	0.00	823674.00	411813.00	0.00	0.00	0.00	1.00	0.00	0.00	0.00	0.00	70.00	2737613.00	
99	4288174.00	2724020.00	4473.00	1557003.00	0.00	2681.00	4280825.00	1557094.00	0.00	1556913.00	1166785.00	0.00	2.00	0.00	2250238.00	743674.00	0.00	743658.00	762904.00	2.00	0.00	0.00	2030557.00	813420.00	0.00	813255.00	403882.00	0.00	0.00	0.00	0.00	0.00	0.00	0.00	0.00	81.00	2724025.00	
100	4300406.00	2711440.00	4470.00	1582142.00	0.00	2355.00	4293227.00	1582321.00	0.00	1581947.00	1128774.00	0.00	19.00	0.00	2256326.00	750963.00	0.00	750931.00	754414.00	18.00	0.00	0.00	2036735.00	831358.00	0.00	831016.00	374360.00	0.00	0.00	0.00	1.00	0.00	0.00	0.00	0.00	371.00	2711446.00	
101	4297775.00	2646031.00	6377.00	1640938.00	0.00	4429.00	4287260.00	1640912.00	0.00	1640905.00	1005394.00	0.00	2.00	0.00	2235906.00	759946.00	0.00	759924.00	716036.00	0.00	0.00	0.00	2051308.00	880966.00	0.00	880982.00	289358.00	0.00	0.00	0.00	2.00	0.00	0.00	0.00	0.00	239.00	2646035.00	
102	4346042.00	2683625.00	1984.00	1659162.00	0.00	1271.00	4341615.00	1658822.00	0.00	1658689.00	1023917.00	0.00	22.00	0.00	2273295.00	768338.00	0.00	768351.00	736587.00	20.00	0.00	0.00	2068156.00	890484.00	0.00	890338.00	287332.00	0.00	0.00	0.00	2.00	0.00	0.00	0.00	0.00	23.00	2683624.00	
103	4323103.00	2654190.00	5148.00	1660062.00	0.00	3703.00	4314321.00	1660148.00	0.00	1660071.00	994062.00	0.00	0.00	0.00	2270837.00	775808.00	0.00	775710.00	719319.00	0.00	0.00	0.00	2043444.00	884340.00	0.00	884361.00	274743.00	0.00	0.00	0.00	0.00	0.00	0.00	0.00	0.00	127.00	2654196.00	
104	4331284.00	2665052.00	3479.00	1660367.00	0.00	2386.00	4326488.00	1660804.00	0.00	1660747.00	1004834.00	0.00	18.00	0.00	2290836.00	780060.00	0.00	780073.00	730684.00	18.00	0.00	0.00	2035572.00	880747.00	0.00	880677.00	274148.00	0.00	0.00	0.00	0.00	0.00	0.00	0.00	0.00	34.00	2665054.00	
105	4314988.00	2648217.00	4512.00	1659022.00	0.00	3237.00	4307158.00	1658986.00	0.00	1659110.00	988966.00	0.00	4.00	0.00	2293450.00	786825.00	0.00	786872.00	719750.00	3.00	0.00	0.00	2013619.00	872164.00	0.00	872239.00	269216.00	0.00	0.00	0.00	1.00	0.00	0.00	0.00	0.00	128.00	2648219.00	
106	4336816.00	2680219.00	2009.00	1653262.00	0.00	1327.00	4331822.00	1652555.00	0.00	1652627.00	1026532.00	0.00	13.00	0.00	2319709.00	789098.00	0.00	789117.00	741483.00	11.00	0.00	0.00	2012019.00	863457.00	0.00	863511.00	285049.00	0.00	0.00	0.00	2.00	0.00	0.00	0.00	0.00	15.00	2680227.00	
107	4323789.00	2705455.00	1744.00	1615561.00	0.00	1029.00	4323293.00	1616433.00	0.00	1616165.00	1090569.00	0.00	4.00	0.00	2347104.00	794761.00	0.00	794644.00	757697.00	3.00	0.00	0.00	1976069.00	821674.00	0.00	821520.00	332874.00	0.00	0.00	0.00	1.00	0.00	0.00	0.00	0.00	13.00	2705457.00	
108	4341209.00	2712441.00	1388.00	1626534.00	0.00	847.00	4338569.00	1626289.00	0.00	1626561.00	1085627.00	0.00	24.00	0.00	2365230.00	803015.00	0.00	802995.00	759197.00	23.00	0.00	0.00	1973270.00	823273.00	0.00	823566.00	326430.00	0.00	0.00	0.00	1.00	0.00	0.00	0.00	0.00	14.00	2712444.00	
109	4345879.00	2728605.00	947.00	1615830.00	0.00	498.00	4344522.00	1615799.00	0.00	1615765.00	1112897.00	0.00	6.00	0.00	2384976.00	804316.00	0.00	804366.00	776289.00	4.00	0.00	0.00	1959493.00	811484.00	0.00	811399.00	336608.00	0.00	0.00	0.00	2.00	0.00	0.00	0.00	0.00	15.00	2728615.00	
110	4333878.00	2729186.00	1708.00	1601980.00	0.00	1004.00	4330992.00	1601921.00	0.00	1601796.00	1127159.00	0.00	8.00	0.00	2392072.00	804828.00	0.00	804827.00	782409.00	8.00	0.00	0.00	1938813.00	797094.00	0.00	796969.00	344750.00	0.00	0.00	0.00	0.00	0.00	0.00	0.00	0.00	21.00	2729186.00	
111	4346994.00	2731586.00	909.00	1613933.00	0.00	567.00	4344254.00	1613442.00	0.00	1613508.00	1117190.00	0.00	10.00	0.00	2402998.00	810605.00	0.00	810603.00	781782.00	8.00	0.00	0.00	1941154.00	802838.00	0.00	802905.00	335409.00	0.00	0.00	0.00	2.00	0.00	0.00	0.00	0.00	14.00	2731595.00	
112	4334056.00	2730858.00	1561.00	1600703.00	0.00	934.00	4333606.00	1601323.00	0.00	1601325.00	1130714.00	0.00	6.00	0.00	2407795.00	809162.00	0.00	809121.00	789506.00	6.00	0.00	0.00	1925576.00	792163.00	0.00	792205.00	341209.00	0.00	0.00	0.00	0.00	0.00	0.00	0.00	0.00	17.00	2730850.00	
113	4342549.00	2727218.00	2142.00	1611917.00	0.00	1272.00	4338633.00	1611781.00	0.00	1611695.00	1115231.00	0.00	8.00	0.00	2415938.00	817184.00	0.00	817164.00	781583.00	7.00	0.00	0.00	1922777.00	794597.00	0.00	794531.00	333648.00	0.00	0.00	0.00	1.00	0.00	0.00	0.00	0.00	17.00	2727230.00	
114	4350001.00	2746054.00	1386.00	1601731.00	0.00	831.00	4348395.00	1601779.00	0.00	1602006.00	1144482.00	0.00	15.00	0.00	2434813.00	816941.00	0.00	817035.00	800828.00	9.00	0.00	0.00	1913472.00	784839.00	0.00	784971.00	343656.00	0.00	0.00	0.00	6.00	0.00	0.00	0.00	0.00	30.00	2746053.00	
115	4349470.00	2754482.00	784.00	1593783.00	0.00	423.00	4347486.00	1593651.00	0.00	1593532.00	1160207.00	0.00	11.00	0.00	2441045.00	816391.00	0.00	816332.00	808316.00	6.00	0.00	0.00	1906355.00	777259.00	0.00	777200.00	351891.00	0.00	0.00	0.00	5.00	0.00	0.00	0.00	0.00	0.00	2754491.00	
116	4341715.00	2744436.00	766.00	1596073.00	0.00	442.00	4340271.00	1595947.00	0.00	1595843.00	1148391.00	0.00	7.00	0.00	2447737.00	822487.00	0.00	822467.00	802777.00	6.00	0.00	0.00	1892452.00	773460.00	0.00	773376.00	345615.00	0.00	0.00	0.00	1.00	0.00	0.00	0.00	0.00	11.00	2744439.00	
117	4356703.00	2751351.00	608.00	1604372.00	0.00	373.00	4356159.00	1604490.00	0.00	1604504.00	1147039.00	0.00	7.00	0.00	2461308.00	827447.00	0.00	827464.00	806391.00	6.00	0.00	0.00	1894732.00	777043.00	0.00	777040.00	340648.00	0.00	0.00	0.00	1.00	0.00	0.00	0.00	0.00	13.00	2751354.00	
118	4344985.00	2741377.00	1228.00	1601608.00	0.00	773.00	4341964.00	1601241.00	0.00	1601199.00	1139486.00	0.00	4.00	0.00	2465901.00	832347.00	0.00	832321.00	801229.00	4.00	0.00	0.00	1876029.00	768894.00	0.00	768878.00	338257.00	0.00	0.00	0.00	0.00	0.00	0.00	0.00	0.00	26.00	2741382.00	
119	4358543.00	2751272.00	563.00	1606362.00	0.00	346.00	4358411.00	1606607.00	0.00	1606559.00	1145092.00	0.00	11.00	0.00	2481908.00	837062.00	0.00	836990.00	807846.00	10.00	0.00	0.00	1876365.00	769548.00	0.00	769568.00	337248.00	0.00	0.00	0.00	1.00	0.00	0.00	0.00	0.00	15.00	2751280.00	
120	4348676.00	2750656.00	530.00	1597148.00	0.00	343.00	4348963.00	1597536.00	0.00	1597573.00	1153805.00	0.00	9.00	0.00	2488423.00	837426.00	0.00	837463.00	813525.00	9.00	0.00	0.00	1860500.00	760108.00	0.00	760112.00	340280.00	0.00	0.00	0.00	0.00	0.00	0.00	0.00	0.00	1.00	2750658.00	
121	4350483.00	2752928.00	435.00	1596830.00	0.00	291.00	4349984.00	1596926.00	0.00	1596837.00	1156079.00	0.00	8.00	0.00	2495986.00	841314.00	0.00	841264.00	813400.00	8.00	0.00	0.00	1853868.00	755615.00	0.00	755574.00	342680.00	0.00	0.00	0.00	0.00	0.00	0.00	0.00	0.00	5.00	2752927.00	
122	2238497.00	1323341.00	68116.00	816039.00	0.00	31002.00	2116626.00	814578.00	0.00	809499.00	492508.00	0.00	71.00	0.00	104653.00	51471.00	0.00	52839.00	291.00	52.00	0.00	0.00	2012004.00	763107.00	0.00	756661.00	492217.00	0.00	0.00	0.00	19.00	0.00	0.00	0.00	0.00	12460.00	1323338.00	
123	3039903.00	1809004.00	62916.00	1130659.00	0.00	37324.00	2929584.00	1131062.00	0.00	1126547.00	671617.00	0.00	102.00	0.00	585615.00	181971.00	0.00	181767.00	221786.00	91.00	0.00	0.00	2343713.00	949091.00	0.00	944781.00	449831.00	0.00	0.00	0.00	11.00	0.00	0.00	0.00	0.00	7787.00	1809013.00	
124	3465184.00	2052247.00	52104.00	1322588.00	0.00	38245.00	3367713.00	1322638.00	0.00	1319491.00	725381.00	0.00	33.00	0.00	1018164.00	323356.00	0.00	323332.00	371448.00	28.00	0.00	0.00	2349379.00	999282.00	0.00	996160.00	353933.00	0.00	0.00	0.00	5.00	0.00	0.00	0.00	0.00	4354.00	2052249.00	
125	3654293.00	2195370.00	45243.00	1381198.00	0.00	32482.00	3572116.00	1381294.00	0.00	1379243.00	811334.00	0.00	49.00	0.00	1117174.00	342342.00	0.00	342228.00	432566.00	38.00	0.00	0.00	2454744.00	1038952.00	0.00	1037013.00	378768.00	0.00	0.00	0.00	11.00	0.00	0.00	0.00	0.00	3073.00	2195372.00	
126	3784966.00	2344578.00	39588.00	1375239.00	0.00	25562.00	3716019.00	1375320.00	0.00	1373657.00	966860.00	0.00	51.00	0.00	1318836.00	403343.00	0.00	403286.00	512173.00	34.00	0.00	0.00	2397054.00	971978.00	0.00	970372.00	454687.00	0.00	0.00	0.00	17.00	0.00	0.00	0.00	0.00	2623.00	2344575.00	
127	3833524.00	2387069.00	38095.00	1384240.00	0.00	24120.00	3768179.00	1384284.00	0.00	1383056.00	1000595.00	0.00	35.00	0.00	1378719.00	423380.00	0.00	423332.00	531987.00	20.00	0.00	0.00	2389254.00	960906.00	0.00	959725.00	468608.00	0.00	0.00	0.00	15.00	0.00	0.00	0.00	0.00	2388.00	2387083.00	
128	3918259.00	2435461.00	29990.00	1432541.00	0.00	20268.00	3865271.00	1432570.00	0.00	1431361.00	1001052.00	0.00	59.00	0.00	1522658.00	472720.00	0.00	472643.00	577253.00	42.00	0.00	0.00	2342389.00	959852.00	0.00	958722.00	423799.00	0.00	0.00	0.00	17.00	0.00	0.00	0.00	0.00	1653.00	2435459.00	
129	3943159.00	2460490.00	29527.00	1433253.00	0.00	19889.00	3891734.00	1433343.00	0.00	1432379.00	1025850.00	0.00	23.00	0.00	1555019.00	483663.00	0.00	483602.00	587741.00	13.00	0.00	0.00	2336576.00	949679.00	0.00	948778.00	438109.00	0.00	0.00	0.00	10.00	0.00	0.00	0.00	0.00	1588.00	2460496.00	
130	3988770.00	2493296.00	27256.00	1450640.00	0.00	17578.00	3941766.00	1450623.00	0.00	1449535.00	1041327.00	0.00	57.00	0.00	1641049.00	514666.00	0.00	514670.00	611686.00	27.00	0.00	0.00	2300497.00	935959.00	0.00	934866.00	429641.00	0.00	0.00	0.00	30.00	0.00	0.00	0.00	0.00	1355.00	2493301.00	
131	4025572.00	2496396.00	24765.00	1486808.00	0.00	17604.00	3982573.00	1486944.00	0.00	1486406.00	1009096.00	0.00	31.00	0.00	1669401.00	530523.00	0.00	530401.00	608471.00	7.00	0.00	0.00	2313077.00	956421.00	0.00	956006.00	400626.00	0.00	0.00	0.00	24.00	0.00	0.00	0.00	0.00	1051.00	2496396.00	
132	4117939.00	2560181.00	17544.00	1527837.00	0.00	12378.00	4085653.00	1527610.00	0.00	1526872.00	1030896.00	0.00	52.00	0.00	1779893.00	565830.00	0.00	565864.00	648156.00	43.00	0.00	0.00	2305539.00	961780.00	0.00	961009.00	382741.00	0.00	0.00	0.00	9.00	0.00	0.00	0.00	0.00	635.00	2560187.00	
133	4067073.00	2499793.00	22509.00	1529157.00	0.00	15614.00	4028651.00	1529531.00	0.00	1528878.00	970185.00	0.00	22.00	0.00	1775723.00	575819.00	0.00	575723.00	624176.00	5.00	0.00	0.00	2252895.00	953712.00	0.00	953157.00	346009.00	0.00	0.00	0.00	17.00	0.00	0.00	0.00	0.00	1005.00	2499798.00	
134	4138542.00	2543747.00	17151.00	1565203.00	0.00	12441.00	4107452.00	1565150.00	0.00	1564600.00	977398.00	0.00	58.00	0.00	1839212.00	597873.00	0.00	597986.00	643312.00	41.00	0.00	0.00	2267995.00	967277.00	0.00	966615.00	334086.00	0.00	0.00	0.00	17.00	0.00	0.00	0.00	0.00	584.00	2543751.00	
135	4110193.00	2517531.00	19899.00	1558702.00	0.00	14062.00	4074893.00	1558452.00	0.00	1558089.00	958289.00	0.00	15.00	0.00	1844680.00	604365.00	0.00	604259.00	636056.00	1.00	0.00	0.00	2230166.00	954087.00	0.00	953832.00	322233.00	0.00	0.00	0.00	14.00	0.00	0.00	0.00	0.00	714.00	2517539.00	
136	4224555.00	2592854.00	11502.00	1611727.00	0.00	8473.00	4206272.00	1612160.00	0.00	1612138.00	981692.00	0.00	55.00	0.00	1931339.00	630180.00	0.00	629964.00	671164.00	32.00	0.00	0.00	2274706.00	981979.00	0.00	982174.00	310530.00	0.00	0.00	0.00	23.00	0.00	0.00	0.00	0.00	273.00	2592863.00	
137	4125175.00	2507597.00	19068.00	1584471.00	0.00	14040.00	4088930.00	1583877.00	0.00	1583237.00	921781.00	0.00	24.00	0.00	1912814.00	640812.00	0.00	641013.00	630988.00	1.00	0.00	0.00	2176106.00	943065.00	0.00	942225.00	290793.00	0.00	0.00	0.00	23.00	0.00	0.00	0.00	0.00	682.00	2507598.00	
138	4259399.00	2608296.00	9802.00	1634288.00	0.00	7013.00	4243719.00	1634943.00	0.00	1634693.00	973781.00	0.00	64.00	0.00	1995017.00	656701.00	0.00	656446.00	681820.00	50.00	0.00	0.00	2248464.00	978242.00	0.00	978247.00	291961.00	0.00	0.00	0.00	14.00	0.00	0.00	0.00	0.00	333.00	2608297.00	
139	4207663.00	2561803.00	13237.00	1623160.00	0.00	9463.00	4184199.00	1623029.00	0.00	1622813.00	938307.00	0.00	12.00	0.00	2003803.00	670052.00	0.00	670196.00	663555.00	0.00	0.00	0.00	2180360.00	952978.00	0.00	952618.00	274752.00	0.00	0.00	0.00	12.00	0.00	0.00	0.00	0.00	344.00	2561811.00	
140	4291860.00	2621187.00	7025.00	1658509.00	0.00	5139.00	4280449.00	1658952.00	0.00	1658594.00	962596.00	0.00	60.00	0.00	2049972.00	680256.00	0.00	680094.00	689590.00	31.00	0.00	0.00	2230231.00	978696.00	0.00	978500.00	273006.00	0.00	0.00	0.00	29.00	0.00	0.00	0.00	0.00	180.00	2621188.00	
141	4254318.00	2628742.00	9408.00	1609666.00	0.00	6502.00	4236579.00	1608957.00	0.00	1608931.00	1018598.00	0.00	17.00	0.00	2068333.00	680172.00	0.00	680222.00	707935.00	4.00	0.00	0.00	2168175.00	928786.00	0.00	928713.00	310664.00	0.00	0.00	0.00	13.00	0.00	0.00	0.00	0.00	290.00	2628745.00	
142	4282503.00	2649522.00	7647.00	1619936.00	0.00	5398.00	4270931.00	1620368.00	0.00	1620363.00	1030038.00	0.00	33.00	0.00	2088650.00	685322.00	0.00	685229.00	718075.00	24.00	0.00	0.00	2182154.00	935047.00	0.00	935135.00	311963.00	0.00	0.00	0.00	9.00	0.00	0.00	0.00	0.00	136.00	2649521.00	
143	4178283.00	2562778.00	15115.00	1590146.00	0.00	10244.00	4150372.00	1589993.00	0.00	1589222.00	971077.00	0.00	14.00	0.00	2065282.00	693295.00	0.00	693509.00	678475.00	3.00	0.00	0.00	2085027.00	896698.00	0.00	895714.00	292604.00	0.00	0.00	0.00	11.00	0.00	0.00	0.00	0.00	866.00	2562782.00	
144	4227797.00	2580079.00	11255.00	1628999.00	0.00	7464.00	4209010.00	1629071.00	0.00	1628862.00	950769.00	0.00	47.00	0.00	2087897.00	701953.00	0.00	701818.00	684100.00	27.00	0.00	0.00	2120853.00	927118.00	0.00	927047.00	266669.00	0.00	0.00	0.00	20.00	0.00	0.00	0.00	0.00	861.00	2580082.00	
145	4230881.00	2574331.00	10665.00	1638484.00	0.00	7403.00	4210845.00	1638258.00	0.00	1637744.00	934844.00	0.00	8.00	0.00	2114167.00	718462.00	0.00	718393.00	677305.00	7.00	0.00	0.00	2096688.00	919797.00	0.00	919351.00	257539.00	0.00	0.00	0.00	1.00	0.00	0.00	0.00	0.00	646.00	2574334.00	
146	4347607.00	2648444.00	2501.00	1694830.00	0.00	1833.00	4344641.00	1695282.00	0.00	1695401.00	953669.00	0.00	16.00	0.00	2178387.00	735452.00	0.00	735353.00	707568.00	15.00	0.00	0.00	2165981.00	959830.00	0.00	960049.00	246101.00	0.00	0.00	0.00	1.00	0.00	0.00	0.00	0.00	71.00	2648447.00	
147	4281415.00	2595413.00	7895.00	1672422.00	0.00	5686.00	4266568.00	1672188.00	0.00	1671776.00	922598.00	0.00	9.00	0.00	2162886.00	739026.00	0.00	739025.00	684829.00	6.00	0.00	0.00	2103688.00	933164.00	0.00	932753.00	237769.00	0.00	0.00	0.00	3.00	0.00	0.00	0.00	0.00	223.00	2595422.00	
148	4264128.00	2579137.00	9906.00	1668056.00	0.00	7029.00	4246385.00	1667838.00	0.00	1667592.00	910651.00	0.00	18.00	0.00	2163898.00	743543.00	0.00	743569.00	676768.00	17.00	0.00	0.00	2082205.00	924298.00	0.00	924024.00	233882.00	0.00	0.00	0.00	1.00	0.00	0.00	0.00	0.00	510.00	2579137.00	
149	4261076.00	2574377.00	9973.00	1669581.00	0.00	7146.00	4243157.00	1669587.00	0.00	1669250.00	904332.00	0.00	11.00	0.00	2180079.00	752120.00	0.00	752035.00	675914.00	10.00	0.00	0.00	2063104.00	917471.00	0.00	917214.00	228419.00	0.00	0.00	0.00	1.00	0.00	0.00	0.00	0.00	329.00	2574385.00	
150	4290786.00	2572967.00	7397.00	1705652.00	0.00	4772.00	4277670.00	1705581.00	0.00	1705254.00	866636.00	0.00	20.00	0.00	2190088.00	757966.00	0.00	757921.00	674181.00	20.00	0.00	0.00	2087405.00	947617.00	0.00	947333.00	192455.00	0.00	0.00	0.00	0.00	0.00	0.00	0.00	0.00	664.00	2572974.00	
151	4301737.00	2563655.00	6445.00	1726413.00	0.00	5224.00	4291168.00	1727006.00	0.00	1726906.00	837168.00	0.00	7.00	0.00	2202889.00	767564.00	0.00	767630.00	667689.00	6.00	0.00	0.00	2088200.00	959444.00	0.00	959276.00	169479.00	0.00	0.00	0.00	1.00	0.00	0.00	0.00	0.00	221.00	2563655.00	
152	4295805.00	2555295.00	7232.00	1727662.00	0.00	5616.00	4282232.00	1727541.00	0.00	1727208.00	827370.00	0.00	17.00	0.00	2203876.00	771866.00	0.00	771939.00	660056.00	15.00	0.00	0.00	2078262.00	955677.00	0.00	955270.00	167314.00	0.00	0.00	0.00	2.00	0.00	0.00	0.00	0.00	284.00	2555301.00	
153	4314730.00	2570647.00	6053.00	1733137.00	0.00	4894.00	4304091.00	1733202.00	0.00	1733300.00	837527.00	0.00	7.00	0.00	2231134.00	781095.00	0.00	780952.00	669081.00	6.00	0.00	0.00	2072903.00	952107.00	0.00	952349.00	168446.00	0.00	0.00	0.00	1.00	0.00	0.00	0.00	0.00	236.00	2570658.00	
154	4323004.00	2605362.00	4780.00	1709300.00	0.00	3563.00	4314528.00	1709269.00	0.00	1709101.00	895963.00	0.00	17.00	0.00	2255677.00	783597.00	0.00	783579.00	688483.00	17.00	0.00	0.00	2058676.00	925672.00	0.00	925524.00	207480.00	0.00	0.00	0.00	0.00	0.00	0.00	0.00	0.00	119.00	2605361.00	
155	4320216.00	2600638.00	5616.00	1709757.00	0.00	4205.00	4309160.00	1709308.00	0.00	1709262.00	890509.00	0.00	7.00	0.00	2272956.00	793459.00	0.00	793469.00	686021.00	7.00	0.00	0.00	2036135.00	915852.00	0.00	915795.00	204488.00	0.00	0.00	0.00	0.00	0.00	0.00	0.00	0.00	201.00	2600644.00	
156	4348160.00	2641808.00	1731.00	1703324.00	0.00	1297.00	4345422.00	1703442.00	0.00	1703549.00	938308.00	0.00	10.00	0.00	2296580.00	791720.00	0.00	791729.00	713122.00	9.00	0.00	0.00	2048729.00	911722.00	0.00	911820.00	225186.00	0.00	0.00	0.00	1.00	0.00	0.00	0.00	0.00	35.00	2641819.00	
157	4319435.00	2652959.00	4592.00	1658746.00	0.00	3138.00	4311971.00	1658759.00	0.00	1658673.00	994371.00	0.00	7.00	0.00	2314701.00	790745.00	0.00	790776.00	733174.00	6.00	0.00	0.00	1997112.00	868016.00	0.00	867898.00	261198.00	0.00	0.00	0.00	1.00	0.00	0.00	0.00	0.00	131.00	2652952.00	
158	4300934.00	2808960.00	4794.00	1484639.00	0.00	2541.00	4294248.00	1484426.00	0.00	1484961.00	1324709.00	0.00	13.00	0.00	2361602.00	741457.00	0.00	741612.00	878521.00	12.00	0.00	0.00	1932510.00	742970.00	0.00	743349.00	446190.00	0.00	0.00	0.00	1.00	0.00	0.00	0.00	0.00	199.00	2808967.00	
159	4315847.00	2839966.00	3499.00	1470559.00	0.00	1823.00	4309655.00	1470662.00	0.00	1470493.00	1368488.00	0.00	5.00	0.00	2394248.00	745645.00	0.00	745575.00	903022.00	5.00	0.00	0.00	1915401.00	725017.00	0.00	724917.00	465466.00	0.00	0.00	0.00	0.00	0.00	0.00	0.00	0.00	89.00	2839965.00	
160	4316863.00	2870500.00	1426.00	1444270.00	0.00	667.00	4316033.00	1444480.00	0.00	1444542.00	1426900.00	0.00	6.00	0.00	2402432.00	735416.00	0.00	735477.00	931533.00	6.00	0.00	0.00	1913498.00	709065.00	0.00	709066.00	495367.00	0.00	0.00	0.00	0.00	0.00	0.00	0.00	0.00	32.00	2870510.00	
161	4310079.00	2882589.00	2679.00	1423556.00	0.00	1255.00	4303999.00	1422937.00	0.00	1422980.00	1457899.00	0.00	10.00	0.00	2414650.00	735842.00	0.00	735836.00	942964.00	9.00	0.00	0.00	1889182.00	687097.00	0.00	687147.00	514937.00	0.00	0.00	0.00	1.00	0.00	0.00	0.00	0.00	31.00	2882591.00	
162	4310444.00	2880428.00	1709.00	1427490.00	0.00	817.00	4309635.00	1427749.00	0.00	1427834.00	1453950.00	0.00	6.00	0.00	2423409.00	740847.00	0.00	740899.00	941656.00	6.00	0.00	0.00	1886132.00	686903.00	0.00	686935.00	512296.00	0.00	0.00	0.00	0.00	0.00	0.00	0.00	0.00	50.00	2880427.00	
163	4275714.00	2847187.00	5559.00	1420336.00	0.00	2633.00	4266963.00	1420281.00	0.00	1420208.00	1426322.00	0.00	9.00	0.00	2415112.00	744261.00	0.00	744261.00	926584.00	6.00	0.00	0.00	1851716.00	676024.00	0.00	675949.00	499740.00	0.00	0.00	0.00	3.00	0.00	0.00	0.00	0.00	185.00	2847191.00	
164	4300230.00	2871502.00	1625.00	1426314.00	0.00	789.00	4298383.00	1426341.00	0.00	1426232.00	1445638.00	0.00	7.00	0.00	2436946.00	745311.00	0.00	745301.00	946326.00	7.00	0.00	0.00	1861279.00	681032.00	0.00	680934.00	499313.00	0.00	0.00	0.00	0.00	0.00	0.00	0.00	0.00	22.00	2871506.00	
165	4305347.00	2872596.00	1939.00	1429884.00	0.00	928.00	4303146.00	1430216.00	0.00	1430230.00	1442707.00	0.00	7.00	0.00	2452885.00	752845.00	0.00	752834.00	947202.00	4.00	0.00	0.00	1850276.00	677371.00	0.00	677397.00	495506.00	0.00	0.00	0.00	3.00	0.00	0.00	0.00	0.00	67.00	2872600.00	
166	4306321.00	2884807.00	2330.00	1418071.00	0.00	1113.00	4301884.00	1417761.00	0.00	1417654.00	1466259.00	0.00	27.00	0.00	2454528.00	745593.00	0.00	745555.00	963373.00	7.00	0.00	0.00	1847176.00	672170.00	0.00	672100.00	502886.00	0.00	0.00	0.00	20.00	0.00	0.00	0.00	0.00	44.00	2884811.00	
167	4298223.00	2889882.00	2142.00	1405118.00	0.00	1081.00	4294662.00	1405050.00	0.00	1405136.00	1484393.00	0.00	21.00	0.00	2453922.00	740075.00	0.00	740141.00	973703.00	3.00	0.00	0.00	1840679.00	664976.00	0.00	664995.00	510690.00	0.00	0.00	0.00	18.00	0.00	0.00	0.00	0.00	45.00	2889884.00	
168	4310782.00	2901310.00	1238.00	1407694.00	0.00	540.00	4310380.00	1407977.00	0.00	1407938.00	1494402.00	0.00	16.00	0.00	2471154.00	745071.00	0.00	744997.00	981076.00	10.00	0.00	0.00	1839182.00	662907.00	0.00	662942.00	513328.00	0.00	0.00	0.00	6.00	0.00	0.00	0.00	0.00	29.00	2901310.00	
169	4318158.00	2897717.00	805.00	1419303.00	0.00	334.00	4316676.00	1419233.00	0.00	1419081.00	1478325.00	0.00	7.00	0.00	2486703.00	755471.00	0.00	755378.00	975854.00	0.00	0.00	0.00	1829943.00	663762.00	0.00	663703.00	502471.00	0.00	0.00	0.00	7.00	0.00	0.00	0.00	0.00	38.00	2897728.00	
170	4326152.00	2881126.00	935.00	1443622.00	0.00	470.00	4324203.00	1443719.00	0.00	1443632.00	1436691.00	0.00	13.00	0.00	2493861.00	770728.00	0.00	770781.00	952344.00	8.00	0.00	0.00	1830195.00	672991.00	0.00	672852.00	484347.00	0.00	0.00	0.00	5.00	0.00	0.00	0.00	0.00	49.00	2881129.00	
171	4311432.00	2849386.00	3112.00	1457368.00	0.00	1566.00	4306163.00	1457118.00	0.00	1457300.00	1391698.00	0.00	12.00	0.00	2497927.00	784140.00	0.00	784272.00	929511.00	4.00	0.00	0.00	1808203.00	672978.00	0.00	673028.00	462189.00	0.00	0.00	0.00	8.00	0.00	0.00	0.00	0.00	102.00	2849393.00	
172	2779338.00	1641521.00	62175.00	1040606.00	0.00	35037.00	2665285.00	1040096.00	0.00	1034269.00	590384.00	0.00	205.00	0.00	526515.00	161481.00	0.00	162255.00	202599.00	180.00	0.00	0.00	2138441.00	878615.00	0.00	872015.00	387787.00	0.00	0.00	0.00	25.00	0.00	0.00	0.00	0.00	9610.00	1641517.00	
173	3377380.00	2000226.00	56071.00	1281864.00	0.00	39219.00	3273689.00	1281917.00	0.00	1278335.00	713397.00	0.00	22.00	0.00	987380.00	306483.00	0.00	306473.00	374404.00	20.00	0.00	0.00	2286290.00	975433.00	0.00	971862.00	338993.00	0.00	0.00	0.00	2.00	0.00	0.00	0.00	0.00	5191.00	2000230.00	
174	3617277.00	2157270.00	47119.00	1378485.00	0.00	34403.00	3530747.00	1378655.00	0.00	1375948.00	775769.00	0.00	116.00	0.00	1131024.00	346355.00	0.00	346172.00	438384.00	113.00	0.00	0.00	2399466.00	1032301.00	0.00	1029776.00	337386.00	0.00	0.00	0.00	3.00	0.00	0.00	0.00	0.00	3305.00	2157276.00	
175	3609615.00	2215525.00	47777.00	1315890.00	0.00	30424.00	3524301.00	1315602.00	0.00	1313642.00	894872.00	0.00	43.00	0.00	1286813.00	403986.00	0.00	404037.00	478755.00	35.00	0.00	0.00	2237349.00	911619.00	0.00	909605.00	416117.00	0.00	0.00	0.00	8.00	0.00	0.00	0.00	0.00	4501.00	2215527.00	
176	3779797.00	2407658.00	40783.00	1307084.00	0.00	24272.00	3711969.00	1307486.00	0.00	1305917.00	1098354.00	0.00	40.00	0.00	1407791.00	421208.00	0.00	421066.00	565479.00	38.00	0.00	0.00	2304008.00	886278.00	0.00	884851.00	532877.00	0.00	0.00	0.00	2.00	0.00	0.00	0.00	0.00	2794.00	2407672.00	
177	3848943.00	2441207.00	35987.00	1349260.00	0.00	22490.00	3785705.00	1348872.00	0.00	1347330.00	1089339.00	0.00	19.00	0.00	1513553.00	463634.00	0.00	463606.00	586295.00	18.00	0.00	0.00	2272006.00	885237.00	0.00	883724.00	503044.00	0.00	0.00	0.00	1.00	0.00	0.00	0.00	0.00	2157.00	2441208.00	
178	3905277.00	2486743.00	32677.00	1366317.00	0.00	19540.00	3851791.00	1366769.00	0.00	1365967.00	1118946.00	0.00	31.00	0.00	1563405.00	476189.00	0.00	476157.00	611031.00	28.00	0.00	0.00	2288306.00	890578.00	0.00	889810.00	507915.00	0.00	0.00	0.00	3.00	0.00	0.00	0.00	0.00	1880.00	2486750.00	
179	3963415.00	2548316.00	28551.00	1370106.00	0.00	16442.00	3916927.00	1370156.00	0.00	1369490.00	1177112.00	0.00	26.00	0.00	1671865.00	508854.00	0.00	508793.00	654193.00	25.00	0.00	0.00	2244922.00	861304.00	0.00	860698.00	522919.00	0.00	0.00	0.00	1.00	0.00	0.00	0.00	0.00	1442.00	2548319.00	
180	3991214.00	2579474.00	26066.00	1370576.00	0.00	15098.00	3946442.00	1370129.00	0.00	1369147.00	1206906.00	0.00	16.00	0.00	1711350.00	520476.00	0.00	520483.00	670377.00	14.00	0.00	0.00	2234848.00	849653.00	0.00	848664.00	536529.00	0.00	0.00	0.00	2.00	0.00	0.00	0.00	0.00	1418.00	2579469.00	
181	3862713.00	2498397.00	33743.00	1312406.00	0.00	18168.00	3805954.00	1312872.00	0.00	1310838.00	1182177.00	0.00	18.00	0.00	1738526.00	547824.00	0.00	547781.00	642903.00	18.00	0.00	0.00	2067379.00	765048.00	0.00	763058.00	539274.00	0.00	0.00	0.00	0.00	0.00	0.00	0.00	0.00	4275.00	2498407.00	
182	3995823.00	2634599.00	25908.00	1322605.00	0.00	12711.00	3951632.00	1322322.00	0.00	1320714.00	1308423.00	0.00	13.00	0.00	1827221.00	560443.00	0.00	560340.00	706428.00	11.00	0.00	0.00	2124251.00	761879.00	0.00	760374.00	601996.00	0.00	0.00	0.00	2.00	0.00	0.00	0.00	0.00	3067.00	2634602.00	
183	4039978.00	2660187.00	22595.00	1346406.00	0.00	10790.00	4003861.00	1346411.00	0.00	1345473.00	1311792.00	0.00	25.00	0.00	1889831.00	584495.00	0.00	584694.00	720618.00	24.00	0.00	0.00	2113871.00	761917.00	0.00	760779.00	591174.00	0.00	0.00	0.00	1.00	0.00	0.00	0.00	0.00	2207.00	2660189.00	
184	4065335.00	2678771.00	21788.00	1353963.00	0.00	10814.00	4031941.00	1354503.00	0.00	1353703.00	1323612.00	0.00	5.00	0.00	1919747.00	594850.00	0.00	594544.00	730348.00	4.00	0.00	0.00	2112076.00	759653.00	0.00	759159.00	593263.00	0.00	0.00	0.00	1.00	0.00	0.00	0.00	0.00	1778.00	2678781.00	
185	4167637.00	2750980.00	13687.00	1395942.00	0.00	7029.00	4145418.00	1395553.00	0.00	1395275.00	1354351.00	0.00	28.00	0.00	2002552.00	617963.00	0.00	617999.00	766562.00	28.00	0.00	0.00	2142656.00	777590.00	0.00	777276.00	587790.00	0.00	0.00	0.00	0.00	0.00	0.00	0.00	0.00	571.00	2750983.00	
186	4150363.00	2729804.00	14851.00	1397851.00	0.00	7858.00	4126430.00	1397938.00	0.00	1397423.00	1331017.00	0.00	4.00	0.00	2009389.00	625976.00	0.00	626066.00	757344.00	3.00	0.00	0.00	2116995.00	771964.00	0.00	771357.00	573674.00	0.00	0.00	0.00	1.00	0.00	0.00	0.00	0.00	680.00	2729810.00	
187	4134739.00	2714651.00	16624.00	1395117.00	0.00	8347.00	4107624.00	1394943.00	0.00	1394265.00	1318154.00	0.00	27.00	0.00	2041294.00	642160.00	0.00	642023.00	757084.00	27.00	0.00	0.00	2066096.00	752784.00	0.00	752243.00	561070.00	0.00	0.00	0.00	0.00	0.00	0.00	0.00	0.00	1158.00	2714656.00	
188	4209597.00	2772025.00	11216.00	1420497.00	0.00	5859.00	4192750.00	1420661.00	0.00	1420637.00	1351406.00	0.00	5.00	0.00	2091729.00	653989.00	0.00	653901.00	783836.00	3.00	0.00	0.00	2100982.00	766673.00	0.00	766736.00	567571.00	0.00	0.00	0.00	2.00	0.00	0.00	0.00	0.00	543.00	2772032.00	
189	4191575.00	2753245.00	10578.00	1422303.00	0.00	5450.00	4173525.00	1422035.00	0.00	1421473.00	1329749.00	0.00	30.00	0.00	2108655.00	663930.00	0.00	664106.00	780590.00	29.00	0.00	0.00	2064631.00	758105.00	0.00	757366.00	549159.00	0.00	0.00	0.00	1.00	0.00	0.00	0.00	0.00	418.00	2753252.00	
190	4140054.00	2703612.00	16349.00	1412088.00	0.00	8006.00	4116523.00	1412677.00	0.00	1412386.00	1291493.00	0.00	0.00	0.00	2097281.00	671398.00	0.00	671203.00	754680.00	0.00	0.00	0.00	2019275.00	741279.00	0.00	741183.00	536813.00	0.00	0.00	0.00	0.00	0.00	0.00	0.00	0.00	1278.00	2703632.00	
191	4151904.00	2710801.00	13074.00	1419969.00	0.00	8063.00	4126283.00	1419444.00	0.00	1418179.00	1288389.00	0.00	22.00	0.00	2125216.00	682557.00	0.00	682812.00	759825.00	22.00	0.00	0.00	2000818.00	736887.00	0.00	735367.00	528564.00	0.00	0.00	0.00	0.00	0.00	0.00	0.00	0.00	1451.00	2710804.00	
192	4081222.00	2670276.00	19787.00	1380442.00	0.00	10717.00	4048100.00	1380409.00	0.00	1379512.00	1288198.00	0.00	0.00	0.00	2100753.00	674904.00	0.00	674599.00	751250.00	0.00	0.00	0.00	1947370.00	705506.00	0.00	704913.00	536950.00	0.00	0.00	0.00	0.00	0.00	0.00	0.00	0.00	2142.00	2670282.00	
193	4265892.00	2824487.00	4322.00	1434985.00	0.00	2100.00	4259534.00	1434957.00	0.00	1435041.00	1389297.00	0.00	23.00	0.00	2215414.00	691877.00	0.00	692008.00	831508.00	22.00	0.00	0.00	2043905.00	743080.00	0.00	743034.00	557790.00	0.00	0.00	0.00	1.00	0.00	0.00	0.00	0.00	102.00	2824491.00	
194	4176419.00	2743805.00	12986.00	1413038.00	0.00	6591.00	4156919.00	1413351.00	0.00	1412944.00	1330644.00	0.00	0.00	0.00	2189812.00	697604.00	0.00	697458.00	794750.00	0.00	0.00	0.00	1967129.00	715749.00	0.00	715486.00	535894.00	0.00	0.00	0.00	0.00	0.00	0.00	0.00	0.00	938.00	2743813.00	
195	4227929.00	2829961.00	8857.00	1385094.00	0.00	4017.00	4215125.00	1385300.00	0.00	1385221.00	1444244.00	0.00	18.00	0.00	2243399.00	694469.00	0.00	694524.00	854388.00	18.00	0.00	0.00	1971390.00	690833.00	0.00	690698.00	589860.00	0.00	0.00	0.00	0.00	0.00	0.00	0.00	0.00	407.00	2829960.00	
196	4260144.00	2865155.00	5166.00	1387483.00	0.00	2342.00	4250765.00	1387021.00	0.00	1386865.00	1476887.00	0.00	2.00	0.00	2278801.00	699605.00	0.00	699540.00	879654.00	2.00	0.00	0.00	1971974.00	687416.00	0.00	687325.00	597233.00	0.00	0.00	0.00	0.00	0.00	0.00	0.00	0.00	145.00	2865166.00	
197	4290404.00	2884968.00	2505.00	1401755.00	0.00	1176.00	4287640.00	1401689.00	0.00	1401799.00	1483892.00	0.00	11.00	0.00	2310462.00	708744.00	0.00	708800.00	892907.00	11.00	0.00	0.00	1976929.00	692945.00	0.00	692999.00	590985.00	0.00	0.00	0.00	0.00	0.00	0.00	0.00	0.00	53.00	2884966.00	
198	4216747.00	2886752.00	9355.00	1316916.00	0.00	3724.00	4203987.00	1317420.00	0.00	1317452.00	1569167.00	0.00	7.00	0.00	2294635.00	686588.00	0.00	686603.00	921437.00	7.00	0.00	0.00	1909411.00	630832.00	0.00	630849.00	647730.00	0.00	0.00	0.00	0.00	0.00	0.00	0.00	0.00	412.00	2886762.00	
199	4296055.00	2956286.00	1886.00	1337176.00	0.00	708.00	4293225.00	1336913.00	0.00	1337017.00	1618992.00	0.00	8.00	0.00	2348784.00	693173.00	0.00	693225.00	962379.00	8.00	0.00	0.00	1944146.00	643740.00	0.00	643793.00	656613.00	0.00	0.00	0.00	0.00	0.00	0.00	0.00	0.00	32.00	2956295.00	
200	4242547.00	2902255.00	7196.00	1330150.00	0.00	2946.00	4231907.00	1330084.00	0.00	1329658.00	1572144.00	0.00	0.00	0.00	2336609.00	698616.00	0.00	698591.00	939403.00	0.00	0.00	0.00	1895276.00	631468.00	0.00	631067.00	632741.00	0.00	0.00	0.00	0.00	0.00	0.00	0.00	0.00	302.00	2902255.00	
201	4285660.00	2940058.00	2622.00	1341983.00	0.00	997.00	4281631.00	1341969.00	0.00	1342184.00	1597380.00	0.00	15.00	0.00	2362299.00	703376.00	0.00	703412.00	955500.00	13.00	0.00	0.00	1919249.00	638593.00	0.00	638772.00	641882.00	0.00	0.00	0.00	2.00	0.00	0.00	0.00	0.00	32.00	2940068.00	
202	4245432.00	2900303.00	6658.00	1335544.00	0.00	2928.00	4237191.00	1335926.00	0.00	1335630.00	1565513.00	0.00	0.00	0.00	2361711.00	709040.00	0.00	708970.00	943701.00	0.00	0.00	0.00	1875359.00	626886.00	0.00	626661.00	621812.00	0.00	0.00	0.00	0.00	0.00	0.00	0.00	0.00	296.00	2900298.00	
203	4282190.00	2933480.00	2914.00	1344621.00	0.00	1175.00	4278850.00	1344807.00	0.00	1344878.00	1588953.00	0.00	15.00	0.00	2388898.00	714067.00	0.00	714016.00	960803.00	13.00	0.00	0.00	1889759.00	630741.00	0.00	630862.00	628154.00	0.00	0.00	0.00	2.00	0.00	0.00	0.00	0.00	207.00	2933483.00	
204	4232313.00	2880375.00	7792.00	1340737.00	0.00	3409.00	4218129.00	1340200.00	0.00	1339842.00	1538125.00	0.00	2.00	0.00	2370894.00	716891.00	0.00	716773.00	937229.00	1.00	0.00	0.00	1847275.00	623309.00	0.00	623069.00	600896.00	0.00	0.00	0.00	1.00	0.00	0.00	0.00	0.00	327.00	2880387.00	
205	4289239.00	2930103.00	1804.00	1356632.00	0.00	700.00	4287217.00	1356773.00	0.00	1356731.00	1573462.00	0.00	12.00	0.00	2410146.00	725478.00	0.00	725629.00	959027.00	12.00	0.00	0.00	1876832.00	631295.00	0.00	631102.00	614435.00	0.00	0.00	0.00	0.00	0.00	0.00	0.00	0.00	40.00	2930102.00	
206	4287137.00	2922370.00	2589.00	1361134.00	0.00	1045.00	4283212.00	1360999.00	0.00	1361206.00	1560981.00	0.00	0.00	0.00	2414718.00	727396.00	0.00	727387.00	959935.00	0.00	0.00	0.00	1868472.00	633603.00	0.00	633822.00	601048.00	0.00	0.00	0.00	0.00	0.00	0.00	0.00	0.00	77.00	2922379.00	
207	4307331.00	2933066.00	951.00	1372948.00	0.00	366.00	4306591.00	1373016.00	0.00	1372880.00	1560562.00	0.00	16.00	0.00	2436626.00	735873.00	0.00	735927.00	964810.00	16.00	0.00	0.00	1869849.00	637144.00	0.00	636953.00	595752.00	0.00	0.00	0.00	0.00	0.00	0.00	0.00	0.00	14.00	2933077.00	
208	4303204.00	2931838.00	2200.00	1368248.00	0.00	918.00	4301992.00	1368685.00	0.00	1368883.00	1564395.00	0.00	1.00	0.00	2437551.00	735631.00	0.00	735554.00	966366.00	0.00	0.00	0.00	1864414.00	633054.00	0.00	633329.00	598030.00	0.00	0.00	0.00	1.00	0.00	0.00	0.00	0.00	23.00	2931837.00	
209	4305638.00	2956592.00	1571.00	1346881.00	0.00	594.00	4302396.00	1346793.00	0.00	1346520.00	1608881.00	0.00	23.00	0.00	2450108.00	726201.00	0.00	726260.00	997642.00	5.00	0.00	0.00	1852109.00	620592.00	0.00	620260.00	611239.00	0.00	0.00	0.00	18.00	0.00	0.00	0.00	0.00	28.00	2956604.00	
210	4284579.00	2947861.00	4335.00	1330617.00	0.00	1766.00	4278779.00	1330327.00	0.00	1330570.00	1617718.00	0.00	9.00	0.00	2442133.00	719712.00	0.00	719730.00	1002689.00	2.00	0.00	0.00	1836492.00	610615.00	0.00	610840.00	615030.00	0.00	0.00	0.00	7.00	0.00	0.00	0.00	0.00	158.00	2947853.00	
211	4315380.00	2987021.00	1436.00	1326385.00	0.00	538.00	4313287.00	1326279.00	0.00	1326350.00	1660444.00	0.00	41.00	0.00	2474572.00	718518.00	0.00	718588.00	1037456.00	9.00	0.00	0.00	1838547.00	607763.00	0.00	607763.00	622989.00	0.00	0.00	0.00	32.00	0.00	0.00	0.00	0.00	16.00	2987023.00	
212	4291135.00	2975913.00	2677.00	1311557.00	0.00	988.00	4286805.00	1311605.00	0.00	1311617.00	1663590.00	0.00	7.00	0.00	2461660.00	713380.00	0.00	713354.00	1034923.00	2.00	0.00	0.00	1825160.00	598226.00	0.00	598263.00	628666.00	0.00	0.00	0.00	5.00	0.00	0.00	0.00	0.00	91.00	2975925.00	
213	4298789.00	2982449.00	2049.00	1313527.00	0.00	765.00	4295435.00	1313284.00	0.00	1313007.00	1669006.00	0.00	18.00	0.00	2474939.00	716981.00	0.00	716877.00	1041066.00	15.00	0.00	0.00	1820377.00	596304.00	0.00	596129.00	627940.00	0.00	0.00	0.00	3.00	0.00	0.00	0.00	0.00	44.00	2982461.00	
214	4299612.00	2983860.00	938.00	1314455.00	0.00	360.00	4299387.00	1314828.00	0.00	1314846.00	1669633.00	0.00	20.00	0.00	2489626.00	721357.00	0.00	721334.00	1046934.00	1.00	0.00	0.00	1809702.00	593471.00	0.00	593513.00	622700.00	0.00	0.00	0.00	19.00	0.00	0.00	0.00	0.00	6.00	2983863.00	
215	4302591.00	2979871.00	1995.00	1320038.00	0.00	688.00	4300070.00	1319886.00	0.00	1320029.00	1659981.00	0.00	21.00	0.00	2491790.00	724803.00	0.00	724899.00	1042075.00	13.00	0.00	0.00	1808127.00	595083.00	0.00	595130.00	617907.00	0.00	0.00	0.00	8.00	0.00	0.00	0.00	0.00	42.00	2979878.00	
216	4311972.00	2987348.00	586.00	1323830.00	0.00	208.00	4311817.00	1324161.00	0.00	1323807.00	1663826.00	0.00	25.00	0.00	2508045.00	728939.00	0.00	728810.00	1050294.00	3.00	0.00	0.00	1803774.00	595222.00	0.00	594998.00	613532.00	0.00	0.00	0.00	22.00	0.00	0.00	0.00	0.00	28.00	2987345.00	
217	4298008.00	2979665.00	1026.00	1316967.00	0.00	351.00	4296576.00	1316782.00	0.00	1316808.00	1662737.00	0.00	17.00	0.00	2510542.00	728877.00	0.00	728813.00	1052847.00	5.00	0.00	0.00	1785806.00	587907.00	0.00	587995.00	609892.00	0.00	0.00	0.00	12.00	0.00	0.00	0.00	0.00	27.00	2979663.00	
218	4291336.00	3025918.00	282.00	1265062.00	0.00	74.00	4291328.00	1265316.00	0.00	1265488.00	1760493.00	0.00	10.00	0.00	2540240.00	731129.00	0.00	731195.00	1077907.00	10.00	0.00	0.00	1751067.00	534187.00	0.00	534294.00	682586.00	0.00	0.00	0.00	0.00	0.00	0.00	0.00	0.00	19.00	3025930.00	
219	4285836.00	3028638.00	303.00	1256815.00	0.00	80.00	4283824.00	1256254.00	0.00	1256184.00	1771254.00	0.00	28.00	0.00	2549617.00	732046.00	0.00	732053.00	1085510.00	8.00	0.00	0.00	1734106.00	524209.00	0.00	524133.00	685744.00	0.00	0.00	0.00	20.00	0.00	0.00	0.00	0.00	22.00	3028640.00	
220	4327114.00	2841608.00	1842.00	1483285.00	0.00	380.00	4324713.00	1483635.00	0.00	1482969.00	1357963.00	0.00	48.00	0.00	2564015.00	863695.00	0.00	863315.00	837001.00	5.00	0.00	0.00	1760600.00	619940.00	0.00	619654.00	520963.00	0.00	0.00	0.00	43.00	0.00	0.00	0.00	0.00	16.00	2841610.00	
