second	tx	tx_grant	tx_grant_re4wait	tx_release	tx_release_re4modfail	tx_release_re4wait	rx	rx_grantSucc	rx_queueSucc	rx_releaseSucc	rx_grantFail	rx_grantModFail	rx_releaseFail	rx_releaseModFail	rx_p4	rx_grantSucc_p4	rx_queueSucc_p4	rx_releaseSucc_p4	rx_grantFail_p4	rx_releaseFail_p4	rx_bdFail_p4	rx_mirror_p4	rx_fpga	rx_grantSucc_fpga	rx_queueSucc_fpga	rx_releaseSucc_fpga	rx_grantFail_fpga	rx_grantModFail_fpga	rx_grantModHitFail_fpga	rx_grantModNfsFail_fpga	rx_releaseFail_fpga	rx_releaseModFail_fpga	rx_releaseModHitFail_fpga	rx_releaseModNfsFail_fpga	dropped_pkt	txn_fail	txn_total	
2	4443714.00	2559568.00	1153.00	1882863.00	0.00	130.00	4441340.00	1882455.00	0.00	1882486.00	676340.00	0.00	0.00	0.00	2733635.00	1028647.00	0.00	1028705.00	676284.00	0.00	0.00	0.00	1707648.00	853810.00	0.00	853782.00	56.00	0.00	0.00	0.00	0.00	0.00	0.00	0.00	0.00	114.00	2559563.00	
3	4440696.00	2557494.00	1215.00	1881885.00	0.00	102.00	4440216.00	1882348.00	0.00	1882282.00	675648.00	0.00	1.00	0.00	2731229.00	1027844.00	0.00	1027790.00	675595.00	1.00	0.00	0.00	1709053.00	854505.00	0.00	854494.00	54.00	0.00	0.00	0.00	0.00	0.00	0.00	0.00	0.00	128.00	2557498.00	
4	4435590.00	2554610.00	1304.00	1879541.00	0.00	135.00	4434042.00	1879550.00	0.00	1879469.00	674975.00	0.00	1.00	0.00	2729352.00	1027244.00	0.00	1027200.00	674908.00	0.00	0.00	0.00	1704648.00	852307.00	0.00	852272.00	68.00	0.00	0.00	0.00	1.00	0.00	0.00	0.00	0.00	133.00	2554621.00	
5	4433729.00	2553531.00	969.00	1879166.00	0.00	63.00	4432039.00	1878875.00	0.00	1878958.00	674159.00	0.00	1.00	0.00	2725563.00	1025710.00	0.00	1025770.00	674083.00	1.00	0.00	0.00	1706433.00	853167.00	0.00	853191.00	76.00	0.00	0.00	0.00	0.00	0.00	0.00	0.00	0.00	102.00	2553522.00	
6	4432827.00	2553650.00	1020.00	1878113.00	0.00	45.00	4431301.00	1877895.00	0.00	1877939.00	675425.00	0.00	6.00	0.00	2727384.00	1026009.00	0.00	1026010.00	675361.00	6.00	0.00	0.00	1703888.00	851889.00	0.00	851934.00	65.00	0.00	0.00	0.00	0.00	0.00	0.00	0.00	0.00	100.00	2553659.00	
7	4427639.00	2550607.00	1116.00	1875808.00	0.00	109.00	4426568.00	1876040.00	0.00	1875949.00	674690.00	0.00	3.00	0.00	2722855.00	1024122.00	0.00	1024097.00	674635.00	1.00	0.00	0.00	1703827.00	851918.00	0.00	851852.00	55.00	0.00	0.00	0.00	2.00	0.00	0.00	0.00	0.00	114.00	2550612.00	
8	4433564.00	2553433.00	1313.00	1878769.00	0.00	49.00	4432793.00	1879079.00	0.00	1879087.00	674579.00	0.00	1.00	0.00	2728629.00	1027050.00	0.00	1027060.00	674518.00	1.00	0.00	0.00	1704119.00	852031.00	0.00	852027.00	61.00	0.00	0.00	0.00	0.00	0.00	0.00	0.00	0.00	145.00	2553437.00	
9	4437359.00	2556927.00	1038.00	1879359.00	0.00	37.00	4434488.00	1878676.00	0.00	1878610.00	677248.00	0.00	2.00	0.00	2729860.00	1026361.00	0.00	1026327.00	677169.00	2.00	0.00	0.00	1704677.00	852316.00	0.00	852283.00	78.00	0.00	0.00	0.00	0.00	0.00	0.00	0.00	0.00	112.00	2556931.00	
10	4437979.00	2556580.00	1073.00	1880254.00	0.00	72.00	4436949.00	1880283.00	0.00	1880378.00	676217.00	0.00	1.00	0.00	2730302.00	1027067.00	0.00	1027081.00	676155.00	0.00	0.00	0.00	1706581.00	853218.00	0.00	853299.00	63.00	0.00	0.00	0.00	1.00	0.00	0.00	0.00	0.00	110.00	2556584.00	
11	4441387.00	2558568.00	1026.00	1881766.00	0.00	27.00	4439965.00	1881624.00	0.00	1881622.00	676714.00	0.00	4.00	0.00	2731883.00	1027613.00	0.00	1027614.00	676655.00	2.00	0.00	0.00	1708081.00	854011.00	0.00	854009.00	59.00	0.00	0.00	0.00	2.00	0.00	0.00	0.00	0.00	109.00	2558581.00	
12	4430183.00	2551439.00	1126.00	1877603.00	0.00	15.00	4429456.00	1877805.00	0.00	1877809.00	673761.00	0.00	3.00	0.00	2723268.00	1024788.00	0.00	1024772.00	673706.00	3.00	0.00	0.00	1706113.00	853020.00	0.00	853038.00	55.00	0.00	0.00	0.00	0.00	0.00	0.00	0.00	0.00	120.00	2551437.00	
13	4444238.00	2559749.00	1245.00	1883218.00	0.00	26.00	4442625.00	1883195.00	0.00	1883111.00	676357.00	0.00	1.00	0.00	2735279.00	1029493.00	0.00	1029516.00	676269.00	1.00	0.00	0.00	1707386.00	853702.00	0.00	853596.00	88.00	0.00	0.00	0.00	0.00	0.00	0.00	0.00	0.00	144.00	2559750.00	
14	4434707.00	2554621.00	891.00	1879171.00	0.00	25.00	4435143.00	1879775.00	0.00	1879824.00	675576.00	0.00	0.00	0.00	2728695.00	1026592.00	0.00	1026590.00	675512.00	0.00	0.00	0.00	1706482.00	853183.00	0.00	853235.00	64.00	0.00	0.00	0.00	0.00	0.00	0.00	0.00	0.00	96.00	2554625.00	
15	4434323.00	2553830.00	1155.00	1879240.00	0.00	99.00	4432512.00	1879018.00	0.00	1879129.00	674407.00	0.00	2.00	0.00	2727166.00	1026390.00	0.00	1026434.00	674343.00	0.00	0.00	0.00	1705390.00	852628.00	0.00	852696.00	64.00	0.00	0.00	0.00	2.00	0.00	0.00	0.00	0.00	111.00	2553839.00	
16	4430405.00	2551801.00	1085.00	1877383.00	0.00	136.00	4428762.00	1877281.00	0.00	1877171.00	674229.00	0.00	3.00	0.00	2725201.00	1025545.00	0.00	1025479.00	674175.00	2.00	0.00	0.00	1703487.00	851739.00	0.00	851693.00	54.00	0.00	0.00	0.00	1.00	0.00	0.00	0.00	0.00	110.00	2551803.00	
17	4433253.00	2553367.00	1320.00	1878496.00	0.00	70.00	4429892.00	1877751.00	0.00	1877682.00	674469.00	0.00	2.00	0.00	2726238.00	1025920.00	0.00	1025901.00	674416.00	2.00	0.00	0.00	1703668.00	851833.00	0.00	851782.00	53.00	0.00	0.00	0.00	0.00	0.00	0.00	0.00	0.00	138.00	2553372.00	
18	4417965.00	2545499.00	1071.00	1871346.00	0.00	50.00	4417558.00	1871607.00	0.00	1871742.00	674154.00	0.00	1.00	0.00	2720532.00	1023200.00	0.00	1023246.00	674086.00	1.00	0.00	0.00	1696975.00	848409.00	0.00	848499.00	68.00	0.00	0.00	0.00	0.00	0.00	0.00	0.00	0.00	111.00	2545500.00	
19	4423598.00	2547845.00	1175.00	1874401.00	0.00	177.00	4423709.00	1875077.00	0.00	1875032.00	673590.00	0.00	8.00	0.00	2722891.00	1024679.00	0.00	1024667.00	673538.00	7.00	0.00	0.00	1700817.00	850399.00	0.00	850365.00	52.00	0.00	0.00	0.00	1.00	0.00	0.00	0.00	0.00	106.00	2547851.00	
20	4420056.00	2544870.00	1516.00	1873230.00	0.00	440.00	4418076.00	1873291.00	0.00	1873256.00	671580.00	0.00	0.00	0.00	2718647.00	1023573.00	0.00	1023559.00	671515.00	0.00	0.00	0.00	1699482.00	849719.00	0.00	849699.00	65.00	0.00	0.00	0.00	0.00	0.00	0.00	0.00	0.00	120.00	2544869.00	
21	4435731.00	2554065.00	1323.00	1880049.00	0.00	296.00	4433511.00	1879801.00	0.00	1879885.00	673816.00	0.00	3.00	0.00	2726560.00	1026374.00	0.00	1026424.00	673761.00	1.00	0.00	0.00	1706946.00	853428.00	0.00	853461.00	55.00	0.00	0.00	0.00	2.00	0.00	0.00	0.00	0.00	115.00	2554076.00	
22	2732184.00	1499696.00	90029.00	1099211.00	0.00	43248.00	2595415.00	1098195.00	0.00	1097403.00	399549.00	0.00	223.00	0.00	346189.00	126095.00	0.00	127658.00	92286.00	150.00	0.00	0.00	2249181.00	972100.00	0.00	969745.00	307263.00	0.00	0.00	0.00	73.00	0.00	0.00	0.00	0.00	84.00	1499691.00	
23	3427836.00	1887028.00	59013.00	1433152.00	0.00	48643.00	3320380.00	1433218.00	0.00	1432916.00	453939.00	0.00	155.00	0.00	988307.00	337604.00	0.00	337522.00	313075.00	106.00	0.00	0.00	2331921.00	1095614.00	0.00	1095394.00	140864.00	0.00	0.00	0.00	49.00	0.00	0.00	0.00	0.00	7.00	1887031.00	
24	3518510.00	1940680.00	55243.00	1475706.00	0.00	46881.00	3417061.00	1475818.00	0.00	1475749.00	465209.00	0.00	141.00	0.00	1090684.00	366738.00	0.00	366607.00	357256.00	83.00	0.00	0.00	2326235.00	1109081.00	0.00	1109143.00	107953.00	0.00	0.00	0.00	58.00	0.00	0.00	0.00	0.00	5.00	1940683.00	
25	3530901.00	1930645.00	54344.00	1498978.00	0.00	46936.00	3429121.00	1498879.00	0.00	1498695.00	431404.00	0.00	188.00	0.00	1242188.00	438902.00	0.00	438942.00	364225.00	119.00	0.00	0.00	2186978.00	1059977.00	0.00	1059753.00	67179.00	0.00	0.00	0.00	69.00	0.00	0.00	0.00	0.00	9.00	1930647.00	
26	3461445.00	1867477.00	63143.00	1482050.00	0.00	48776.00	3349230.00	1481810.00	0.00	1481914.00	385336.00	0.00	50.00	0.00	1251814.00	455529.00	0.00	455464.00	340796.00	25.00	0.00	0.00	2097298.00	1026281.00	0.00	1026451.00	44541.00	0.00	0.00	0.00	25.00	0.00	0.00	0.00	0.00	23.00	1867480.00	
27	3530310.00	1907185.00	61237.00	1515019.00	0.00	46869.00	3422445.00	1515097.00	0.00	1514948.00	392239.00	0.00	67.00	0.00	1359850.00	500877.00	0.00	500871.00	358042.00	60.00	0.00	0.00	2062506.00	1014221.00	0.00	1014081.00	34197.00	0.00	0.00	0.00	7.00	0.00	0.00	0.00	0.00	33.00	1907188.00	
28	3533177.00	1907325.00	61365.00	1516873.00	0.00	47614.00	3424266.00	1517033.00	0.00	1516857.00	390370.00	0.00	38.00	0.00	1389053.00	515191.00	0.00	515091.00	358745.00	26.00	0.00	0.00	2035247.00	1001842.00	0.00	1001768.00	31625.00	0.00	0.00	0.00	12.00	0.00	0.00	0.00	0.00	55.00	1907326.00	
29	3605157.00	1955289.00	57792.00	1546642.00	0.00	45434.00	3502138.00	1546708.00	0.00	1546630.00	408663.00	0.00	66.00	0.00	1474254.00	546905.00	0.00	546944.00	380353.00	53.00	0.00	0.00	2027813.00	999803.00	0.00	999687.00	28310.00	0.00	0.00	0.00	13.00	0.00	0.00	0.00	0.00	40.00	1955293.00	
30	3591064.00	1943749.00	58824.00	1541207.00	0.00	47284.00	3484886.00	1541142.00	0.00	1541055.00	402626.00	0.00	23.00	0.00	1491052.00	557863.00	0.00	557791.00	375385.00	13.00	0.00	0.00	1993794.00	983279.00	0.00	983264.00	27241.00	0.00	0.00	0.00	10.00	0.00	0.00	0.00	0.00	63.00	1943754.00	
31	3696142.00	2014322.00	53161.00	1584632.00	0.00	44027.00	3598464.00	1584458.00	0.00	1584369.00	429524.00	0.00	55.00	0.00	1579552.00	587001.00	0.00	586993.00	405508.00	50.00	0.00	0.00	2018857.00	997459.00	0.00	997377.00	24016.00	0.00	0.00	0.00	5.00	0.00	0.00	0.00	0.00	57.00	2014324.00	
32	3689414.00	2009691.00	53478.00	1582038.00	0.00	44207.00	3592124.00	1582143.00	0.00	1582219.00	427694.00	0.00	23.00	0.00	1596477.00	595571.00	0.00	595538.00	405356.00	12.00	0.00	0.00	1995602.00	986572.00	0.00	986681.00	22338.00	0.00	0.00	0.00	11.00	0.00	0.00	0.00	0.00	84.00	2009694.00	
33	3735594.00	2043816.00	49626.00	1601075.00	0.00	41077.00	3644760.00	1601159.00	0.00	1600943.00	442631.00	0.00	42.00	0.00	1657412.00	617756.00	0.00	617815.00	421810.00	31.00	0.00	0.00	1987363.00	983403.00	0.00	983128.00	20821.00	0.00	0.00	0.00	11.00	0.00	0.00	0.00	0.00	52.00	2043827.00	
34	3720795.00	2034504.00	50758.00	1593414.00	0.00	42119.00	3627952.00	1593428.00	0.00	1593345.00	441087.00	0.00	20.00	0.00	1665573.00	622555.00	0.00	622428.00	420575.00	15.00	0.00	0.00	1962308.00	970874.00	0.00	970917.00	20512.00	0.00	0.00	0.00	5.00	0.00	0.00	0.00	0.00	88.00	2034504.00	
35	3767069.00	2066335.00	47945.00	1612462.00	0.00	40328.00	3678643.00	1612469.00	0.00	1612340.00	453737.00	0.00	29.00	0.00	1719668.00	642609.00	0.00	642641.00	434393.00	25.00	0.00	0.00	1958912.00	969861.00	0.00	969704.00	19344.00	0.00	0.00	0.00	4.00	0.00	0.00	0.00	0.00	47.00	2066338.00	
36	3737239.00	2045652.00	49866.00	1600153.00	0.00	41568.00	3646091.00	1600271.00	0.00	1600164.00	445623.00	0.00	32.00	0.00	1717664.00	645291.00	0.00	645145.00	427200.00	28.00	0.00	0.00	1928429.00	954981.00	0.00	955021.00	18423.00	0.00	0.00	0.00	4.00	0.00	0.00	0.00	0.00	64.00	2045656.00	
37	3820543.00	2103618.00	44649.00	1634149.00	0.00	38128.00	3738310.00	1634379.00	0.00	1634407.00	469408.00	0.00	43.00	0.00	1786781.00	666789.00	0.00	666815.00	453136.00	41.00	0.00	0.00	1951456.00	967590.00	0.00	967592.00	16272.00	0.00	0.00	0.00	2.00	0.00	0.00	0.00	0.00	35.00	2103619.00	
38	3871976.00	2138979.00	41502.00	1655533.00	0.00	35962.00	3794732.00	1655635.00	0.00	1655580.00	483449.00	0.00	36.00	0.00	1825829.00	678918.00	0.00	678802.00	468080.00	30.00	0.00	0.00	1968874.00	976719.00	0.00	976779.00	15370.00	0.00	0.00	0.00	6.00	0.00	0.00	0.00	0.00	74.00	2138980.00	
39	3886192.00	2151359.00	39393.00	1661136.00	0.00	34304.00	3812404.00	1661152.00	0.00	1661107.00	490107.00	0.00	34.00	0.00	1861292.00	692414.00	0.00	692508.00	476346.00	24.00	0.00	0.00	1951108.00	968738.00	0.00	968599.00	13761.00	0.00	0.00	0.00	10.00	0.00	0.00	0.00	0.00	13.00	2151366.00	
40	3891255.00	2156476.00	39261.00	1662202.00	0.00	33317.00	3819351.00	1662382.00	0.00	1662446.00	494439.00	0.00	42.00	0.00	1869290.00	694065.00	0.00	693942.00	481252.00	31.00	0.00	0.00	1950022.00	968320.00	0.00	968504.00	13187.00	0.00	0.00	0.00	11.00	0.00	0.00	0.00	0.00	21.00	2156478.00	
41	3920349.00	2174274.00	37500.00	1674479.00	0.00	34096.00	3847095.00	1673847.00	0.00	1673649.00	499584.00	0.00	28.00	0.00	1911802.00	711867.00	0.00	711888.00	488026.00	21.00	0.00	0.00	1935306.00	961980.00	0.00	961761.00	11558.00	0.00	0.00	0.00	7.00	0.00	0.00	0.00	0.00	36.00	2174275.00	
42	4009290.00	2236934.00	32259.00	1710143.00	0.00	29954.00	3947556.00	1710270.00	0.00	1710236.00	526929.00	0.00	27.00	0.00	1962745.00	723257.00	0.00	723115.00	516347.00	26.00	0.00	0.00	1984720.00	987015.00	0.00	987122.00	10582.00	0.00	0.00	0.00	1.00	0.00	0.00	0.00	0.00	26.00	2236938.00	
43	3958248.00	2201854.00	34389.00	1690271.00	0.00	31734.00	3892564.00	1690557.00	0.00	1690506.00	511530.00	0.00	21.00	0.00	1965731.00	731641.00	0.00	731794.00	502280.00	16.00	0.00	0.00	1926885.00	958917.00	0.00	958715.00	9250.00	0.00	0.00	0.00	5.00	0.00	0.00	0.00	0.00	36.00	2201856.00	
44	4038318.00	2259109.00	29194.00	1722780.00	0.00	27235.00	3982435.00	1722896.00	0.00	1722904.00	536478.00	0.00	33.00	0.00	2011244.00	741799.00	0.00	741572.00	527844.00	28.00	0.00	0.00	1971069.00	981097.00	0.00	981333.00	8634.00	0.00	0.00	0.00	5.00	0.00	0.00	0.00	0.00	46.00	2259111.00	
45	3968066.00	2207902.00	34481.00	1694283.00	0.00	31400.00	3901565.00	1694164.00	0.00	1694031.00	513393.00	0.00	7.00	0.00	1995336.00	745497.00	0.00	745605.00	504233.00	2.00	0.00	0.00	1906264.00	948670.00	0.00	948428.00	9161.00	0.00	0.00	0.00	5.00	0.00	0.00	0.00	0.00	54.00	2207905.00	
46	4105529.00	2309785.00	24901.00	1747177.00	0.00	23668.00	4058250.00	1747596.00	0.00	1747745.00	562829.00	0.00	35.00	0.00	2070365.00	757536.00	0.00	757388.00	555412.00	29.00	0.00	0.00	1987841.00	990060.00	0.00	990358.00	7417.00	0.00	0.00	0.00	6.00	0.00	0.00	0.00	0.00	42.00	2309791.00	
47	4313570.00	2465580.00	8184.00	1831432.00	0.00	8375.00	4297471.00	1831517.00	0.00	1831693.00	634264.00	0.00	1.00	0.00	2183200.00	776331.00	0.00	776125.00	630744.00	0.00	0.00	0.00	2114277.00	1055187.00	0.00	1055569.00	3520.00	0.00	0.00	0.00	1.00	0.00	0.00	0.00	0.00	10.00	2465583.00	
48	4362822.00	2507567.00	2288.00	1850856.00	0.00	2111.00	4358221.00	1850714.00	0.00	1850790.00	656669.00	0.00	32.00	0.00	2225674.00	785573.00	0.00	785634.00	654440.00	27.00	0.00	0.00	2132532.00	1065141.00	0.00	1065157.00	2229.00	0.00	0.00	0.00	5.00	0.00	0.00	0.00	0.00	4.00	2507569.00	
49	4362977.00	2504985.00	3418.00	1851178.00	0.00	3396.00	4356687.00	1851404.00	0.00	1851397.00	653832.00	0.00	10.00	0.00	2236704.00	792619.00	0.00	792421.00	651657.00	7.00	0.00	0.00	2119941.00	1058787.00	0.00	1058976.00	2175.00	0.00	0.00	0.00	3.00	0.00	0.00	0.00	0.00	8.00	2504991.00	
50	4366887.00	2509469.00	2428.00	1852541.00	0.00	2449.00	4362199.00	1852652.00	0.00	1852583.00	656944.00	0.00	25.00	0.00	2255492.00	800119.00	0.00	800188.00	655164.00	20.00	0.00	0.00	2106714.00	1052535.00	0.00	1052395.00	1779.00	0.00	0.00	0.00	5.00	0.00	0.00	0.00	0.00	6.00	2509466.00	
51	4364560.00	2505711.00	3147.00	1852654.00	0.00	3048.00	4358538.00	1852675.00	0.00	1852687.00	653132.00	0.00	5.00	0.00	2260260.00	804367.00	0.00	804326.00	651565.00	3.00	0.00	0.00	2098242.00	1048310.00	0.00	1048362.00	1568.00	0.00	0.00	0.00	2.00	0.00	0.00	0.00	0.00	9.00	2505717.00	
52	4370250.00	2509810.00	2843.00	1854612.00	0.00	2986.00	4363180.00	1854122.00	0.00	1854095.00	654996.00	0.00	25.00	0.00	2277180.00	811864.00	0.00	811903.00	653399.00	15.00	0.00	0.00	2086058.00	1042258.00	0.00	1042192.00	1598.00	0.00	0.00	0.00	10.00	0.00	0.00	0.00	0.00	6.00	2509817.00	
53	4380607.00	2518072.00	1728.00	1859130.00	0.00	1678.00	4377307.00	1859200.00	0.00	1859124.00	658866.00	0.00	17.00	0.00	2287430.00	815052.00	0.00	814963.00	657403.00	12.00	0.00	0.00	2089778.00	1044148.00	0.00	1044162.00	1463.00	0.00	0.00	0.00	5.00	0.00	0.00	0.00	0.00	7.00	2518078.00	
54	4378481.00	2516674.00	1943.00	1858039.00	0.00	1826.00	4375368.00	1858167.00	0.00	1858265.00	658870.00	0.00	15.00	0.00	2302754.00	822547.00	0.00	822552.00	657641.00	13.00	0.00	0.00	2072566.00	1035621.00	0.00	1035714.00	1229.00	0.00	0.00	0.00	2.00	0.00	0.00	0.00	0.00	6.00	2516677.00	
55	4381320.00	2520835.00	1240.00	1858107.00	0.00	1139.00	4378376.00	1857955.00	0.00	1857925.00	662535.00	0.00	21.00	0.00	2312848.00	825771.00	0.00	825793.00	661266.00	19.00	0.00	0.00	2065589.00	1032185.00	0.00	1032133.00	1269.00	0.00	0.00	0.00	2.00	0.00	0.00	0.00	0.00	13.00	2520845.00	
56	4359692.00	2503430.00	2763.00	1850858.00	0.00	2641.00	4353622.00	1850558.00	0.00	1850499.00	652485.00	0.00	8.00	0.00	2318027.00	833367.00	0.00	833366.00	651290.00	5.00	0.00	0.00	2035523.00	1017191.00	0.00	1017134.00	1195.00	0.00	0.00	0.00	3.00	0.00	0.00	0.00	0.00	4.00	2503429.00	
57	4388352.00	2524638.00	1183.00	1861395.00	0.00	1137.00	4385997.00	1861457.00	0.00	1861429.00	663139.00	0.00	19.00	0.00	2339796.00	838848.00	0.00	838859.00	662072.00	17.00	0.00	0.00	2046249.00	1022609.00	0.00	1022571.00	1067.00	0.00	0.00	0.00	2.00	0.00	0.00	0.00	0.00	7.00	2524646.00	
58	4368575.00	2509160.00	2470.00	1854528.00	0.00	2417.00	4364663.00	1854861.00	0.00	1854848.00	654852.00	0.00	4.00	0.00	2339090.00	842669.00	0.00	842608.00	653813.00	0.00	0.00	0.00	2025476.00	1012193.00	0.00	1012240.00	1039.00	0.00	0.00	0.00	4.00	0.00	0.00	0.00	0.00	6.00	2509164.00	
59	4391877.00	2528530.00	655.00	1862068.00	0.00	624.00	4390344.00	1862000.00	0.00	1861993.00	666350.00	0.00	25.00	0.00	2359142.00	846822.00	0.00	846841.00	665458.00	21.00	0.00	0.00	2031226.00	1015178.00	0.00	1015152.00	892.00	0.00	0.00	0.00	4.00	0.00	0.00	0.00	0.00	5.00	2528536.00	
60	4392322.00	2525221.00	1453.00	1864255.00	0.00	1393.00	4390917.00	1864965.00	0.00	1864844.00	661153.00	0.00	4.00	0.00	2365900.00	852881.00	0.00	852806.00	660213.00	0.00	0.00	0.00	2025066.00	1012084.00	0.00	1012038.00	940.00	0.00	0.00	0.00	4.00	0.00	0.00	0.00	0.00	13.00	2525231.00	
61	4403627.00	2534976.00	582.00	1867526.00	0.00	543.00	4401018.00	1866829.00	0.00	1866878.00	667221.00	0.00	15.00	0.00	2384711.00	859185.00	0.00	859127.00	666387.00	12.00	0.00	0.00	2016234.00	1007645.00	0.00	1007751.00	835.00	0.00	0.00	0.00	3.00	0.00	0.00	0.00	0.00	4.00	2534976.00	
62	4397451.00	2529475.00	1012.00	1866063.00	0.00	902.00	4396392.00	1866282.00	0.00	1866412.00	663673.00	0.00	7.00	0.00	2383950.00	860416.00	0.00	860547.00	662983.00	4.00	0.00	0.00	2012423.00	1005866.00	0.00	1005865.00	690.00	0.00	0.00	0.00	3.00	0.00	0.00	0.00	0.00	6.00	2529478.00	
63	4401616.00	2532251.00	639.00	1868073.00	0.00	653.00	4400287.00	1868100.00	0.00	1868078.00	664044.00	0.00	14.00	0.00	2399596.00	868110.00	0.00	868067.00	663408.00	11.00	0.00	0.00	2000647.00	999991.00	0.00	1000016.00	637.00	0.00	0.00	0.00	3.00	0.00	0.00	0.00	0.00	7.00	2532252.00	
64	4395420.00	2529471.00	875.00	1864233.00	0.00	842.00	4394187.00	1864474.00	0.00	1864417.00	665280.00	0.00	12.00	0.00	2401149.00	868295.00	0.00	868256.00	664589.00	9.00	0.00	0.00	1993036.00	996181.00	0.00	996161.00	691.00	0.00	0.00	0.00	3.00	0.00	0.00	0.00	0.00	11.00	2529475.00	
65	4389582.00	2524321.00	1166.00	1862999.00	0.00	1096.00	4385854.00	1862372.00	0.00	1862342.00	661142.00	0.00	7.00	0.00	2406806.00	873169.00	0.00	873149.00	660482.00	6.00	0.00	0.00	1979058.00	989204.00	0.00	989194.00	660.00	0.00	0.00	0.00	1.00	0.00	0.00	0.00	0.00	7.00	2524327.00	
66	4386113.00	2524838.00	529.00	1860256.00	0.00	490.00	4385978.00	1860585.00	0.00	1860599.00	664772.00	0.00	23.00	0.00	2412334.00	874091.00	0.00	874060.00	664165.00	16.00	0.00	0.00	1973646.00	986494.00	0.00	986538.00	607.00	0.00	0.00	0.00	7.00	0.00	0.00	0.00	0.00	5.00	2524844.00	
67	4400715.00	2531860.00	712.00	1867485.00	0.00	658.00	4399639.00	1867603.00	0.00	1867560.00	664446.00	0.00	7.00	0.00	2424246.00	880230.00	0.00	880218.00	663793.00	5.00	0.00	0.00	1975372.00	987374.00	0.00	987343.00	653.00	0.00	0.00	0.00	2.00	0.00	0.00	0.00	0.00	6.00	2531859.00	
68	4399494.00	2532795.00	330.00	1866105.00	0.00	265.00	4397497.00	1865573.00	0.00	1865496.00	666334.00	0.00	12.00	0.00	2432939.00	883524.00	0.00	883617.00	665786.00	12.00	0.00	0.00	1964478.00	982051.00	0.00	981878.00	548.00	0.00	0.00	0.00	0.00	0.00	0.00	0.00	0.00	7.00	2532802.00	
69	4390174.00	2524980.00	799.00	1863638.00	0.00	758.00	4389532.00	1863964.00	0.00	1864054.00	661610.00	0.00	0.00	0.00	2432635.00	885847.00	0.00	885744.00	661046.00	0.00	0.00	0.00	1956995.00	978119.00	0.00	978311.00	565.00	0.00	0.00	0.00	0.00	0.00	0.00	0.00	0.00	11.00	2524991.00	
70	4397991.00	2531482.00	603.00	1865393.00	0.00	514.00	4395981.00	1864993.00	0.00	1864944.00	665913.00	0.00	23.00	0.00	2447604.00	891074.00	0.00	891112.00	665399.00	20.00	0.00	0.00	1948273.00	973921.00	0.00	973835.00	514.00	0.00	0.00	0.00	3.00	0.00	0.00	0.00	0.00	6.00	2531486.00	
71	4388508.00	2524595.00	724.00	1862490.00	0.00	699.00	4388944.00	1863355.00	0.00	1863328.00	662317.00	0.00	12.00	0.00	2447894.00	893042.00	0.00	892987.00	661854.00	11.00	0.00	0.00	1941118.00	970313.00	0.00	970341.00	463.00	0.00	0.00	0.00	1.00	0.00	0.00	0.00	0.00	6.00	2524597.00	
72	2443779.00	1322373.00	103796.00	978122.00	0.00	39488.00	2294708.00	976164.00	0.00	976881.00	341589.00	0.00	103.00	0.00	108499.00	53361.00	0.00	54955.00	148.00	34.00	0.00	0.00	2186239.00	922804.00	0.00	921926.00	341440.00	0.00	0.00	0.00	69.00	0.00	0.00	0.00	0.00	84.00	1322376.00	
73	2787539.00	1518218.00	93161.00	1131007.00	0.00	45153.00	2650101.00	1131255.00	0.00	1129893.00	388701.00	0.00	151.00	0.00	354552.00	122055.00	0.00	121922.00	110469.00	106.00	0.00	0.00	2295448.00	1009200.00	0.00	1007971.00	278232.00	0.00	0.00	0.00	45.00	0.00	0.00	0.00	0.00	159.00	1518229.00	
74	3382765.00	1855697.00	61778.00	1416434.00	0.00	48856.00	3272697.00	1416713.00	0.00	1416375.00	439311.00	0.00	177.00	0.00	947475.00	321181.00	0.00	321090.00	305083.00	121.00	0.00	0.00	2325101.00	1095532.00	0.00	1095285.00	134228.00	0.00	0.00	0.00	56.00	0.00	0.00	0.00	0.00	5.00	1855697.00	
75	3426102.00	1875976.00	60033.00	1441038.00	0.00	49057.00	3317211.00	1441081.00	0.00	1440933.00	435029.00	0.00	122.00	0.00	1024190.00	349142.00	0.00	349051.00	325926.00	71.00	0.00	0.00	2292975.00	1091939.00	0.00	1091882.00	109103.00	0.00	0.00	0.00	51.00	0.00	0.00	0.00	0.00	2.00	1875979.00	
76	3681761.00	2034712.00	48285.00	1556071.00	0.00	42693.00	3591012.00	1556080.00	0.00	1555897.00	478717.00	0.00	143.00	0.00	1246002.00	423004.00	0.00	422965.00	399931.00	102.00	0.00	0.00	2344838.00	1133077.00	0.00	1132933.00	78787.00	0.00	0.00	0.00	41.00	0.00	0.00	0.00	0.00	3.00	2034713.00	
77	3681654.00	2030098.00	48440.00	1559328.00	0.00	43790.00	3589924.00	1559542.00	0.00	1559544.00	470755.00	0.00	72.00	0.00	1284207.00	440757.00	0.00	440664.00	402752.00	35.00	0.00	0.00	2305706.00	1118785.00	0.00	1118880.00	68004.00	0.00	0.00	0.00	37.00	0.00	0.00	0.00	0.00	6.00	2030105.00	
78	3847334.00	2139806.00	40618.00	1630863.00	0.00	36047.00	3770580.00	1630786.00	0.00	1630533.00	509048.00	0.00	134.00	0.00	1427118.00	485005.00	0.00	484936.00	457086.00	91.00	0.00	0.00	2343387.00	1145784.00	0.00	1145598.00	51962.00	0.00	0.00	0.00	43.00	0.00	0.00	0.00	0.00	6.00	2139813.00	
79	3758915.00	2075557.00	44725.00	1598783.00	0.00	39850.00	3674586.00	1598752.00	0.00	1598896.00	476876.00	0.00	38.00	0.00	1436980.00	502879.00	0.00	502827.00	431257.00	17.00	0.00	0.00	2237582.00	1095873.00	0.00	1096069.00	45619.00	0.00	0.00	0.00	21.00	0.00	0.00	0.00	0.00	2.00	2075564.00	
80	3934336.00	2198969.00	33754.00	1670237.00	0.00	31376.00	3869121.00	1670228.00	0.00	1669912.00	528741.00	0.00	113.00	0.00	1552258.00	530560.00	0.00	530560.00	491055.00	83.00	0.00	0.00	2316737.00	1139669.00	0.00	1139352.00	37686.00	0.00	0.00	0.00	30.00	0.00	0.00	0.00	0.00	4.00	2198971.00	
81	3861907.00	2144086.00	38452.00	1642821.00	0.00	36549.00	3787501.00	1643019.00	0.00	1643144.00	501267.00	0.00	31.00	0.00	1557048.00	544985.00	0.00	544908.00	467149.00	6.00	0.00	0.00	2230413.00	1098035.00	0.00	1098235.00	34118.00	0.00	0.00	0.00	25.00	0.00	0.00	0.00	0.00	7.00	2144086.00	
82	4052387.00	2278618.00	26992.00	1721004.00	0.00	25773.00	3999528.00	1721004.00	0.00	1720818.00	557570.00	0.00	95.00	0.00	1665688.00	568111.00	0.00	568145.00	529365.00	67.00	0.00	0.00	2333800.00	1152893.00	0.00	1152674.00	28205.00	0.00	0.00	0.00	28.00	0.00	0.00	0.00	0.00	5.00	2278625.00	
83	3976048.00	2220334.00	31962.00	1692811.00	0.00	30941.00	3913218.00	1692674.00	0.00	1692956.00	527547.00	0.00	30.00	0.00	1663508.00	581215.00	0.00	581119.00	501169.00	5.00	0.00	0.00	2249704.00	1111460.00	0.00	1111840.00	26379.00	0.00	0.00	0.00	25.00	0.00	0.00	0.00	0.00	3.00	2220334.00	
84	4112540.00	2320864.00	23223.00	1746487.00	0.00	21967.00	4066428.00	1746204.00	0.00	1745886.00	574193.00	0.00	94.00	0.00	1754964.00	601806.00	0.00	601867.00	551221.00	70.00	0.00	0.00	2311416.00	1144401.00	0.00	1144019.00	22972.00	0.00	0.00	0.00	24.00	0.00	0.00	0.00	0.00	7.00	2320867.00	
85	4001013.00	2236388.00	31411.00	1703620.00	0.00	29594.00	3941208.00	1703937.00	0.00	1704185.00	533032.00	0.00	21.00	0.00	1733262.00	611194.00	0.00	610949.00	511110.00	8.00	0.00	0.00	2207915.00	1092746.00	0.00	1093236.00	21922.00	0.00	0.00	0.00	13.00	0.00	0.00	0.00	0.00	3.00	2236393.00	
86	4220996.00	2398887.00	14822.00	1792999.00	0.00	14289.00	4191454.00	1792958.00	0.00	1792489.00	605806.00	0.00	52.00	0.00	1867802.00	638724.00	0.00	638810.00	590220.00	48.00	0.00	0.00	2323507.00	1154235.00	0.00	1153681.00	15587.00	0.00	0.00	0.00	4.00	0.00	0.00	0.00	0.00	4.00	2398892.00	
87	4097925.00	2304852.00	24379.00	1745426.00	0.00	23269.00	4051344.00	1745711.00	0.00	1745993.00	559638.00	0.00	9.00	0.00	1844134.00	649197.00	0.00	649069.00	545871.00	0.00	0.00	0.00	2207219.00	1096518.00	0.00	1096925.00	13767.00	0.00	0.00	0.00	9.00	0.00	0.00	0.00	0.00	5.00	2304854.00	
88	4226507.00	2399710.00	14749.00	1797852.00	0.00	14196.00	4197233.00	1797763.00	0.00	1797648.00	601760.00	0.00	57.00	0.00	1923341.00	666145.00	0.00	666235.00	590916.00	45.00	0.00	0.00	2273889.00	1131618.00	0.00	1131414.00	10845.00	0.00	0.00	0.00	12.00	0.00	0.00	0.00	0.00	7.00	2399718.00	
89	4105154.00	2306692.00	24460.00	1750265.00	0.00	23739.00	4058054.00	1750621.00	0.00	1750766.00	556579.00	0.00	10.00	0.00	1893522.00	674194.00	0.00	673930.00	545396.00	2.00	0.00	0.00	2164457.00	1076427.00	0.00	1076839.00	11184.00	0.00	0.00	0.00	8.00	0.00	0.00	0.00	0.00	3.00	2306693.00	
90	4267261.00	2430820.00	10613.00	1815015.00	0.00	10813.00	4245438.00	1814835.00	0.00	1814797.00	615737.00	0.00	58.00	0.00	1992159.00	692217.00	0.00	692379.00	607515.00	46.00	0.00	0.00	2253269.00	1122618.00	0.00	1122417.00	8222.00	0.00	0.00	0.00	12.00	0.00	0.00	0.00	0.00	4.00	2430822.00	
91	4208160.00	2383958.00	16216.00	1792024.00	0.00	15962.00	4176253.00	1792092.00	0.00	1792209.00	591850.00	0.00	17.00	0.00	1980857.00	698658.00	0.00	698400.00	583790.00	9.00	0.00	0.00	2195314.00	1093435.00	0.00	1093811.00	8060.00	0.00	0.00	0.00	8.00	0.00	0.00	0.00	0.00	4.00	2383960.00	
92	4316055.00	2466757.00	6948.00	1835496.00	0.00	6854.00	4300280.00	1834755.00	0.00	1834473.00	631049.00	0.00	49.00	0.00	2053818.00	714217.00	0.00	714403.00	625154.00	44.00	0.00	0.00	2246509.00	1120538.00	0.00	1120071.00	5895.00	0.00	0.00	0.00	5.00	0.00	0.00	0.00	0.00	5.00	2466762.00	
93	4276523.00	2436105.00	11214.00	1818791.00	0.00	10414.00	4257105.00	1819632.00	0.00	1819840.00	617620.00	0.00	13.00	0.00	2050927.00	719667.00	0.00	719482.00	611770.00	9.00	0.00	0.00	2206178.00	1099965.00	0.00	1100357.00	5851.00	0.00	0.00	0.00	4.00	0.00	0.00	0.00	0.00	4.00	2436109.00	
94	4333905.00	2479324.00	6271.00	1842464.00	0.00	5846.00	4321058.00	1842136.00	0.00	1842073.00	636712.00	0.00	43.00	0.00	2100626.00	734186.00	0.00	734219.00	632185.00	36.00	0.00	0.00	2220339.00	1107951.00	0.00	1107855.00	4527.00	0.00	0.00	0.00	7.00	0.00	0.00	0.00	0.00	6.00	2479327.00	
95	4297049.00	2448521.00	10049.00	1828480.00	0.00	9999.00	4277556.00	1828651.00	0.00	1828776.00	620186.00	0.00	5.00	0.00	2096946.00	740712.00	0.00	740640.00	615591.00	3.00	0.00	0.00	2180673.00	1087940.00	0.00	1088136.00	4595.00	0.00	0.00	0.00	2.00	0.00	0.00	0.00	0.00	4.00	2448528.00	
96	4356003.00	2496507.00	4031.00	1851434.00	0.00	4031.00	4348888.00	1851952.00	0.00	1851721.00	645151.00	0.00	19.00	0.00	2144608.00	751424.00	0.00	751440.00	641728.00	16.00	0.00	0.00	2204236.00	1100528.00	0.00	1100282.00	3423.00	0.00	0.00	0.00	3.00	0.00	0.00	0.00	0.00	4.00	2496507.00	
97	4299942.00	2451502.00	9645.00	1829292.00	0.00	9504.00	4279472.00	1828591.00	0.00	1828805.00	622016.00	0.00	19.00	0.00	2125416.00	753460.00	0.00	753423.00	618524.00	11.00	0.00	0.00	2154015.00	1075132.00	0.00	1075382.00	3493.00	0.00	0.00	0.00	8.00	0.00	0.00	0.00	0.00	8.00	2451504.00	
98	4359095.00	2498780.00	3580.00	1853302.00	0.00	3433.00	4353104.00	1853734.00	0.00	1853656.00	645708.00	0.00	24.00	0.00	2172496.00	764775.00	0.00	764785.00	642915.00	21.00	0.00	0.00	2180627.00	1088960.00	0.00	1088871.00	2793.00	0.00	0.00	0.00	3.00	0.00	0.00	0.00	0.00	5.00	2498788.00	
99	4373932.00	2507985.00	3253.00	1859388.00	0.00	3307.00	4367421.00	1859479.00	0.00	1859440.00	648426.00	0.00	17.00	0.00	2188864.00	771668.00	0.00	771564.00	645618.00	14.00	0.00	0.00	2178504.00	1087818.00	0.00	1087876.00	2808.00	0.00	0.00	0.00	3.00	0.00	0.00	0.00	0.00	0.00	2507984.00	
100	4368685.00	2504969.00	3180.00	1857447.00	0.00	3089.00	4362219.00	1857276.00	0.00	1857315.00	647552.00	0.00	26.00	0.00	2211386.00	782861.00	0.00	782830.00	645670.00	25.00	0.00	0.00	2150783.00	1074414.00	0.00	1074486.00	1882.00	0.00	0.00	0.00	1.00	0.00	0.00	0.00	0.00	6.00	2504975.00	
101	4344254.00	2484777.00	5733.00	1847993.00	0.00	5752.00	4332110.00	1847702.00	0.00	1847615.00	636803.00	0.00	16.00	0.00	2208988.00	786911.00	0.00	786895.00	635172.00	10.00	0.00	0.00	2123149.00	1060791.00	0.00	1060720.00	1632.00	0.00	0.00	0.00	6.00	0.00	0.00	0.00	0.00	6.00	2484787.00	
102	4365441.00	2502074.00	3592.00	1856197.00	0.00	3578.00	4359702.00	1856862.00	0.00	1856809.00	645928.00	0.00	28.00	0.00	2238721.00	797140.00	0.00	797161.00	644394.00	26.00	0.00	0.00	2120908.00	1059723.00	0.00	1059649.00	1534.00	0.00	0.00	0.00	2.00	0.00	0.00	0.00	0.00	3.00	2502078.00	
103	4385512.00	2516648.00	2426.00	1864054.00	0.00	2385.00	4381434.00	1864226.00	0.00	1864324.00	652771.00	0.00	19.00	0.00	2254909.00	801794.00	0.00	801768.00	651331.00	15.00	0.00	0.00	2126432.00	1062433.00	0.00	1062556.00	1440.00	0.00	0.00	0.00	4.00	0.00	0.00	0.00	0.00	7.00	2516645.00	
104	4364819.00	2499012.00	4393.00	1857103.00	0.00	4312.00	4355185.00	1856835.00	0.00	1856639.00	641759.00	0.00	16.00	0.00	2261200.00	810444.00	0.00	810389.00	640355.00	12.00	0.00	0.00	2094051.00	1046394.00	0.00	1046250.00	1403.00	0.00	0.00	0.00	4.00	0.00	0.00	0.00	0.00	4.00	2499023.00	
105	4388836.00	2518690.00	2215.00	1865818.00	0.00	2113.00	4384082.00	1865597.00	0.00	1865671.00	652766.00	0.00	24.00	0.00	2279991.00	814243.00	0.00	814255.00	651473.00	21.00	0.00	0.00	2104068.00	1051354.00	0.00	1051417.00	1294.00	0.00	0.00	0.00	3.00	0.00	0.00	0.00	0.00	5.00	2518694.00	
106	4383982.00	2517829.00	1887.00	1862484.00	0.00	1783.00	4380353.00	1862390.00	0.00	1862358.00	655522.00	0.00	21.00	0.00	2297461.00	821530.00	0.00	821607.00	654305.00	19.00	0.00	0.00	2082835.00	1040865.00	0.00	1040752.00	1218.00	0.00	0.00	0.00	2.00	0.00	0.00	0.00	0.00	7.00	2517834.00	
107	4390906.00	2520111.00	1840.00	1867107.00	0.00	1848.00	4387301.00	1867233.00	0.00	1867282.00	652787.00	0.00	22.00	0.00	2303114.00	825818.00	0.00	825709.00	651571.00	16.00	0.00	0.00	2084210.00	1041415.00	0.00	1041573.00	1216.00	0.00	0.00	0.00	6.00	0.00	0.00	0.00	0.00	4.00	2520117.00	
108	4384015.00	2514582.00	2670.00	1864141.00	0.00	2623.00	4378841.00	1864109.00	0.00	1864107.00	650580.00	0.00	7.00	0.00	2312446.00	831573.00	0.00	831550.00	649318.00	4.00	0.00	0.00	2066357.00	1032536.00	0.00	1032557.00	1261.00	0.00	0.00	0.00	3.00	0.00	0.00	0.00	0.00	2.00	2514580.00	
109	4404617.00	2530739.00	622.00	1872672.00	0.00	585.00	4404483.00	1873129.00	0.00	1873086.00	658231.00	0.00	17.00	0.00	2330595.00	836722.00	0.00	836710.00	657147.00	17.00	0.00	0.00	2073870.00	1036408.00	0.00	1036378.00	1085.00	0.00	0.00	0.00	0.00	0.00	0.00	0.00	0.00	5.00	2530739.00	
110	4392168.00	2522521.00	1288.00	1867059.00	0.00	1300.00	4388800.00	1866797.00	0.00	1866752.00	655257.00	0.00	2.00	0.00	2335649.00	840747.00	0.00	840744.00	654157.00	1.00	0.00	0.00	2053160.00	1026050.00	0.00	1026010.00	1100.00	0.00	0.00	0.00	1.00	0.00	0.00	0.00	0.00	5.00	2522533.00	
111	4394529.00	2526629.00	444.00	1867022.00	0.00	435.00	4393186.00	1866830.00	0.00	1866834.00	659463.00	0.00	15.00	0.00	2341116.00	841461.00	0.00	841473.00	658168.00	14.00	0.00	0.00	2052026.00	1025369.00	0.00	1025361.00	1295.00	0.00	0.00	0.00	1.00	0.00	0.00	0.00	0.00	5.00	2526626.00	
112	4369270.00	2506299.00	2713.00	1857567.00	0.00	2691.00	4364821.00	1857897.00	0.00	1857870.00	649070.00	0.00	2.00	0.00	2337258.00	844665.00	0.00	844696.00	647897.00	1.00	0.00	0.00	2027583.00	1013232.00	0.00	1013176.00	1174.00	0.00	0.00	0.00	1.00	0.00	0.00	0.00	0.00	6.00	2506302.00	
113	4398993.00	2527846.00	677.00	1869772.00	0.00	698.00	4396784.00	1869484.00	0.00	1869498.00	657807.00	0.00	20.00	0.00	2359646.00	851511.00	0.00	851396.00	656719.00	20.00	0.00	0.00	2037166.00	1017975.00	0.00	1018103.00	1089.00	0.00	0.00	0.00	0.00	0.00	0.00	0.00	0.00	5.00	2527852.00	
114	4396040.00	2525051.00	1227.00	1868638.00	0.00	1125.00	4393638.00	1868581.00	0.00	1868602.00	656417.00	0.00	3.00	0.00	2363671.00	854178.00	0.00	854209.00	655284.00	0.00	0.00	0.00	2029934.00	1014404.00	0.00	1014393.00	1134.00	0.00	0.00	0.00	3.00	0.00	0.00	0.00	0.00	4.00	2525052.00	
115	4388408.00	2521612.00	1243.00	1864252.00	0.00	1301.00	4386090.00	1864383.00	0.00	1864282.00	657366.00	0.00	29.00	0.00	2370867.00	857263.00	0.00	857287.00	656294.00	23.00	0.00	0.00	2015198.00	1007123.00	0.00	1006997.00	1072.00	0.00	0.00	0.00	6.00	0.00	0.00	0.00	0.00	5.00	2521609.00	
116	4396229.00	2524040.00	1551.00	1869157.00	0.00	1482.00	4392827.00	1868991.00	0.00	1869031.00	654748.00	0.00	9.00	0.00	2376190.00	861280.00	0.00	861229.00	653675.00	6.00	0.00	0.00	2016593.00	1007713.00	0.00	1007804.00	1073.00	0.00	0.00	0.00	3.00	0.00	0.00	0.00	0.00	6.00	2524047.00	
117	4393500.00	2522998.00	1338.00	1867813.00	0.00	1351.00	4390303.00	1867551.00	0.00	1867576.00	655215.00	0.00	20.00	0.00	2387629.00	866730.00	0.00	866773.00	654106.00	20.00	0.00	0.00	2002733.00	1000821.00	0.00	1000803.00	1109.00	0.00	0.00	0.00	0.00	0.00	0.00	0.00	0.00	3.00	2523007.00	
118	4397361.00	2527159.00	681.00	1868938.00	0.00	583.00	4398216.00	1869839.00	0.00	1869825.00	658519.00	0.00	11.00	0.00	2395380.00	868934.00	0.00	868917.00	657519.00	11.00	0.00	0.00	2002816.00	1000907.00	0.00	1000909.00	1000.00	0.00	0.00	0.00	0.00	0.00	0.00	0.00	0.00	5.00	2527162.00	
119	4388638.00	2522417.00	747.00	1864845.00	0.00	630.00	4387271.00	1864826.00	0.00	1864795.00	657600.00	0.00	14.00	0.00	2404544.00	873971.00	0.00	873937.00	656624.00	12.00	0.00	0.00	1982691.00	990855.00	0.00	990858.00	976.00	0.00	0.00	0.00	2.00	0.00	0.00	0.00	0.00	6.00	2522420.00	
120	4411526.00	2534934.00	707.00	1875177.00	0.00	710.00	4408705.00	1874643.00	0.00	1874557.00	659453.00	0.00	12.00	0.00	2417451.00	879547.00	0.00	879471.00	658420.00	12.00	0.00	0.00	1991215.00	995097.00	0.00	995085.00	1033.00	0.00	0.00	0.00	0.00	0.00	0.00	0.00	0.00	2.00	2534941.00	
121	4389864.00	2521322.00	1403.00	1865780.00	0.00	1359.00	4386953.00	1865620.00	0.00	1865771.00	655539.00	0.00	6.00	0.00	2417044.00	881174.00	0.00	881249.00	654615.00	5.00	0.00	0.00	1969893.00	984446.00	0.00	984523.00	923.00	0.00	0.00	0.00	1.00	0.00	0.00	0.00	0.00	7.00	2521323.00	
122	3003891.00	1673570.00	74897.00	1208629.00	0.00	46795.00	2879520.00	1207729.00	0.00	1206880.00	464523.00	0.00	260.00	0.00	490140.00	158081.00	0.00	159383.00	172497.00	180.00	0.00	0.00	2389257.00	1049652.00	0.00	1047498.00	292027.00	0.00	0.00	0.00	80.00	0.00	0.00	0.00	0.00	9.00	1673570.00	
123	3256340.00	1773790.00	64343.00	1365524.00	0.00	52683.00	3139416.00	1365636.00	0.00	1365504.00	408093.00	0.00	127.00	0.00	914310.00	316625.00	0.00	316633.00	280986.00	66.00	0.00	0.00	2225051.00	1049011.00	0.00	1048874.00	127107.00	0.00	0.00	0.00	61.00	0.00	0.00	0.00	0.00	9.00	1773795.00	
124	3497462.00	1925288.00	56892.00	1468368.00	0.00	46916.00	3394011.00	1468424.00	0.00	1468236.00	457035.00	0.00	156.00	0.00	1056241.00	352410.00	0.00	352296.00	351430.00	105.00	0.00	0.00	2337612.00	1116015.00	0.00	1115941.00	105605.00	0.00	0.00	0.00	51.00	0.00	0.00	0.00	0.00	11.00	1925288.00	
125	3602252.00	1981469.00	51750.00	1524067.00	0.00	44966.00	3505385.00	1524085.00	0.00	1523891.00	457325.00	0.00	99.00	0.00	1232995.00	424735.00	0.00	424761.00	383440.00	59.00	0.00	0.00	2272404.00	1099350.00	0.00	1099129.00	73885.00	0.00	0.00	0.00	40.00	0.00	0.00	0.00	0.00	10.00	1981473.00	
126	3690242.00	2036926.00	47748.00	1563277.00	0.00	42292.00	3600851.00	1563389.00	0.00	1563428.00	473779.00	0.00	96.00	0.00	1289723.00	440495.00	0.00	440347.00	408827.00	54.00	0.00	0.00	2310970.00	1122895.00	0.00	1123081.00	64952.00	0.00	0.00	0.00	42.00	0.00	0.00	0.00	0.00	8.00	2036927.00	
127	3838388.00	2134043.00	39664.00	1628997.00	0.00	35685.00	3763212.00	1629108.00	0.00	1629032.00	504991.00	0.00	97.00	0.00	1431731.00	487170.00	0.00	487124.00	457375.00	63.00	0.00	0.00	2331499.00	1141938.00	0.00	1141912.00	47616.00	0.00	0.00	0.00	34.00	0.00	0.00	0.00	0.00	10.00	2134049.00	
128	3705107.00	2036325.00	47114.00	1579108.00	0.00	42561.00	3614902.00	1578880.00	0.00	1578632.00	457193.00	0.00	84.00	0.00	1416739.00	500106.00	0.00	500057.00	416527.00	48.00	0.00	0.00	2198053.00	1078775.00	0.00	1078576.00	40666.00	0.00	0.00	0.00	36.00	0.00	0.00	0.00	0.00	13.00	2036327.00	
129	3893573.00	2164792.00	36856.00	1657381.00	0.00	34545.00	3822961.00	1657648.00	0.00	1657566.00	507651.00	0.00	102.00	0.00	1551262.00	538232.00	0.00	538237.00	474722.00	72.00	0.00	0.00	2271705.00	1119416.00	0.00	1119329.00	32930.00	0.00	0.00	0.00	30.00	0.00	0.00	0.00	0.00	9.00	2164799.00	
130	3920860.00	2181830.00	35213.00	1670106.00	0.00	33711.00	3852586.00	1670279.00	0.00	1670425.00	511738.00	0.00	56.00	0.00	1586067.00	552162.00	0.00	551912.00	481966.00	27.00	0.00	0.00	2266433.00	1118119.00	0.00	1118513.00	29772.00	0.00	0.00	0.00	29.00	0.00	0.00	0.00	0.00	10.00	2181832.00	
131	4021458.00	2252880.00	28776.00	1712722.00	0.00	27080.00	3964021.00	1712170.00	0.00	1711795.00	539907.00	0.00	97.00	0.00	1683597.00	582336.00	0.00	582582.00	518605.00	75.00	0.00	0.00	2280376.00	1129836.00	0.00	1129216.00	21302.00	0.00	0.00	0.00	22.00	0.00	0.00	0.00	0.00	9.00	2252886.00	
132	3912154.00	2168777.00	36772.00	1671852.00	0.00	34753.00	3842095.00	1672284.00	0.00	1672569.00	497229.00	0.00	32.00	0.00	1656664.00	590074.00	0.00	589822.00	476752.00	16.00	0.00	0.00	2185453.00	1082211.00	0.00	1082749.00	20477.00	0.00	0.00	0.00	16.00	0.00	0.00	0.00	0.00	5.00	2168785.00	
133	4040350.00	2264586.00	27099.00	1722712.00	0.00	25953.00	3986929.00	1722605.00	0.00	1722461.00	541702.00	0.00	57.00	0.00	1749006.00	612253.00	0.00	612331.00	524379.00	43.00	0.00	0.00	2237823.00	1110353.00	0.00	1110133.00	17323.00	0.00	0.00	0.00	14.00	0.00	0.00	0.00	0.00	12.00	2264590.00	
134	3973154.00	2213762.00	33223.00	1695627.00	0.00	30542.00	3910641.00	1696099.00	0.00	1696290.00	518276.00	0.00	36.00	0.00	1745416.00	622148.00	0.00	622010.00	501237.00	21.00	0.00	0.00	2165283.00	1073949.00	0.00	1074280.00	17039.00	0.00	0.00	0.00	15.00	0.00	0.00	0.00	0.00	9.00	2213768.00	
135	4177756.00	2362529.00	18820.00	1777999.00	0.00	18408.00	4140432.00	1777985.00	0.00	1777777.00	584477.00	0.00	54.00	0.00	1858121.00	643524.00	0.00	643593.00	570961.00	43.00	0.00	0.00	2282173.00	1134461.00	0.00	1134184.00	13517.00	0.00	0.00	0.00	11.00	0.00	0.00	0.00	0.00	9.00	2362530.00	
136	4100088.00	2303352.00	25186.00	1747358.00	0.00	24192.00	4051561.00	1747553.00	0.00	1747783.00	556209.00	0.00	17.00	0.00	1842309.00	650321.00	0.00	650158.00	541826.00	4.00	0.00	0.00	2209254.00	1097233.00	0.00	1097625.00	14383.00	0.00	0.00	0.00	13.00	0.00	0.00	0.00	0.00	8.00	2303359.00	
137	4245591.00	2415491.00	12971.00	1804956.00	0.00	12174.00	4218827.00	1804415.00	0.00	1804055.00	610250.00	0.00	40.00	0.00	1932433.00	666372.00	0.00	666439.00	599590.00	32.00	0.00	0.00	2286328.00	1138043.00	0.00	1137617.00	10660.00	0.00	0.00	0.00	8.00	0.00	0.00	0.00	0.00	10.00	2415494.00	
138	4129165.00	2325112.00	22886.00	1758937.00	0.00	22230.00	4084938.00	1759124.00	0.00	1759432.00	566352.00	0.00	13.00	0.00	1891057.00	668403.00	0.00	668306.00	554344.00	4.00	0.00	0.00	2193866.00	1090721.00	0.00	1091127.00	12009.00	0.00	0.00	0.00	9.00	0.00	0.00	0.00	0.00	10.00	2325108.00	
139	4280708.00	2437480.00	11204.00	1821244.00	0.00	10780.00	4259351.00	1821567.00	0.00	1821325.00	616315.00	0.00	61.00	0.00	1987511.00	689673.00	0.00	689721.00	608066.00	51.00	0.00	0.00	2271759.00	1131894.00	0.00	1131606.00	8249.00	0.00	0.00	0.00	10.00	0.00	0.00	0.00	0.00	9.00	2437485.00	
140	4191352.00	2372056.00	17697.00	1784198.00	0.00	17400.00	4156110.00	1784053.00	0.00	1784274.00	587801.00	0.00	12.00	0.00	1968130.00	694601.00	0.00	694352.00	579171.00	6.00	0.00	0.00	2188011.00	1089452.00	0.00	1089925.00	8630.00	0.00	0.00	0.00	6.00	0.00	0.00	0.00	0.00	7.00	2372063.00	
141	4319245.00	2468902.00	7476.00	1835627.00	0.00	7240.00	4304231.00	1835746.00	0.00	1835330.00	633119.00	0.00	48.00	0.00	2048461.00	710808.00	0.00	711012.00	626600.00	40.00	0.00	0.00	2255784.00	1124938.00	0.00	1124319.00	6519.00	0.00	0.00	0.00	8.00	0.00	0.00	0.00	0.00	7.00	2468910.00	
142	4217205.00	2387974.00	16691.00	1796666.00	0.00	15874.00	4184219.00	1796220.00	0.00	1796593.00	591343.00	0.00	9.00	0.00	2010922.00	713604.00	0.00	713490.00	583825.00	3.00	0.00	0.00	2173244.00	1082616.00	0.00	1083104.00	7518.00	0.00	0.00	0.00	6.00	0.00	0.00	0.00	0.00	9.00	2387972.00	
143	4291348.00	2447231.00	9345.00	1825712.00	0.00	9060.00	4272570.00	1825706.00	0.00	1825247.00	621510.00	0.00	45.00	0.00	2070591.00	727488.00	0.00	727647.00	615413.00	43.00	0.00	0.00	2201918.00	1098219.00	0.00	1097600.00	6097.00	0.00	0.00	0.00	2.00	0.00	0.00	0.00	0.00	13.00	2447239.00	
144	4228012.00	2396813.00	16167.00	1799129.00	0.00	15904.00	4197704.00	1799783.00	0.00	1800157.00	597814.00	0.00	17.00	0.00	2052315.00	730792.00	0.00	730470.00	591044.00	9.00	0.00	0.00	2145457.00	1068991.00	0.00	1069688.00	6770.00	0.00	0.00	0.00	8.00	0.00	0.00	0.00	0.00	7.00	2396815.00	
145	4355732.00	2494875.00	4380.00	1852071.00	0.00	4407.00	4345563.00	1851625.00	0.00	1851308.00	642525.00	0.00	32.00	0.00	2132333.00	747233.00	0.00	747505.00	637565.00	30.00	0.00	0.00	2213158.00	1104393.00	0.00	1103803.00	4960.00	0.00	0.00	0.00	2.00	0.00	0.00	0.00	0.00	10.00	2494880.00	
146	4264196.00	2422293.00	13135.00	1815653.00	0.00	13115.00	4239490.00	1816032.00	0.00	1816379.00	607017.00	0.00	11.00	0.00	2097811.00	748238.00	0.00	747982.00	601587.00	4.00	0.00	0.00	2141630.00	1067794.00	0.00	1068399.00	5430.00	0.00	0.00	0.00	7.00	0.00	0.00	0.00	0.00	12.00	2422291.00	
147	4369615.00	2506164.00	3605.00	1856280.00	0.00	3566.00	4361051.00	1855838.00	0.00	1855642.00	649546.00	0.00	39.00	0.00	2170344.00	762314.00	0.00	762328.00	645670.00	33.00	0.00	0.00	2190719.00	1093522.00	0.00	1093314.00	3877.00	0.00	0.00	0.00	6.00	0.00	0.00	0.00	0.00	8.00	2506173.00	
148	4338579.00	2480166.00	6776.00	1845095.00	0.00	6542.00	4326658.00	1845506.00	0.00	1845720.00	635385.00	0.00	8.00	0.00	2167226.00	767923.00	0.00	767872.00	631429.00	2.00	0.00	0.00	2159396.00	1077585.00	0.00	1077848.00	3957.00	0.00	0.00	0.00	6.00	0.00	0.00	0.00	0.00	10.00	2480169.00	
149	4314987.00	2466868.00	6193.00	1836160.00	0.00	5766.00	4300308.00	1835304.00	0.00	1834733.00	630225.00	0.00	32.00	0.00	2174730.00	773824.00	0.00	774155.00	626722.00	29.00	0.00	0.00	2125564.00	1061480.00	0.00	1060578.00	3503.00	0.00	0.00	0.00	3.00	0.00	0.00	0.00	0.00	10.00	2466872.00	
150	3986381.00	2215365.00	32960.00	1706232.00	0.00	31824.00	3922492.00	1706606.00	0.00	1706601.00	509227.00	0.00	16.00	0.00	2025791.00	761147.00	0.00	761040.00	503596.00	8.00	0.00	0.00	1896661.00	945459.00	0.00	945563.00	5631.00	0.00	0.00	0.00	8.00	0.00	0.00	0.00	0.00	7.00	2215366.00	
151	4082372.00	2284917.00	26523.00	1745893.00	0.00	25039.00	4029925.00	1745559.00	0.00	1745469.00	538825.00	0.00	38.00	0.00	2091713.00	778814.00	0.00	778941.00	533929.00	31.00	0.00	0.00	1938178.00	966745.00	0.00	966528.00	4898.00	0.00	0.00	0.00	7.00	0.00	0.00	0.00	0.00	7.00	2284919.00	
152	3982915.00	2209343.00	34303.00	1706595.00	0.00	32674.00	3918586.00	1707640.00	0.00	1707826.00	503168.00	0.00	11.00	0.00	2048389.00	775446.00	0.00	775279.00	497654.00	10.00	0.00	0.00	1870256.00	932194.00	0.00	932547.00	5514.00	0.00	0.00	0.00	1.00	0.00	0.00	0.00	0.00	15.00	2209347.00	
153	4126925.00	2318995.00	23137.00	1762815.00	0.00	21978.00	4080079.00	1762104.00	0.00	1761918.00	555925.00	0.00	24.00	0.00	2133448.00	790785.00	0.00	790914.00	551729.00	20.00	0.00	0.00	1946526.00	971321.00	0.00	971005.00	4196.00	0.00	0.00	0.00	4.00	0.00	0.00	0.00	0.00	11.00	2318996.00	
154	4030794.00	2243931.00	31620.00	1724883.00	0.00	30361.00	3969480.00	1725215.00	0.00	1725245.00	519067.00	0.00	9.00	0.00	2090512.00	788217.00	0.00	788041.00	514248.00	7.00	0.00	0.00	1879024.00	936998.00	0.00	937205.00	4819.00	0.00	0.00	0.00	2.00	0.00	0.00	0.00	0.00	55.00	2243931.00	
155	4097360.00	2294336.00	26370.00	1751612.00	0.00	25042.00	4045095.00	1751331.00	0.00	1751236.00	542537.00	0.00	17.00	0.00	2136490.00	799172.00	0.00	799314.00	537988.00	16.00	0.00	0.00	1908631.00	952159.00	0.00	951922.00	4549.00	0.00	0.00	0.00	1.00	0.00	0.00	0.00	0.00	47.00	2294344.00	
156	4202464.00	2375822.00	17578.00	1791289.00	0.00	17775.00	4168546.00	1791705.00	0.00	1792065.00	584747.00	0.00	18.00	0.00	2195464.00	807376.00	0.00	806895.00	581181.00	13.00	0.00	0.00	1973071.00	984329.00	0.00	985171.00	3566.00	0.00	0.00	0.00	5.00	0.00	0.00	0.00	0.00	45.00	2375822.00	
157	4382094.00	2515378.00	2120.00	1862546.00	0.00	2051.00	4378965.00	1862895.00	0.00	1862928.00	653067.00	0.00	16.00	0.00	2304958.00	826918.00	0.00	826954.00	651070.00	16.00	0.00	0.00	2073949.00	1035977.00	0.00	1035974.00	1998.00	0.00	0.00	0.00	0.00	0.00	0.00	0.00	0.00	11.00	2515390.00	
158	4407540.00	2532088.00	1144.00	1873230.00	0.00	1078.00	4405059.00	1873136.00	0.00	1873134.00	658779.00	0.00	16.00	0.00	2325779.00	834390.00	0.00	834333.00	657043.00	13.00	0.00	0.00	2079285.00	1038746.00	0.00	1038800.00	1736.00	0.00	0.00	0.00	3.00	0.00	0.00	0.00	0.00	10.00	2532090.00	
159	4382163.00	2514478.00	2772.00	1862239.00	0.00	2674.00	4375017.00	1861525.00	0.00	1861499.00	651917.00	0.00	11.00	0.00	2324508.00	837223.00	0.00	837235.00	650043.00	7.00	0.00	0.00	2050448.00	1024304.00	0.00	1024264.00	1875.00	0.00	0.00	0.00	4.00	0.00	0.00	0.00	0.00	9.00	2514485.00	
160	4401249.00	2529708.00	981.00	1869697.00	0.00	863.00	4400409.00	1870164.00	0.00	1870085.00	660194.00	0.00	20.00	0.00	2340020.00	840810.00	0.00	840794.00	658400.00	16.00	0.00	0.00	2060445.00	1029356.00	0.00	1029292.00	1794.00	0.00	0.00	0.00	4.00	0.00	0.00	0.00	0.00	8.00	2529713.00	
161	4384761.00	2518619.00	1508.00	1863190.00	0.00	1444.00	4382118.00	1863248.00	0.00	1863279.00	655484.00	0.00	10.00	0.00	2346094.00	846130.00	0.00	846167.00	653789.00	8.00	0.00	0.00	2035927.00	1017118.00	0.00	1017112.00	1695.00	0.00	0.00	0.00	2.00	0.00	0.00	0.00	0.00	11.00	2518622.00	
162	4395138.00	2526480.00	886.00	1866977.00	0.00	796.00	4393838.00	1867218.00	0.00	1867179.00	659502.00	0.00	17.00	0.00	2353776.00	848028.00	0.00	847972.00	657764.00	12.00	0.00	0.00	2040141.00	1019191.00	0.00	1019207.00	1738.00	0.00	0.00	0.00	5.00	0.00	0.00	0.00	0.00	9.00	2526486.00	
163	4392228.00	2522766.00	1719.00	1866053.00	0.00	1690.00	4387547.00	1865471.00	0.00	1865433.00	656591.00	0.00	2.00	0.00	2363196.00	854141.00	0.00	854127.00	654927.00	1.00	0.00	0.00	2024303.00	1011331.00	0.00	1011308.00	1664.00	0.00	0.00	0.00	1.00	0.00	0.00	0.00	0.00	10.00	2522767.00	
164	4406157.00	2532439.00	630.00	1872541.00	0.00	547.00	4405833.00	1872878.00	0.00	1872948.00	659964.00	0.00	23.00	0.00	2378543.00	860061.00	0.00	860107.00	658352.00	23.00	0.00	0.00	2027274.00	1012820.00	0.00	1012841.00	1613.00	0.00	0.00	0.00	0.00	0.00	0.00	0.00	0.00	9.00	2532447.00	
165	4399259.00	2526782.00	1758.00	1869080.00	0.00	1639.00	4396134.00	1869205.00	0.00	1869149.00	657801.00	0.00	3.00	0.00	2384848.00	864366.00	0.00	864308.00	656174.00	0.00	0.00	0.00	2011311.00	1004840.00	0.00	1004841.00	1627.00	0.00	0.00	0.00	3.00	0.00	0.00	0.00	0.00	11.00	2526785.00	
166	4398714.00	2527474.00	1052.00	1869243.00	0.00	945.00	4397038.00	1869389.00	0.00	1869360.00	658218.00	0.00	31.00	0.00	2391563.00	867441.00	0.00	867451.00	656645.00	27.00	0.00	0.00	2005434.00	1001947.00	0.00	1001910.00	1573.00	0.00	0.00	0.00	4.00	0.00	0.00	0.00	0.00	10.00	2527469.00	
167	4410542.00	2534512.00	868.00	1874372.00	0.00	791.00	4408484.00	1874063.00	0.00	1874207.00	660129.00	0.00	7.00	0.00	2402503.00	871965.00	0.00	871956.00	658576.00	6.00	0.00	0.00	2005903.00	1002098.00	0.00	1002251.00	1553.00	0.00	0.00	0.00	1.00	0.00	0.00	0.00	0.00	8.00	2534523.00	
168	4397755.00	2527001.00	1367.00	1868166.00	0.00	1221.00	4394586.00	1868059.00	0.00	1867960.00	658572.00	0.00	15.00	0.00	2406262.00	874573.00	0.00	874611.00	657066.00	12.00	0.00	0.00	1988349.00	993489.00	0.00	993351.00	1506.00	0.00	0.00	0.00	3.00	0.00	0.00	0.00	0.00	12.00	2527001.00	
169	4395221.00	2523779.00	1810.00	1868031.00	0.00	1601.00	4392529.00	1868344.00	0.00	1868253.00	655967.00	0.00	9.00	0.00	2407094.00	876375.00	0.00	876313.00	654401.00	6.00	0.00	0.00	1985479.00	991969.00	0.00	991940.00	1567.00	0.00	0.00	0.00	3.00	0.00	0.00	0.00	0.00	7.00	2523786.00	
170	4398414.00	2527997.00	920.00	1868699.00	0.00	798.00	4396014.00	1868482.00	0.00	1868455.00	659006.00	0.00	18.00	0.00	2419852.00	881191.00	0.00	881169.00	657476.00	16.00	0.00	0.00	1976109.00	987291.00	0.00	987286.00	1530.00	0.00	0.00	0.00	2.00	0.00	0.00	0.00	0.00	10.00	2528007.00	
171	4402123.00	2531005.00	737.00	1869750.00	0.00	632.00	4400678.00	1869612.00	0.00	1869615.00	661382.00	0.00	11.00	0.00	2425810.00	882993.00	0.00	882970.00	659839.00	8.00	0.00	0.00	1974812.00	986620.00	0.00	986646.00	1543.00	0.00	0.00	0.00	3.00	0.00	0.00	0.00	0.00	10.00	2531002.00	
172	2420493.00	1307926.00	103655.00	968797.00	0.00	40116.00	2272265.00	967457.00	0.00	968189.00	336606.00	0.00	107.00	0.00	103942.00	51049.00	0.00	52633.00	231.00	29.00	0.00	0.00	2168417.00	916408.00	0.00	915556.00	336376.00	0.00	0.00	0.00	78.00	0.00	0.00	0.00	0.00	99.00	1307926.00	
173	2924168.00	1596396.00	86372.00	1195094.00	0.00	46308.00	2793153.00	1195651.00	0.00	1194049.00	403021.00	0.00	215.00	0.00	470136.00	160078.00	0.00	159870.00	150032.00	156.00	0.00	0.00	2322801.00	1035573.00	0.00	1034180.00	252989.00	0.00	0.00	0.00	59.00	0.00	0.00	0.00	0.00	90.00	1596402.00	
174	3444019.00	1887455.00	58337.00	1448528.00	0.00	49699.00	3335339.00	1448252.00	0.00	1448003.00	438907.00	0.00	147.00	0.00	1010567.00	343533.00	0.00	343504.00	323439.00	91.00	0.00	0.00	2324743.00	1104719.00	0.00	1104500.00	115468.00	0.00	0.00	0.00	56.00	0.00	0.00	0.00	0.00	0.00	1887455.00	
175	3517505.00	1930979.00	58033.00	1481057.00	0.00	47437.00	3413632.00	1481635.00	0.00	1481603.00	450207.00	0.00	144.00	0.00	1075672.00	362950.00	0.00	362862.00	349781.00	79.00	0.00	0.00	2337917.00	1118685.00	0.00	1118741.00	100426.00	0.00	0.00	0.00	65.00	0.00	0.00	0.00	0.00	1.00	1930981.00	
176	3664260.00	2018910.00	50325.00	1551276.00	0.00	43749.00	3569912.00	1551116.00	0.00	1550944.00	467544.00	0.00	120.00	0.00	1251303.00	428869.00	0.00	428776.00	393564.00	94.00	0.00	0.00	2318423.00	1122247.00	0.00	1122170.00	73980.00	0.00	0.00	0.00	26.00	0.00	0.00	0.00	0.00	19.00	2018908.00	
177	3674943.00	2022434.00	49932.00	1558639.00	0.00	43938.00	3581380.00	1558852.00	0.00	1558757.00	463782.00	0.00	65.00	0.00	1290436.00	446572.00	0.00	446527.00	397310.00	27.00	0.00	0.00	2291021.00	1112281.00	0.00	1112230.00	66472.00	0.00	0.00	0.00	38.00	0.00	0.00	0.00	0.00	29.00	2022434.00	
178	3784222.00	2098690.00	43513.00	1603526.00	0.00	38493.00	3701352.00	1602986.00	0.00	1602969.00	495140.00	0.00	93.00	0.00	1393088.00	478413.00	0.00	478452.00	436153.00	70.00	0.00	0.00	2308102.00	1124574.00	0.00	1124518.00	58987.00	0.00	0.00	0.00	23.00	0.00	0.00	0.00	0.00	18.00	2098699.00	
179	3745273.00	2072289.00	45032.00	1587508.00	0.00	40444.00	3661714.00	1588323.00	0.00	1588289.00	485028.00	0.00	52.00	0.00	1401687.00	486338.00	0.00	486198.00	429132.00	19.00	0.00	0.00	2260007.00	1101985.00	0.00	1102092.00	55897.00	0.00	0.00	0.00	33.00	0.00	0.00	0.00	0.00	15.00	2072290.00	
180	3903343.00	2177751.00	36305.00	1655492.00	0.00	33795.00	3831631.00	1654809.00	0.00	1654646.00	521984.00	0.00	106.00	0.00	1532854.00	527201.00	0.00	527195.00	478378.00	80.00	0.00	0.00	2298692.00	1127609.00	0.00	1127451.00	43606.00	0.00	0.00	0.00	26.00	0.00	0.00	0.00	0.00	15.00	2177752.00	
181	3874260.00	2153646.00	38502.00	1646525.00	0.00	35587.00	3802116.00	1647297.00	0.00	1647312.00	507436.00	0.00	50.00	0.00	1553568.00	542944.00	0.00	542817.00	467793.00	14.00	0.00	0.00	2248527.00	1104352.00	0.00	1104496.00	39643.00	0.00	0.00	0.00	36.00	0.00	0.00	0.00	0.00	12.00	2153652.00	
182	4088414.00	2306044.00	24765.00	1734510.00	0.00	23095.00	4039424.00	1734181.00	0.00	1733901.00	571233.00	0.00	71.00	0.00	1684934.00	571704.00	0.00	571759.00	541421.00	51.00	0.00	0.00	2354456.00	1162478.00	0.00	1162145.00	29813.00	0.00	0.00	0.00	20.00	0.00	0.00	0.00	0.00	18.00	2306049.00	
183	3904307.00	2169694.00	36750.00	1663494.00	0.00	34369.00	3832827.00	1663186.00	0.00	1663393.00	506193.00	0.00	31.00	0.00	1638330.00	580714.00	0.00	580622.00	476990.00	5.00	0.00	0.00	2194474.00	1082472.00	0.00	1082772.00	29204.00	0.00	0.00	0.00	26.00	0.00	0.00	0.00	0.00	15.00	2169695.00	
184	4171569.00	2362897.00	19851.00	1770297.00	0.00	18524.00	4134651.00	1770901.00	0.00	1770776.00	592791.00	0.00	84.00	0.00	1772445.00	601860.00	0.00	601822.00	568693.00	69.00	0.00	0.00	2362114.00	1169047.00	0.00	1168953.00	24098.00	0.00	0.00	0.00	15.00	0.00	0.00	0.00	0.00	15.00	2362902.00	
185	3974626.00	2219736.00	31593.00	1692923.00	0.00	30374.00	3911601.00	1692406.00	0.00	1692405.00	526717.00	0.00	19.00	0.00	1723667.00	610733.00	0.00	610711.00	502221.00	2.00	0.00	0.00	2187881.00	1081674.00	0.00	1081694.00	24496.00	0.00	0.00	0.00	17.00	0.00	0.00	0.00	0.00	16.00	2219738.00	
186	4217187.00	2393517.00	16702.00	1790925.00	0.00	16044.00	4185585.00	1791302.00	0.00	1791508.00	602698.00	0.00	86.00	0.00	1852969.00	634423.00	0.00	634272.00	584209.00	65.00	0.00	0.00	2332634.00	1156883.00	0.00	1157238.00	18492.00	0.00	0.00	0.00	21.00	0.00	0.00	0.00	0.00	17.00	2393516.00	
187	4038590.00	2261520.00	27898.00	1722612.00	0.00	26560.00	3983063.00	1722261.00	0.00	1722047.00	538731.00	0.00	15.00	0.00	1815510.00	647185.00	0.00	647309.00	521018.00	1.00	0.00	0.00	2167544.00	1075076.00	0.00	1074738.00	17716.00	0.00	0.00	0.00	14.00	0.00	0.00	0.00	0.00	14.00	2261526.00	
188	4276008.00	2435815.00	12048.00	1816328.00	0.00	11817.00	4253585.00	1816840.00	0.00	1816849.00	619732.00	0.00	68.00	0.00	1938659.00	665383.00	0.00	665157.00	608064.00	56.00	0.00	0.00	2314834.00	1151458.00	0.00	1151695.00	11669.00	0.00	0.00	0.00	12.00	0.00	0.00	0.00	0.00	14.00	2435810.00	
189	4109884.00	2311942.00	23501.00	1751713.00	0.00	22728.00	4063804.00	1751805.00	0.00	1751694.00	560251.00	0.00	6.00	0.00	1892196.00	672695.00	0.00	672804.00	546697.00	0.00	0.00	0.00	2171564.00	1079111.00	0.00	1078892.00	13555.00	0.00	0.00	0.00	6.00	0.00	0.00	0.00	0.00	16.00	2311948.00	
190	4295587.00	2448263.00	10822.00	1825778.00	0.00	10726.00	4275117.00	1826002.00	0.00	1826328.00	622650.00	0.00	67.00	0.00	1995411.00	690938.00	0.00	690780.00	613639.00	54.00	0.00	0.00	2279641.00	1135065.00	0.00	1135552.00	9011.00	0.00	0.00	0.00	13.00	0.00	0.00	0.00	0.00	16.00	2448265.00	
191	4196787.00	2373161.00	17885.00	1788379.00	0.00	17362.00	4160380.00	1788048.00	0.00	1787848.00	584499.00	0.00	10.00	0.00	1973466.00	698944.00	0.00	698965.00	575557.00	0.00	0.00	0.00	2186939.00	1089104.00	0.00	1088883.00	8942.00	0.00	0.00	0.00	10.00	0.00	0.00	0.00	0.00	15.00	2373163.00	
192	4350177.00	2489845.00	6325.00	1848089.00	0.00	5918.00	4338116.00	1848010.00	0.00	1848184.00	641739.00	0.00	57.00	0.00	2062897.00	713701.00	0.00	713511.00	635636.00	49.00	0.00	0.00	2275095.00	1134311.00	0.00	1134673.00	6103.00	0.00	0.00	0.00	8.00	0.00	0.00	0.00	0.00	17.00	2489851.00	
193	4401371.00	2511811.00	1309.00	1887110.00	0.00	1142.00	4398904.00	1887274.00	0.00	1887169.00	624566.00	0.00	3.00	0.00	2125715.00	752501.00	0.00	752461.00	620751.00	2.00	0.00	0.00	2273297.00	1134773.00	0.00	1134708.00	3815.00	0.00	0.00	0.00	1.00	0.00	0.00	0.00	0.00	18.00	2511820.00	
194	4406987.00	2517549.00	438.00	1888706.00	0.00	296.00	4408040.00	1889449.00	0.00	1889366.00	629108.00	0.00	40.00	0.00	2142114.00	758326.00	0.00	758212.00	625537.00	39.00	0.00	0.00	2265849.00	1131123.00	0.00	1131154.00	3571.00	0.00	0.00	0.00	1.00	0.00	0.00	0.00	0.00	19.00	2517548.00	
195	4424680.00	2481221.00	235.00	1943154.00	0.00	70.00	4423323.00	1942834.00	0.00	1942662.00	537846.00	0.00	0.00	0.00	2208225.00	836326.00	0.00	836217.00	535682.00	0.00	0.00	0.00	2215115.00	1106506.00	0.00	1106445.00	2164.00	0.00	0.00	0.00	0.00	0.00	0.00	0.00	0.00	16.00	2481225.00	
196	4432490.00	2467315.00	127.00	1965048.00	0.00	0.00	4432771.00	1965181.00	0.00	1965152.00	502327.00	0.00	38.00	0.00	2240586.00	870082.00	0.00	870005.00	500460.00	38.00	0.00	0.00	2192115.00	1095101.00	0.00	1095147.00	1867.00	0.00	0.00	0.00	0.00	0.00	0.00	0.00	0.00	14.00	2467316.00	
197	4441505.00	2473354.00	120.00	1968032.00	0.00	0.00	4441466.00	1968038.00	0.00	1968045.00	505382.00	0.00	0.00	0.00	2261480.00	878937.00	0.00	878955.00	503588.00	0.00	0.00	0.00	2179985.00	1089101.00	0.00	1089090.00	1794.00	0.00	0.00	0.00	0.00	0.00	0.00	0.00	0.00	18.00	2473359.00	
198	4441274.00	2473005.00	157.00	1968112.00	0.00	0.00	4440560.00	1968003.00	0.00	1967910.00	504611.00	0.00	39.00	0.00	2274132.00	885683.00	0.00	885582.00	502827.00	39.00	0.00	0.00	2166432.00	1082320.00	0.00	1082328.00	1784.00	0.00	0.00	0.00	0.00	0.00	0.00	0.00	0.00	16.00	2473008.00	
199	4445576.00	2474868.00	170.00	1970540.00	0.00	0.00	4445896.00	1970612.00	0.00	1970698.00	504556.00	0.00	0.00	0.00	2290895.00	894011.00	0.00	894071.00	502813.00	0.00	0.00	0.00	2154974.00	1076602.00	0.00	1076629.00	1743.00	0.00	0.00	0.00	0.00	0.00	0.00	0.00	0.00	15.00	2474871.00	
200	4437227.00	2468028.00	1527.00	1967249.00	0.00	423.00	4433966.00	1966775.00	0.00	1966721.00	500423.00	0.00	28.00	0.00	2305400.00	903314.00	0.00	903290.00	498768.00	28.00	0.00	0.00	2128551.00	1063463.00	0.00	1063433.00	1655.00	0.00	0.00	0.00	0.00	0.00	0.00	0.00	0.00	15.00	2468033.00	
201	4448923.00	2477967.00	154.00	1970802.00	0.00	0.00	4449908.00	1971249.00	0.00	1971216.00	507400.00	0.00	3.00	0.00	2323660.00	908996.00	0.00	908967.00	505694.00	3.00	0.00	0.00	2126210.00	1062254.00	0.00	1062249.00	1707.00	0.00	0.00	0.00	0.00	0.00	0.00	0.00	0.00	20.00	2477971.00	
202	4446862.00	2475624.00	148.00	1971090.00	0.00	0.00	4446490.00	1970941.00	0.00	1970968.00	504458.00	0.00	20.00	0.00	2333920.00	915594.00	0.00	915578.00	502730.00	20.00	0.00	0.00	2112467.00	1055347.00	0.00	1055391.00	1729.00	0.00	0.00	0.00	0.00	0.00	0.00	0.00	0.00	14.00	2475619.00	
203	4443970.00	2474738.00	157.00	1969076.00	0.00	0.00	4444024.00	1969148.00	0.00	1969156.00	505765.00	0.00	3.00	0.00	2344264.00	920134.00	0.00	920107.00	504021.00	3.00	0.00	0.00	2099808.00	1049014.00	0.00	1049051.00	1744.00	0.00	0.00	0.00	0.00	0.00	0.00	0.00	0.00	18.00	2474745.00	
204	4433111.00	2469064.00	169.00	1963878.00	0.00	0.00	4432662.00	1963758.00	0.00	1963764.00	505083.00	0.00	31.00	0.00	2352913.00	924730.00	0.00	924765.00	503387.00	31.00	0.00	0.00	2079726.00	1039029.00	0.00	1039002.00	1696.00	0.00	0.00	0.00	0.00	0.00	0.00	0.00	0.00	19.00	2469068.00	
205	4439484.00	2472140.00	140.00	1967204.00	0.00	0.00	4439948.00	1967563.00	0.00	1967428.00	504914.00	0.00	6.00	0.00	2361424.00	929117.00	0.00	929056.00	503245.00	6.00	0.00	0.00	2078493.00	1038448.00	0.00	1038375.00	1670.00	0.00	0.00	0.00	0.00	0.00	0.00	0.00	0.00	17.00	2472136.00	
206	4432943.00	2468757.00	142.00	1964046.00	0.00	0.00	4431773.00	1963562.00	0.00	1963589.00	504674.00	0.00	22.00	0.00	2371471.00	934224.00	0.00	934248.00	502977.00	22.00	0.00	0.00	2060377.00	1029339.00	0.00	1029341.00	1697.00	0.00	0.00	0.00	0.00	0.00	0.00	0.00	0.00	15.00	2468773.00	
207	4444109.00	2475702.00	138.00	1968269.00	0.00	0.00	4444554.00	1968445.00	0.00	1968495.00	507420.00	0.00	13.00	0.00	2382358.00	938333.00	0.00	938314.00	505698.00	13.00	0.00	0.00	2062021.00	1030116.00	0.00	1030184.00	1722.00	0.00	0.00	0.00	0.00	0.00	0.00	0.00	0.00	16.00	2475697.00	
208	4442471.00	2474858.00	144.00	1967472.00	0.00	0.00	4441595.00	1967237.00	0.00	1967187.00	507236.00	0.00	10.00	0.00	2397838.00	946108.00	0.00	946089.00	505632.00	9.00	0.00	0.00	2043834.00	1021130.00	0.00	1021098.00	1605.00	0.00	0.00	0.00	1.00	0.00	0.00	0.00	0.00	15.00	2474862.00	
209	4437620.00	2471319.00	141.00	1966162.00	0.00	0.00	4438553.00	1966573.00	0.00	1966569.00	505288.00	0.00	12.00	0.00	2402530.00	949453.00	0.00	949445.00	503620.00	12.00	0.00	0.00	2035915.00	1017121.00	0.00	1017126.00	1668.00	0.00	0.00	0.00	0.00	0.00	0.00	0.00	0.00	15.00	2471322.00	
210	4451430.00	2479841.00	170.00	1971420.00	0.00	0.00	4450782.00	1971260.00	0.00	1971219.00	508288.00	0.00	7.00	0.00	2424021.00	958715.00	0.00	958722.00	506577.00	7.00	0.00	0.00	2026759.00	1012548.00	0.00	1012500.00	1711.00	0.00	0.00	0.00	0.00	0.00	0.00	0.00	0.00	19.00	2479844.00	
211	4441055.00	2473767.00	148.00	1967140.00	0.00	0.00	4440644.00	1966939.00	0.00	1967011.00	506650.00	0.00	9.00	0.00	2422551.00	958790.00	0.00	958802.00	504950.00	9.00	0.00	0.00	2018062.00	1008151.00	0.00	1008211.00	1700.00	0.00	0.00	0.00	0.00	0.00	0.00	0.00	0.00	16.00	2473771.00	
212	4447903.00	2477230.00	133.00	1970540.00	0.00	0.00	4447706.00	1970653.00	0.00	1970508.00	506635.00	0.00	10.00	0.00	2438160.00	966647.00	0.00	966635.00	504868.00	10.00	0.00	0.00	2009645.00	1004005.00	0.00	1003873.00	1767.00	0.00	0.00	0.00	0.00	0.00	0.00	0.00	0.00	16.00	2477239.00	
213	4434678.00	2471365.00	161.00	1963152.00	0.00	0.00	4435972.00	1963695.00	0.00	1963766.00	508463.00	0.00	19.00	0.00	2438562.00	965938.00	0.00	965906.00	506700.00	18.00	0.00	0.00	1997381.00	997757.00	0.00	997860.00	1763.00	0.00	0.00	0.00	1.00	0.00	0.00	0.00	0.00	18.00	2471365.00	
214	4436058.00	2471469.00	157.00	1964433.00	0.00	0.00	4434763.00	1963965.00	0.00	1963886.00	506888.00	0.00	4.00	0.00	2448983.00	971961.00	0.00	971926.00	505093.00	3.00	0.00	0.00	1985762.00	992005.00	0.00	991961.00	1795.00	0.00	0.00	0.00	1.00	0.00	0.00	0.00	0.00	18.00	2471470.00	
215	4435668.00	2470533.00	158.00	1964977.00	0.00	0.00	4434910.00	1964669.00	0.00	1964753.00	505334.00	0.00	20.00	0.00	2455458.00	975967.00	0.00	975975.00	503496.00	20.00	0.00	0.00	1979318.00	988702.00	0.00	988779.00	1838.00	0.00	0.00	0.00	0.00	0.00	0.00	0.00	0.00	17.00	2470538.00	
216	4439622.00	2474021.00	143.00	1965458.00	0.00	0.00	4439362.00	1965410.00	0.00	1965368.00	508644.00	0.00	6.00	0.00	2468690.00	980974.00	0.00	980979.00	506732.00	6.00	0.00	0.00	1970739.00	984436.00	0.00	984389.00	1914.00	0.00	0.00	0.00	0.00	0.00	0.00	0.00	0.00	16.00	2474028.00	
217	4446952.00	2477780.00	129.00	1969044.00	0.00	0.00	4447694.00	1969521.00	0.00	1969401.00	508769.00	0.00	20.00	0.00	2478077.00	985610.00	0.00	985542.00	506906.00	19.00	0.00	0.00	1969638.00	983914.00	0.00	983860.00	1864.00	0.00	0.00	0.00	1.00	0.00	0.00	0.00	0.00	13.00	2477783.00	
218	4430652.00	2468582.00	115.00	1961957.00	0.00	0.00	4429624.00	1961530.00	0.00	1961586.00	506546.00	0.00	0.00	0.00	2477278.00	986259.00	0.00	986271.00	504748.00	0.00	0.00	0.00	1952385.00	975271.00	0.00	975316.00	1798.00	0.00	0.00	0.00	0.00	0.00	0.00	0.00	0.00	16.00	2468583.00	
219	4433116.00	2469821.00	175.00	1963121.00	0.00	0.00	4433414.00	1963263.00	0.00	1963306.00	506709.00	0.00	16.00	0.00	2487304.00	991190.00	0.00	991219.00	504879.00	16.00	0.00	0.00	1945994.00	972075.00	0.00	972089.00	1830.00	0.00	0.00	0.00	0.00	0.00	0.00	0.00	0.00	16.00	2469827.00	
220	4433219.00	2470379.00	166.00	1962675.00	0.00	0.00	4433522.00	1962963.00	0.00	1962918.00	507691.00	0.00	3.00	0.00	2492241.00	993167.00	0.00	993135.00	505936.00	3.00	0.00	0.00	1941333.00	969796.00	0.00	969782.00	1755.00	0.00	0.00	0.00	0.00	0.00	0.00	0.00	0.00	21.00	2470379.00	
