second	tx	tx_get	tx_put	tx_del	rx	rx_getSucc	rx_putSucc	rx_delSucc
2	90834728.00	0.00	0.00	0.00	27936456.00	27936384.00	0.00	0.00	
3	88260792.00	0.00	0.00	0.00	27529202.00	27529298.00	0.00	0.00	
4	88070528.00	0.00	0.00	0.00	27529100.00	27529104.00	0.00	0.00	
5	88007056.00	0.00	0.00	0.00	27524732.00	27524728.00	0.00	0.00	
6	88444384.00	0.00	0.00	0.00	27519120.00	27519060.00	0.00	0.00	
7	88487448.00	0.00	0.00	0.00	27556170.00	27556210.00	0.00	0.00	
8	88205448.00	0.00	0.00	0.00	27532130.00	27532126.00	0.00	0.00	
9	88613768.00	0.00	0.00	0.00	27555828.00	27555816.00	0.00	0.00	
10	88378496.00	0.00	0.00	0.00	27548820.00	27548828.00	0.00	0.00	
11	88395200.00	0.00	0.00	0.00	27531864.00	27531900.00	0.00	0.00	
12	88274768.00	0.00	0.00	0.00	27573208.00	27573208.00	0.00	0.00	
13	88457728.00	0.00	0.00	0.00	27548100.00	27548100.00	0.00	0.00	
14	88381216.00	0.00	0.00	0.00	27574980.00	27574968.00	0.00	0.00	
15	88167464.00	0.00	0.00	0.00	27552240.00	27552236.00	0.00	0.00	
16	88416288.00	0.00	0.00	0.00	27562290.00	27562288.00	0.00	0.00	
17	88295616.00	0.00	0.00	0.00	27544860.00	27544844.00	0.00	0.00	
18	88448176.00	0.00	0.00	0.00	27581692.00	27581716.00	0.00	0.00	
19	88605792.00	0.00	0.00	0.00	27581584.00	27581564.00	0.00	0.00	
20	88299408.00	0.00	0.00	0.00	27525060.00	27525056.00	0.00	0.00	
21	88536392.00	0.00	0.00	0.00	27450424.00	27450464.00	0.00	0.00	
22	88381720.00	0.00	0.00	0.00	27564706.00	27564674.00	0.00	0.00	
23	88357696.00	0.00	0.00	0.00	27571832.00	27571864.00	0.00	0.00	
24	88302224.00	0.00	0.00	0.00	27595920.00	27595876.00	0.00	0.00	
25	88526808.00	0.00	0.00	0.00	27587460.00	27587422.00	0.00	0.00	
26	88399176.00	0.00	0.00	0.00	27518840.00	27518908.00	0.00	0.00	
27	88639000.00	0.00	0.00	0.00	27578896.00	27578864.00	0.00	0.00	
28	88516056.00	0.00	0.00	0.00	27616014.00	27616044.00	0.00	0.00	
29	88407704.00	0.00	0.00	0.00	27565044.00	27565036.00	0.00	0.00	
30	88662104.00	0.00	0.00	0.00	27544654.00	27544658.00	0.00	0.00	
31	88392480.00	0.00	0.00	0.00	27539120.00	27539136.00	0.00	0.00	
32	88584360.00	0.00	0.00	0.00	27581092.00	27581020.00	0.00	0.00	
33	88675424.00	0.00	0.00	0.00	27577918.00	27577994.00	0.00	0.00	
34	88729880.00	0.00	0.00	0.00	27564112.00	27564104.00	0.00	0.00	
35	88589584.00	0.00	0.00	0.00	27546524.00	27546504.00	0.00	0.00	
36	88325824.00	0.00	0.00	0.00	27540206.00	27540238.00	0.00	0.00	
37	88369680.00	0.00	0.00	0.00	27533232.00	27533196.00	0.00	0.00	
38	88535296.00	0.00	0.00	0.00	27565018.00	27565048.00	0.00	0.00	
39	88400040.00	0.00	0.00	0.00	27565104.00	27565080.00	0.00	0.00	
40	88204672.00	0.00	0.00	0.00	27531480.00	27531472.00	0.00	0.00	
41	88595392.00	0.00	0.00	0.00	27552290.00	27552262.00	0.00	0.00	
42	88220176.00	0.00	0.00	0.00	27526900.00	27526932.00	0.00	0.00	
43	88301488.00	0.00	0.00	0.00	27537808.00	27537812.00	0.00	0.00	
44	88298832.00	0.00	0.00	0.00	27593270.00	27593286.00	0.00	0.00	
45	88515456.00	0.00	0.00	0.00	27548880.00	27548868.00	0.00	0.00	
46	88411456.00	0.00	0.00	0.00	27570380.00	27570368.00	0.00	0.00	
47	88723952.00	0.00	0.00	0.00	27549980.00	27550000.00	0.00	0.00	
48	88562960.00	0.00	0.00	0.00	27591112.00	27591084.00	0.00	0.00	
49	88289168.00	0.00	0.00	0.00	27565676.00	27565664.00	0.00	0.00	
50	88422656.00	0.00	0.00	0.00	27511834.00	27511862.00	0.00	0.00	
51	88316056.00	0.00	0.00	0.00	27514886.00	27514866.00	0.00	0.00	
52	88372384.00	0.00	0.00	0.00	27456124.00	27456156.00	0.00	0.00	
53	88602264.00	0.00	0.00	0.00	27516400.00	27516376.00	0.00	0.00	
54	88599024.00	0.00	0.00	0.00	27507496.00	27507534.00	0.00	0.00	
55	88655184.00	0.00	0.00	0.00	27473336.00	27473286.00	0.00	0.00	
56	88866720.00	0.00	0.00	0.00	27478808.00	27478816.00	0.00	0.00	
57	88776576.00	0.00	0.00	0.00	27518216.00	27518220.00	0.00	0.00	
58	88583936.00	0.00	0.00	0.00	27537350.00	27537370.00	0.00	0.00	
59	88561216.00	0.00	0.00	0.00	27517712.00	27517670.00	0.00	0.00	
60	88487352.00	0.00	0.00	0.00	27504532.00	27504592.00	0.00	0.00	
61	88513472.00	0.00	0.00	0.00	27534092.00	27534028.00	0.00	0.00	
62	88312128.00	0.00	0.00	0.00	27522002.00	27522074.00	0.00	0.00	
63	88398024.00	0.00	0.00	0.00	27515124.00	27515052.00	0.00	0.00	
64	88477928.00	0.00	0.00	0.00	27549354.00	27549360.00	0.00	0.00	
65	88337160.00	0.00	0.00	0.00	27545620.00	27545676.00	0.00	0.00	
66	88684656.00	0.00	0.00	0.00	27522936.00	27522920.00	0.00	0.00	
67	88443336.00	0.00	0.00	0.00	27524580.00	27524540.00	0.00	0.00	
68	88517208.00	0.00	0.00	0.00	27540106.00	27540128.00	0.00	0.00	
69	88509920.00	0.00	0.00	0.00	27595398.00	27595424.00	0.00	0.00	
70	88527776.00	0.00	0.00	0.00	27558260.00	27558224.00	0.00	0.00	
71	88803760.00	0.00	0.00	0.00	27521644.00	27521640.00	0.00	0.00	
72	88570992.00	0.00	0.00	0.00	27507916.00	27507932.00	0.00	0.00	
73	88954200.00	0.00	0.00	0.00	27490596.00	27490582.00	0.00	0.00	
74	88491224.00	0.00	0.00	0.00	27464012.00	27464044.00	0.00	0.00	
75	88696784.00	0.00	0.00	0.00	27454226.00	27454246.00	0.00	0.00	
76	88482720.00	0.00	0.00	0.00	27517860.00	27517852.00	0.00	0.00	
77	88825296.00	0.00	0.00	0.00	27479474.00	27479446.00	0.00	0.00	
78	88727752.00	0.00	0.00	0.00	27501432.00	27501440.00	0.00	0.00	
79	88616816.00	0.00	0.00	0.00	27489336.00	27489310.00	0.00	0.00	
80	88737232.00	0.00	0.00	0.00	27471728.00	27471756.00	0.00	0.00	
81	88649824.00	0.00	0.00	0.00	27549712.00	27549716.00	0.00	0.00	
82	88830720.00	0.00	0.00	0.00	27539724.00	27539680.00	0.00	0.00	
83	88588864.00	0.00	0.00	0.00	27540492.00	27540496.00	0.00	0.00	
84	88472688.00	0.00	0.00	0.00	27543764.00	27543792.00	0.00	0.00	
85	88619280.00	0.00	0.00	0.00	27569192.00	27569160.00	0.00	0.00	
86	88595448.00	0.00	0.00	0.00	27558456.00	27558472.00	0.00	0.00	
87	88484952.00	0.00	0.00	0.00	27531154.00	27531108.00	0.00	0.00	
88	88584040.00	0.00	0.00	0.00	27535640.00	27535668.00	0.00	0.00	
89	88499280.00	0.00	0.00	0.00	27561912.00	27561928.00	0.00	0.00	
90	88614176.00	0.00	0.00	0.00	27550036.00	27550048.00	0.00	0.00	
91	88719712.00	0.00	0.00	0.00	27496328.00	27496364.00	0.00	0.00	
92	88802984.00	0.00	0.00	0.00	27509978.00	27509978.00	0.00	0.00	
93	88542504.00	0.00	0.00	0.00	27441482.00	27441482.00	0.00	0.00	
94	88780744.00	0.00	0.00	0.00	27519144.00	27519136.00	0.00	0.00	
95	88827576.00	0.00	0.00	0.00	27495672.00	27495588.00	0.00	0.00	
96	88560784.00	0.00	0.00	0.00	27525524.00	27525584.00	0.00	0.00	
97	88758768.00	0.00	0.00	0.00	27513052.00	27513080.00	0.00	0.00	
98	88773840.00	0.00	0.00	0.00	27428312.00	27428228.00	0.00	0.00	
99	88788336.00	0.00	0.00	0.00	27495152.00	27495188.00	0.00	0.00	
100	88867496.00	0.00	0.00	0.00	27453996.00	27454016.00	0.00	0.00	
101	88556792.00	0.00	0.00	0.00	27532820.00	27532812.00	0.00	0.00	
102	88393456.00	0.00	0.00	0.00	27534038.00	27534010.00	0.00	0.00	
103	88516560.00	0.00	0.00	0.00	27548016.00	27548020.00	0.00	0.00	
104	88542104.00	0.00	0.00	0.00	27537286.00	27537330.00	0.00	0.00	
105	88436432.00	0.00	0.00	0.00	27532438.00	27532390.00	0.00	0.00	
106	88497848.00	0.00	0.00	0.00	27496680.00	27496688.00	0.00	0.00	
107	88666992.00	0.00	0.00	0.00	27585436.00	27585432.00	0.00	0.00	
108	88570144.00	0.00	0.00	0.00	27574252.00	27574276.00	0.00	0.00	
109	88602016.00	0.00	0.00	0.00	27559246.00	27559218.00	0.00	0.00	
110	88647760.00	0.00	0.00	0.00	27571448.00	27571484.00	0.00	0.00	
111	88439920.00	0.00	0.00	0.00	27441548.00	27441556.00	0.00	0.00	
112	88761864.00	0.00	0.00	0.00	27509766.00	27509760.00	0.00	0.00	
113	88765048.00	0.00	0.00	0.00	27490284.00	27490304.00	0.00	0.00	
114	88675896.00	0.00	0.00	0.00	27521136.00	27521112.00	0.00	0.00	
115	88703112.00	0.00	0.00	0.00	27469296.00	27469292.00	0.00	0.00	
116	88787008.00	0.00	0.00	0.00	27474012.00	27474036.00	0.00	0.00	
117	88574048.00	0.00	0.00	0.00	27448096.00	27448100.00	0.00	0.00	
118	88755440.00	0.00	0.00	0.00	27444080.00	27444080.00	0.00	0.00	
119	88828168.00	0.00	0.00	0.00	27484988.00	27484924.00	0.00	0.00	
120	88770416.00	0.00	0.00	0.00	27536888.00	27536948.00	0.00	0.00	
121	88342408.00	0.00	0.00	0.00	27500076.00	27500012.00	0.00	0.00	
122	88525776.00	0.00	0.00	0.00	27507400.00	27507452.00	0.00	0.00	
123	88365072.00	0.00	0.00	0.00	27545132.00	27545136.00	0.00	0.00	
124	88645072.00	0.00	0.00	0.00	27592884.00	27592888.00	0.00	0.00	
125	88520264.00	0.00	0.00	0.00	27524226.00	27524182.00	0.00	0.00	
126	88380000.00	0.00	0.00	0.00	27553238.00	27553294.00	0.00	0.00	
127	88670464.00	0.00	0.00	0.00	27522520.00	27522512.00	0.00	0.00	
128	88781184.00	0.00	0.00	0.00	27556380.00	27556388.00	0.00	0.00	
129	88548976.00	0.00	0.00	0.00	27506260.00	27506260.00	0.00	0.00	
130	88818928.00	0.00	0.00	0.00	27524192.00	27524132.00	0.00	0.00	
131	88549632.00	0.00	0.00	0.00	27491466.00	27491512.00	0.00	0.00	
132	88706816.00	0.00	0.00	0.00	27455868.00	27455852.00	0.00	0.00	
133	88822864.00	0.00	0.00	0.00	27474066.00	27474058.00	0.00	0.00	
134	88461432.00	0.00	0.00	0.00	27525980.00	27525960.00	0.00	0.00	
135	88534048.00	0.00	0.00	0.00	27470070.00	27470114.00	0.00	0.00	
136	88783160.00	0.00	0.00	0.00	27520942.00	27520938.00	0.00	0.00	
137	88666368.00	0.00	0.00	0.00	27476830.00	27476862.00	0.00	0.00	
138	88794304.00	0.00	0.00	0.00	27481020.00	27481004.00	0.00	0.00	
139	88557552.00	0.00	0.00	0.00	27482500.00	27482432.00	0.00	0.00	
140	88828984.00	0.00	0.00	0.00	27519554.00	27519534.00	0.00	0.00	
141	88669536.00	0.00	0.00	0.00	27549524.00	27549632.00	0.00	0.00	
142	88498064.00	0.00	0.00	0.00	27534184.00	27534148.00	0.00	0.00	
143	88510248.00	0.00	0.00	0.00	27519980.00	27519972.00	0.00	0.00	
144	88509952.00	0.00	0.00	0.00	27552862.00	27552872.00	0.00	0.00	
145	88499472.00	0.00	0.00	0.00	27504708.00	27504712.00	0.00	0.00	
146	88503960.00	0.00	0.00	0.00	27507548.00	27507556.00	0.00	0.00	
147	88603632.00	0.00	0.00	0.00	27527134.00	27527106.00	0.00	0.00	
148	88570416.00	0.00	0.00	0.00	27557064.00	27557012.00	0.00	0.00	
149	88702576.00	0.00	0.00	0.00	27545688.00	27545744.00	0.00	0.00	
150	88473696.00	0.00	0.00	0.00	27545956.00	27545940.00	0.00	0.00	
151	88695136.00	0.00	0.00	0.00	27498568.00	27498580.00	0.00	0.00	
152	88814384.00	0.00	0.00	0.00	27475192.00	27475180.00	0.00	0.00	
153	88486672.00	0.00	0.00	0.00	27491752.00	27491772.00	0.00	0.00	
154	88600272.00	0.00	0.00	0.00	27468192.00	27468136.00	0.00	0.00	
155	88733144.00	0.00	0.00	0.00	27464940.00	27464928.00	0.00	0.00	
156	88673136.00	0.00	0.00	0.00	27508612.00	27508692.00	0.00	0.00	
157	88567352.00	0.00	0.00	0.00	27475552.00	27475544.00	0.00	0.00	
158	88699088.00	0.00	0.00	0.00	27451122.00	27451114.00	0.00	0.00	
159	88662664.00	0.00	0.00	0.00	27454074.00	27454046.00	0.00	0.00	
160	88663592.00	0.00	0.00	0.00	27473880.00	27473860.00	0.00	0.00	
161	88660128.00	0.00	0.00	0.00	27532288.00	27532316.00	0.00	0.00	
162	88550592.00	0.00	0.00	0.00	27539484.00	27539444.00	0.00	0.00	
163	88486176.00	0.00	0.00	0.00	27516508.00	27516552.00	0.00	0.00	
164	88668272.00	0.00	0.00	0.00	27527700.00	27527668.00	0.00	0.00	
165	88629424.00	0.00	0.00	0.00	27557768.00	27557790.00	0.00	0.00	
166	88630024.00	0.00	0.00	0.00	27530716.00	27530696.00	0.00	0.00	
167	88770896.00	0.00	0.00	0.00	27503144.00	27503164.00	0.00	0.00	
168	88516984.00	0.00	0.00	0.00	27554104.00	27554048.00	0.00	0.00	
169	88500592.00	0.00	0.00	0.00	27540418.00	27540482.00	0.00	0.00	
170	88608512.00	0.00	0.00	0.00	27545980.00	27545968.00	0.00	0.00	
171	88522648.00	0.00	0.00	0.00	27504668.00	27504668.00	0.00	0.00	
172	88869296.00	0.00	0.00	0.00	27469200.00	27469200.00	0.00	0.00	
173	88749792.00	0.00	0.00	0.00	27470856.00	27470884.00	0.00	0.00	
174	88773376.00	0.00	0.00	0.00	27501668.00	27501608.00	0.00	0.00	
175	88676584.00	0.00	0.00	0.00	27459426.00	27459490.00	0.00	0.00	
176	88773272.00	0.00	0.00	0.00	27481044.00	27481024.00	0.00	0.00	
177	88617536.00	0.00	0.00	0.00	27502220.00	27502184.00	0.00	0.00	
178	88642840.00	0.00	0.00	0.00	27482636.00	27482644.00	0.00	0.00	
179	88701168.00	0.00	0.00	0.00	27503280.00	27503324.00	0.00	0.00	
180	88687360.00	0.00	0.00	0.00	27519058.00	27519010.00	0.00	0.00	
181	88592856.00	0.00	0.00	0.00	27539588.00	27539620.00	0.00	0.00	
182	88615400.00	0.00	0.00	0.00	27562918.00	27562866.00	0.00	0.00	
183	88643096.00	0.00	0.00	0.00	27560740.00	27560764.00	0.00	0.00	
184	88732720.00	0.00	0.00	0.00	27552372.00	27552368.00	0.00	0.00	
185	88794936.00	0.00	0.00	0.00	27565956.00	27565988.00	0.00	0.00	
186	88846176.00	0.00	0.00	0.00	27559316.00	27559288.00	0.00	0.00	
187	88794848.00	0.00	0.00	0.00	27500368.00	27500360.00	0.00	0.00	
188	88538528.00	0.00	0.00	0.00	27530560.00	27530568.00	0.00	0.00	
189	88726968.00	0.00	0.00	0.00	27568928.00	27568928.00	0.00	0.00	
190	88644064.00	0.00	0.00	0.00	27501632.00	27501586.00	0.00	0.00	
191	88831536.00	0.00	0.00	0.00	27470446.00	27470486.00	0.00	0.00	
192	88726416.00	0.00	0.00	0.00	27487604.00	27487576.00	0.00	0.00	
193	88690168.00	0.00	0.00	0.00	27439262.00	27439256.00	0.00	0.00	
194	89057640.00	0.00	0.00	0.00	27531170.00	27531204.00	0.00	0.00	
195	88858712.00	0.00	0.00	0.00	27516112.00	27516072.00	0.00	0.00	
196	88845040.00	0.00	0.00	0.00	27484008.00	27484092.00	0.00	0.00	
197	88794568.00	0.00	0.00	0.00	27469196.00	27469136.00	0.00	0.00	
198	88565472.00	0.00	0.00	0.00	27496166.00	27496194.00	0.00	0.00	
199	88669568.00	0.00	0.00	0.00	27470994.00	27470998.00	0.00	0.00	
200	0.00	0.00	0.00	0.00	0.00	0.00	0.00	0.00	
