14766
5767
4745
5026
2379
2144
3182
3397
5469
5822
4784
18980
2418
2137
3159
3452
5398
5877
4147
5072
2361
2066
3100
4095
6119
5124
4106
4385
2304
2091
3821
4038
4155
5080
6102
5173
3092
3391
3065
2074
4810
5089
6127
5828
3117
4046
2312
2083
4169
4450
6052
5775
3758
3405
2371
2152
4208
4443
6045
5814
3735
4028
2994
2713
8398
3375
3049
2058
4139
4352
12193
5157
3829
4062
2328
2099
4826
4409
11600
5844
3190
3989
2387
2168
10998
4466
22638
22853
3151
9062
2410
2113
4776
4427
5445
5230
2395
2160
3766
3413
5492
11320
4761
4474
2402
2689
3143
3436
5453
5222
4200
5003
2345
2050
3780
4079
6094
11338
4131
4360
2320
2107
3125
4054
6135
5852
4122
5113
3797
3382
2360
2067
4858
4377
6111
5180
3108
4039
2305
2090
4803
5096
14820
5125
3751
6945
2378
2145
4160
4459
6061
5766
3158
4021
2419
2136
4217
5018
5468
5823
2370
2153
3759
6625
11530
5190
4168
4451
2995
2712
3734
6616
5460
11288
4793
4442
2352
2075
3093
3390
11640
11347
4154
4369
2313
2082
3116
3335
5414
11370
4811
4392
6069
5790
4184
5051
2970
2169
3191
3420
6028
5231
4193
4426
2411
2112
3150
4013
5391
5156
4834
4353
2336
2059
3077
3374
5430
5149
4115
4408
2329
2098
3828
4063
4130
4361
6095
5164
3781
3366
2344
2051
4123
4400
6134
5853
3124
3359
2321
2106
4760
4475
5493
5214
3199
3996
2962
2161
4201
10533
6020
5807
3142
3437
2403
2688
3815
3332
3010
2081
4808
5091
6125
5830
3806
6544
2355
2072
4153
5082
5404
5175
3165
3446
2424
2131
4210
5009
5463
5244
3172
3975
2369
2154
4739
4448
6054
11298
2416
2139
3157
3454
6039
5820
4786
4433
2945
2146
3748
3983
6062
12002
4163
5024
3018
2785
3111
4036
11594
5838
4800
4387
2363
2064
3798
4093
5396
5183
4857
4378
12256
14950
4202
5001
2400
2123
3141
4006
6078
5781
4179
10527
2393
2746
3764
3415
5437
5142
4816
4403
2322
2105
3127
3356
11619
5167
4129
4362
2347
2048
3086
3365
4112
4411
6141
5150
3135
3348
2330
2097
4137
5066
11627
5871
3790
3373
3051
2056
4778
4425
5447
5228
3149
3430
2976
2115
4755
5048
5502
5205
3188
3423
2385
2170
11569
11290
4795
4440
2993
2130
3732
4031
12224
5188
4738
5033
2952
2155
3173
3406
6124
5135
4097
5090
2315
2080
3118
4045
5405
5174
4848
4371
3066
2073
3095
4084
4105
11149
5420
5839
3110
3341
2307
2088
4856
5075
6109
5182
3103
4092
2362
2065
4219
11263
6038
5237
3156
3455
2417
2138
4162
5025
5479
5196
3181
3982
2376
2147
3126
3357
2323
2800
4817
4402
6132
14557
3087
8998
2346
2049
4128
10604
5381
5166
3140
3439
2401
2122
4203
4416
6022
5805
3197
3414
2392
2163
15952
5041
5495
5780
2977
2114
3148
4015
5446
5229
4195
4424
2384
2171
3189
3422
6071
5788
4754
4465
3027
2096
3830
4061
5428
20328
4113
4410
2338
2057
3791
6529
6085
5158
4136
4355
2872
2267
3613
3894
5599
5364
4658
4561
2817
2602
3620
3527
5934
5637
4619
4584
2890
2217
3695
3908
5549
5710
4232
4515
2931
2192
6195
3965
5524
15037
4729
4506
3247
3460
2442
2209
10471
4523
5541
14988
3678
3517
2483
2200
4281
11069
11771
5759
3293
3574
2864
2259
4338
4881
5591
11859
3628
6498
2825
2594
4299
4904
5614
5317
4696
4979
5557
11513
3703
3476
2458
2681
4265
4938
11755
5743
3206
3501
2467
2624
4650
4865
5575
5668
3589
3558
2536
2243
4627
4920
5630
5333
3316
3863
2513
2298
5895
14382
4330
4545
2528
2251
3597
3566
5950
5341
4635
4600
2833
2290
3324
3871
6005
5726
4248
4987
2450
2233
3255
3924
5508
14437
4257
4490
2475
2176
3214
3949
4233
4970
5988
5255
3238
3909
2891
2216
4272
4507
12090
5310
3671
3508
2490
2193
4659
4888
5910
5693
3284
3895
2545
2266
4618
4585
19544
5636
3621
3854
2504
2275
5590
11858
4339
4568
2553
2258
3292
3903
5927
5644
4298
4905
2824
2283
3301
3534
5540
5263
4681
4962
2443
2208
3686
3461
5973
5302
4280
4955
2482
2201
3223
3956
2537
2242
3276
3559
5902
5357
4323
4864
2512
2299
3645
3550
5631
5332
4314
4921
2459
2224
3262
3477
11731
15005
4241
4538
2922
2185
3663
3500
5517
5286
4264
4483
3254
3485
2451
2232
4249
4986
5564
5271
3655
3492
2474
2177
4712
11044
5509
5734
3596
6466
2529
2562
4643
4544
11689
5677
3325
3542
2520
2291
4306
4913
5623
5340
4283
4496
5534
5301
3676
3519
2937
2202
4682
4521
5999
5260
3685
8524
2440
2667
4609
4906
29748
5647
3302
3845
2827
2280
4336
4571
5589
5686
3295
3572
2866
2257
12107
5327
4617
4586
2507
2272
3622
3525
5597
5694
4344
10676
2546
2577
3287
3892
11761
5749
4275
4504
2489
2194
3228
3967
5991
5252
4674
4513
2432
2659
3237
3470
2523
2288
3638
3869
5948
5343
4633
4602
2858
2249
3271
3876
5581
5350
4640
4875
2473
2178
3212
3495
5510
5293
4259
10735
2904
2235
3253
3926
6007
14430
4250
4529
3204
3503
2921
2186
4707
4480
5518
5285
3261
3478
2896
2227
4242
4977
6015
5276
3318
3549
2515
2296
4313
4594
5940
5335
3279
3556
2850
2569
4320
4867
5901
5670
2498
2593
3631
3844
5613
5646
10855
4907
2555
2256
3294
3901
5588
5687
4665
4882
2480
2203
3677
3958
5975
5300
4282
4953
2881
2210
3684
3919
5542
5701
10796
4520
3229
3966
2928
2195
4274
4505
5983
5308
3692
3911
2889
2658
4235
4968
5550
5709
3311
3524
2506
2273
4616
4587
5933
5638
3614
3581
2547
2264
4345
4562
5596
5695
10765
4489
5967
5292
3653
3494
2912
2179
4251
4528
5566
11506
3252
3487
2449
2674
4304
4603
11666
11449
3639
3868
2834
2289
4641
11117
5580
5679
3598
3565
2859
2248
11674
5334
4624
19076
2842
2297
3319
3860
5572
5359
4321
4866
2851
2568
3590
3557
5519
5740
4266
4481
2464
2627
3661
3502
6014
20458
4699
4536
2457
2226
3700
3935
5120
6115
4389
4110
2095
3020
3338
3105
5873
6106
4380
4863
2070
2365
3379
3792
5818
23171
5023
4220
2709
3006
3448
3739
5763
6056
5030
4165
2148
2383
3393
3746
4447
4796
11989
6041
3440
3163
2133
2430
4454
4741
14473
6048
3401
3170
2156
2375
5093
4102
5128
6123
4042
3113
2087
2316
5084
4159
5881
6098
3387
3800
2078
2357
3424
3715
2117
2414
4999
4780
5226
5441
3417
3770
2740
2975
5054
10298
5203
6064
4058
3129
2103
2332
4413
4830
5840
5427
3371
3072
2062
2341
5068
4143
5153
5386
2111
2324
4050
3121
5136
66246
16183
4126
2054
2349
3363
3776
5857
22544
4364
4847
2125
2406
3432
3139
5802
11566
4423
4204
2164
2399
3993
3194
14481
6072
4478
4765
3449
3738
2140
2423
4438
4789
5235
6032
3392
3179
2149
2950
11200
4748
5194
12238
3339
3816
2094
2309
4388
4111
5833
5418
3378
3793
2071
2364
4381
4150
5872
300089
2086
2317
3331
3112
5825
5410
5092
4815
2079
2356
3386
3089
5880
6099
4373
4854
2716
2999
3441
3162
11292
6040
5014
4213
2157
2374
8578
3755
12013
14755
4455
4740
5145
6138
10587
4831
2102
2333
8977
3824
5864
12196
5069
4838
2063
2340
4066
3073
5227
6024
10537
4197
2116
2983
4009
6375
5786
5497
4471
4756
2173
2390
3984
3771
5006
4773
5219
5448
3433
3722
2692
2991
4479
4180
5210
5489
3992
6358
2165
2398
4404
4823
5137
6130
3355
3832
2806
3037
4365
4134
5856
5379
4074
3777
2055
2348
3403
3168
2158
2957
4452
4175
5185
5482
3442
3161
2135
2428
5013
4214
19911
11572
4081
3090
2076
2359
4374
4853
5171
11647
7013
3115
2085
2318
5095
4100
5130
6121
2068
2367
3377
3098
22825
6104
5078
4861
2093
2310
4032
3107
5122
11598
4391
4804
2150
2381
8585
3744
5193
12237
4460
4751
2143
3004
3450
3737
5816
5467
4437
4790
5163
5376
4366
4133
2052
2351
3361
3778
5138
6129
4407
4820
2109
3038
4048
3835
5209
5490
5044
4767
2166
2965
8601
3192
5800
5451
5005
4774
2695
2404
3434
3137
4468
4759
5201
6066
3987
3768
2174
2389
4997
4782
5792
5443
3426
3713
2119
2412
4358
4141
5155
5384
3369
3074
2060
3055
5111
4116
5146
6137
3344
3827
2101
2334
5170
12214
4375
4156
2077
2358
3384
3091
19892
6120
4398
4813
2084
2319
3329
3810
5768
6051
5037
4174
2159
2372
3402
3169
11294
5458
4444
4799
2134
2429
3443
3160
4461
4750
5760
5475
3394
6340
2151
2948
4436
4223
5817
5466
3451
3152
2142
2421
5079
4860
14576
6105
4088
3795
2069
2366
4390
4109
14537
6112
3337
3106
2092
3023
3994
3761
2751
2396
4477
4182
5208
14777
3435
3136
2126
2405
4420
4207
5217
6018
3360
3779
2053
3046
4367
4844
5162
6089
4049
3122
2804
3039
4406
15903
5851
5432
2061
2342
3368
3075
5154
20094
5071
4836
2100
2335
3345
3130
5843
5424
4414
4829
2175
2388
3418
3769
12031
11548
4469
4190
2118
2413
3427
3144
5793
5442
4996
4783
2196
2935
3505
3666
5307
70664
4510
4277
2221
2438
3464
3235
5250
12038
4519
4676
2278
2509
3523
3304
5633
5602
4588
4295
2271
2876
3578
3281
5360
12148
4893
4350
3843
3296
2598
2501
4908
4615
5313
5922
3898
3601
2263
2556
4573
4670
5368
5587
3513
3674
2204
2487
4502
4725
5755
5528
3456
3243
2213
2446
4527
16006
5698
5537
4924
4319
5657
5626
3859
3312
2302
2845
4869
4326
5352
5899
3554
3585
2575
2852
4486
4269
5739
5512
3497
3202
2188
2471
4983
4244
5274
6009
3472
6166
2229
2462
5731
5960
4934
4717
2180
2479
3945
3650
5266
5561
4535
4252
2237
2910
3480
3707
5649
20101
10651
4311
2294
2837
3539
3320
5344
5891
4877
4334
2567
2860
3562
3593
4589
4622
5632
5603
3850
3617
2607
2508
4892
10392
5361
5906
3579
3608
2582
2549
4511
4276
20429
5521
3960
3667
2197
2494
4974
4237
5251
5544
3905
3690
2220
2439
5298
5529
4503
4284
2205
2486
3512
3675
5259
5536
4966
4685
2212
2887
3457
3682
5640
5923
4909
4614
2287
2500
3842
3625
5681
5914
4884
4343
2262
2557
3899
3288
2189
2470
3496
3659
5738
5513
11048
4268
2684
2903
3929
3258
5275
6008
4982
4245
2303
2516
3858
3313
5656
5939
4925
4630
2574
2853
3555
3584
5353
5898
4556
4655
3538
3321
2623
2524
4605
4638
5336
5947
3563
3592
2254
2533
4876
4647
11854
5578
3944
3651
2181
2918
4935
4260
5290
12078
3481
3250
2236
2455
4990
10802
5267
6000
4887
4668
5682
5913
3568
3291
2261
2558
4582
4301
5643
5920
3841
3298
2284
2831
10698
4230
5696
5995
3914
3241
2215
2884
4500
4727
11806
5970
3955
3216
2646
2485
5248
14689
4517
4678
2663
2892
3466
3689
5745
5978
4948
4735
2198
2493
3507
3664
5362
5905
4895
4660
2269
2550
3888
3283
5323
5600
4902
4293
2604
2511
3521
3618
2239
2452
3482
6172
5720
5563
4989
4254
2182
2917
3491
3208
5729
5506
4932
4719
2253
2534
3560
3595
5346
5889
4551
4644
2292
2527
3537
3322
5651
5944
4606
4309
3880
3587
2573
2542
4559
4324
5354
5569
3857
3642
2612
2847
4926
4317
5659
5624
3930
3257
2231
2460
4981
4702
5272
5555
3939
3656
2630
2469
4484
4271
5281
5514
2214
2445
3915
3680
5697
11717
4524
4231
2207
2484
3514
3673
5296
5531
4501
4726
2260
2871
3569
3290
5683
5912
4886
4341
2285
2502
3528
3299
5642
5609
4583
4300
3889
3282
2268
2879
4894
10394
5691
15322
3520
3619
2605
2822
4591
4620
5322
5929
3467
3688
2662
2437
10691
4239
5705
5986
3506
3665
2199
2492
4509
4734
5744
5523
4878
4645
5347
5888
3561
3594
2564
2863
4919
4636
5650
5945
3536
3635
2293
2526
4988
4255
5265
6002
3483
3248
2238
2453
4933
4718
5288
5963
3490
3649
2183
2476
5713
5554
4980
4247
2230
2461
3475
3256
5280
5955
4941
4270
2631
2924
3498
3201
5667
5896
4870
4653
2244
2543
3881
3274
11445
5937
10640
4316
2613
2518
3856
3643
