15206
12000
10278
11205
10057
9386
8812
8591
12274
11281
10967
25638
9656
9819
8349
13595
42563
50296
41830
511669
267588
33568
48969
51991
45783
150299
578316
41588
358389
447702
109125
34036
47043
39146
197699
50872
51764
967297
144702
109746
46386
35966
101152
502393
37810
36945
797436
98953
10982
10501
12227
11296
8364
9039
9609
9834
10263
11252
19690
11985
8797
8638
18080
9371
8398
9005
9707
9736
10884
10599
12193
23551
8767
8668
10010
9465
10357
15859
11600
14550
37153
57296
47310
47917
36110
50175
111388
42754
34229
43676
32912
62670
39322
344948
51144
135886
513086
58010
34180
138640
60211
502314
39339
105424
58248
98347
61640
347134
45749
64580
41461
659469
10027
12973
8718
8685
15108
14567
10308
15810
13247
9785
8447
8988
14837
11379
15568
10582
13434
8700
10042
12988
10325
11190
15125
11923
8430
8973
9675
9768
23833
10567
12161
11362
57058
52068
52642
99019
49869
60900
64839
46006
435678
37602
33345
44392
46977
126605
42177
330130
37909
210742
214605
43132
951148
40380
49165
674650
57689
38151
57043
43661
125579
111135
156580
60885
9722
9753
14010
9020
12208
14902
10901
10614
9995
9448
8750
8653
19609
11938
10340
11143
14775
11313
10999
10516
9624
9851
8381
9054
11555
11968
10246
11237
10089
9354
8780
8623
212733
50857
155959
54761
62895
47966
44029
572253
198307
207242
36748
114917
52721
33536
49001
43759
39384
120497
105829
59555
356400
43742
134464
47518
129897
50109
54046
125898
661975
34021
47244
57368
10295
15793
15223
14484
13336
8606
10072
9403
23931
16192
12259
14949
8332
13578
9641
12335
148821
61835
33008
121340
39418
161363
42608
40764
266915
273391
37988
44328
39691
61269
54076
132666
8799
8636
10106
9369
10261
18990
11568
11987
8366
9037
9611
9832
10980
10503
12225
14919
9658
9817
8351
17060
12272
14966
10965
10550
10059
9384
8814
8589
11521
12002
10276
11207
110434
47996
99981
51684
34938
269854
49229
46099
57625
33570
34276
43725
60243
141360
49852
155655
42194
154910
41463
41492
37943
33201
59055
687005
40076
45989
450660
448808
267556
58008
57073
52087
12178
14868
10935
10580
9688
9787
8445
8990
15110
11904
10310
11173
10025
9418
8716
8687
10359
15857
23279
11953
8765
8670
10008
9467
26516
10597
14790
11328
8396
9007
17457
9738
120082
39547
225647
146950
48920
56611
32914
58025
36108
145874
50491
42752
56369
152128
62942
38885
40108
50232
60980
35855
32899
128325
43372
134103
107882
45428
216069
63811
37911
33169
56352
33972
11587
14533
10342
28914
9993
12943
8748
8655
12210
11345
19279
10612
9720
12414
8413
9022
10918
16160
14822
11360
8428
8975
13228
9770
10327
15825
11634
11921
8733
8702
10040
9435
736943
491815
280313
42784
124710
266498
47340
33184
36829
105411
51178
294212
34199
48347
342119
33617
738106
37506
33313
57370
356076
344517
455078
45351
62024
36979
32976
144398
46352
35932
45109
59553
8334
9069
9643
9800
10948
10535
12257
11266
8831
8604
10074
9401
10293
11222
15221
12019
12558
9352
8782
8621
15172
11970
10244
11239
9626
12316
8383
9052
14773
11315
10997
10518
32993
103679
43278
577043
45060
106165
41796
114919
33296
33267
109159
347070
34906
40412
36223
102148
9530
9945
8223
13721
12144
11411
19341
16339
10187
9256
17206
8461
11649
11874
18812
15650
262482
57483
56546
37395
226125
53358
36319
41718
32833
342903
51318
48168
42689
59440
142966
49631
34133
43644
38421
98827
46512
114806
340719
116051
48395
33863
44619
57530
126382
36365
355177
42978
8927
8508
20551
9241
10389
11126
11696
23022
8238
9165
9483
12429
10852
10631
12097
11426
16018
11028
15287
14420
8893
8542
10136
9339
23995
25847
12067
15013
8268
17015
9577
9866
61093
813954
39997
40926
49048
48251
47805
44859
750365
451015
50619
274951
58910
163338
123555
162607
34968
64710
46866
49996
33490
55878
34807
499097
53534
50328
39209
36015
57851
57880
37731
52215
12050
11505
10807
10708
9560
9915
8317
9118
11747
11776
16035
11045
10153
9290
8844
8559
10790
10693
12035
25074
8300
13802
13100
9898
16050
11060
11762
11793
8861
8574
12765
9307
46851
38954
40684
141874
113873
37472
33475
44522
41879
41076
515815
449692
51205
858061
63375
121150
45286
59506
46531
46624
63422
44842
51252
48234
282669
40254
60485
145731
641886
57545
51909
37457
19483
11808
10470
11013
12780
9322
13513
8527
22671
15028
15474
18476
9592
12542
8285
9150
20566
9224
8910
8493
11681
14375
10372
11111
9498
9977
8255
9180
25154
11443
10869
25732
134643
33666
34116
37058
215859
40877
49692
455968
429280
287561
37328
51524
40639
198451
36351
36380
816893
157741
137558
44424
41220
41703
35051
119271
34165
208947
32848
44921
502813
36060
135661
35321
8206
16949
9515
9928
10820
18559
14596
15079
8959
8476
12735
9273
10421
11094
11664
22990
46915
49949
119334
53341
37315
43151
62782
44458
46514
60710
105925
35291
34135
34484
56069
581056
10854
10629
12099
11424
8236
9167
9481
9962
10391
11124
11698
11857
8925
16614
10232
9243
15334
14341
10406
11077
20596
9258
8940
8463
14615
19785
15410
18540
9528
9947
8221
9214
40044
42272
129289
283738
44169
134706
277547
37088
35064
42961
41239
120017
123634
586698
34711
37393
47758
673380
58588
34535
455590
42306
736461
112538
53186
38742
266866
874557
269597
53262
101415
107278
18035
12845
8846
8557
11745
20442
10436
11047
9562
9913
8319
9116
20168
25057
10805
10710
8270
9133
9579
9864
15457
10727
12065
11458
8895
8540
10138
12828
10485
11030
11728
14422
51926
122568
44587
63167
649448
115431
565575
629139
34101
59150
52482
110241
654460
46643
39999
59489
33520
38774
61544
43260
45589
53294
41301
36476
32769
128455
972037
43533
45284
35240
54297
150541
9594
12540
8287
13785
12080
11475
10773
16275
10123
9320
8878
8525
11713
14407
10468
11015
17223
8572
10170
9305
16048
11062
15253
11795
8302
9101
9547
9896
10788
10695
12033
11490
56930
114113
117946
47484
265405
137035
53517
59457
109238
458186
44555
44520
146067
41607
59731
130381
36669
40980
50954
35323
114240
100108
982201
52899
208140
437397
869031
132760
434067
37376
58235
44426
16082
11092
11666
14356
8957
8478
12733
9275
10822
10661
12131
11392
8204
9199
9513
9930
20106
15060
26469
18508
9496
12446
8253
9182
15302
11840
18782
11109
10217
9226
8908
8495
156818
53324
54922
197140
286888
33137
34743
338660
125545
107672
104689
46656
815386
62525
453358
52151
35743
141604
41584
630658
137762
47257
433381
51713
50300
40168
41089
41826
55379
52693
43723
453194
23464
12278
10544
10963
9823
9660
9082
8345
14465
11527
15780
10274
9390
10061
8587
13325
11248
10259
11989
11574
8634
8793
13050
12569
10497
15495
11300
25301
9035
8360
9838
13288
41136
54510
337903
980567
34352
34259
38256
52708
41537
49274
157668
34893
677634
44008
44334
33287
34386
61964
38162
32916
55151
153886
45970
53673
48652
51794
342355
44719
39052
219767
50910
107901
8664
8763
9469
10014
11154
15892
14546
11604
9001
8394
18388
13194
18619
10880
14883
29906
9789
13243
8984
8443
11383
12180
18570
10929
9420
10031
8681
8714
14563
11621
11171
10304
210706
37937
33938
140841
42807
40571
39101
106601
110100
57725
34403
43338
160547
35567
290323
211311
43081
34656
52404
135127
136510
451202
64593
45728
59306
114342
33623
32948
35896
445625
141381
200849
8969
8426
9772
9679
10563
10912
11366
14816
8696
8731
9437
10046
11186
10321
11927
15121
9452
12650
8649
8746
11942
11589
15846
10336
9757
9726
17120
8411
19855
14801
10610
10897
33638
147461
59291
743419
289558
35535
39532
120069
44381
62921
33970
59017
45426
147203
36600
106569
35150
735534
137116
46375
110166
32999
43755
37799
225288
50510
126682
126265
38800
118428
34000
48540
14497
15170
15748
10242
9358
10093
8619
8776
11317
19982
81645
10995
9855
13305
9050
8377
10529
15527
11268
14722
9067
8328
9806
9645
11216
10291
20269
23211
8602
8825
13018
10076
201924
36168
201185
34925
122382
34562
33220
47240
55085
49835
35199
40185
48319
37782
561270
641402
9033
8362
9836
13290
10499
10976
30545
22648
8632
13374
13048
12571
18986
10257
11991
11572
152102
109170
57406
33285
46118
349287
100916
45792
36951
51395
134789
454492
39453
39422
42391
118865
38211
339573
117385
34272
111195
42565
39468
54493
880950
137667
34034
48574
289191
54025
341613
39742
13001
10063
8585
8810
12006
23224
11203
10272
9821
13275
9080
8347
14962
14737
16215
10961
11908
11623
11169
18842
9422
10029
14222
8712
11381
20046
18568
10931
9791
9692
8986
8441
65203
130248
64406
39341
205700
56272
34401
48941
132717
54123
107400
101537
56002
112993
48703
34675
54684
47015
45409
40520
33953
151975
447619
44717
266232
39324
330565
35548
61933
43385
148469
113569
10593
10882
14881
20095
9003
13997
9742
9709
11152
10355
11957
15155
8666
13404
9471
10012
11349
12214
16149
10899
9759
9724
9018
8409
11940
15138
11137
10338
9454
9997
8651
8744
105506
34876
39071
47030
38896
665096
43130
151990
111129
40104
35851
39309
58044
44109
36900
114325
41200
41747
40826
51182
34416
277726
33621
63243
41473
136927
35822
50463
152164
149474
44398
37922
11184
10323
11925
11638
8698
8729
12986
18148
29238
10914
11364
14818
8971
8424
20883
9677
14333
8827
9405
10078
11218
15956
14482
15217
9065
8330
12329
9647
10531
23933
23483
14720
122109
217740
58095
47739
55087
49833
46034
35486
51697
443490
63099
58365
36521
36170
64561
34927
224293
38001
37559
199483
795059
34910
41554
36219
38243
121354
102878
148800
222366
45056
64468
497159
9853
9630
9048
8379
11319
12244
10514
10993
13033
10095
14284
13359
14499
11557
11235
10240
112785
57757
43593
49103
59444
35343
64372
39247
38706
47131
99818
61484
866030
35070
39005
60419
9260
10191
8457
8938
11878
19549
11075
10400
12472
9534
9208
8219
11415
12148
10674
15412
9161
8234
12425
9487
10627
10848
15043
14624
8504
8923
9245
10238
11122
24364
14386
11700
568751
59000
118252
58205
36361
39823
45443
40618
228613
163710
110277
581157
39581
49673
50383
264668
102387
46887
35662
226074
48782
61567
48043
33511
49544
36729
35263
35420
443826
37718
205621
56161
10721
19418
11460
22682
9131
8264
12523
9581
11024
10483
14416
23147
8538
8889
9343
10140
11780
11751
11041
10434
9294
10157
8555
8840
14992
12054
10704
10803
12506
13113
9114
8313
65075
53530
514100
344096
55475
113424
52211
263904
105602
40697
38975
46870
137922
33494
148624
34803
36026
41875
50317
53515
978046
108609
205589
52516
46308
150824
279966
155240
152292
151815
38721
33479
11056
10451
11797
11766
8570
8857
9311
12761
25811
10786
14977
14690
9099
8296
9902
9549
11477
12086
18472
10771
9887
13081
9146
8281
11812
11719
11009
18746
12811
10125
8523
8872
50765
132398
41648
41299
33045
434252
58856
122172
45825
130152
640295
102128
47435
38498
48238
727659
213103
134918
58762
447158
45458
119345
153853
268412
203241
32869
37062
148928
42246
42725
46662
722470
9981
9502
9176
8251
15058
14641
10642
15380
9228
10223
8489
8906
11846
23064
15622
16101
8472
8955
9277
10206
11090
10417
20399
11668
9193
8202
9932
21138
10659
10816
11398
12133
875193
51299
38354
63465
39613
36667
201618
130107
122508
51858
862928
58237
61425
41216
42950
979972
11120
10387
11861
15315
8506
13500
9247
10236
10625
10850
15041
20127
9163
8232
9966
9485
41008
431884
345783
50990
458621
43417
281957
147702
41665
666006
141942
45666
43147
37319
57532
38114
42965
40601
265688
39868
33109
110564
206000
729717
65107
125517
220086
41954
38337
128610
208932
163661
23336
14611
16341
10835
9951
13145
13727
8217
11876
19551
11073
16071
9262
10189
8459
8936
9917
9566
9112
8315
11511
12052
18442
15444
9292
10159
8553
8842
14435
15232
11043
10432
48024
38065
99722
34801
45522
115732
36440
41329
103483
56146
34531
58584
65073
200704
64276
36682
59146
138950
103434
32788
55279
49769
111242
60294
37446
138295
624056
120842
61361
41280
146545
119360
8536
8891
9341
12795
11026
10481
11831
15281
9129
8266
18260
13066
10723
15461
11462
20221
9324
10127
8521
8874
11814
19485
23742
10464
9885
9598
9144
8283
11479
12084
10738
10769
52980
38496
56756
99512
45827
101335
35977
506413
38770
205364
58858
43803
40248
54217
54543
39934
622781
51954
33062
110487
107291
156128
116710
45600
577222
494329
38322
109926
36024
102083
42327
64963
9097
8298
9900
9551
10691
15429
11494
14688
8568
8859
9309
18022
23695
10449
11799
11764
10657
28981
15073
14594
9195
8200
12459
9517
15669
18795
11893
15347
8474
8953
9279
10204
41697
54975
53369
50687
43179
332701
145017
285234
64359
46486
111304
110891
114087
49116
55490
47865
454659
110874
39566
120295
44878
104346
43627
43400
271383
107918
41680
39836
38672
99086
57127
51873
11844
11687
11105
10370
12907
12680
8491
8904
11445
14643
10640
10867
12442
9500
9178
8249
12235
19952
10990
10509
9601
9826
8356
9031
15199
11993
10271
15769
10096
9363
8789
8630
115915
40391
216188
145850
161828
682116
493766
37544
40149
212982
331247
35958
977524
38268
43285
143617
63513
35911
101145
53781
34286
34317
688066
33576
41375
39123
132578
35731
61602
34044
37983
121654
10286
11213
11531
12008
8804
8583
10049
9378
10975
10556
14751
11289
8341
9078
9648
9811
8710
8677
10019
9408
18836
15818
15116
11914
8439
8980
13239
9777
10941
10590
14845
11387
114363
149231
213425
33610
41740
219992
130246
520533
48594
122481
53066
56012
336775
126612
45757
116603
651626
153455
122275
57304
42217
198602
49172
41519
32920
33659
57034
48369
42520
40788
666505
129585
9699
9728
8390
30802
12201
14895
10892
18615
12663
9457
13394
14257
24650
22790
10365
11166
8407
9012
9714
9745
15608
25708
22533
11355
13379
8645
9987
9440
10348
19031
11593
11946
48626
33982
110378
47924
129842
39057
40535
855181
117030
48352
56318
38159
104475
35845
360196
42474
32952
205723
127928
122001
794876
42459
41757
35892
103860
284991
158502
48672
160300
59960
46985
63864
12631
12980
8727
8692
11640
25481
10333
23555
9667
12357
8422
8965
12169
19890
10924
16170
11546
20257
10303
15801
20717
9395
8821
8598
14734
11272
15531
16200
9633
9794
8324
9063
116250
53764
39376
521219
98626
33593
37786
100228
42155
50832
142364
115245
47236
224282
59094
114650
54786
359249
65517
808448
44021
48755
62887
47958
41806
46792
35489
42376
163809
141173
797413
38253
19239
16249
19970
80836
8373
9046
9616
9843
10254
11245
11563
11976
8772
8615
12548
9346
34589
62275
112911
47988
951809
41598
54021
45374
127945
499586
128748
33578
39363
39456
105854
40709
8343
9076
9650
12340
15544
18662
12280
14974
8806
8581
10051
9376
29531
11215
11529
12010
10098
13044
13362
8628
19680
14526
24480
11262
9603
9824
8358
9029
12233
11306
15497
16234
44082
513924
58373
224236
135493
42395
129458
35956
33289
44320
34604
48736
149699
119119
129859
41551
42522
42489
36853
39539
38655
52843
206207
138667
54102
45421
36100
226640
33387
44354
43908
51647
15167
11961
10367
11164
12661
12950
8757
8662
20083
14893
10894
10605
9697
9730
8388
8999
10943
16185
12186
11385
8437
8982
9680
12374
25948
15816
15118
14573
8708
14210
10017
9410
41471
50116
34832
110788
122256
114603
58242
505086
107158
745084
200846
955441
519102
48322
38606
148424
147260
105503
60668
46184
103862
47879
138393
33933
45151
50177
216781
114876
38623
103588
34207
286441
14830
11368
15563
10573
9665
9762
8420
8967
11642
20289
10335
15833
10032
9427
8725
8694
10350
11149
11595
14541
8740
8647
12644
9442
10911
10620
14815
14908
8405
17134
13205
20910
426388
503589
42507
53845
34222
59285
113596
44962
49159
39059
106445
42777
61666
58724
148218
52363
48995
34351
63316
38255
46377
106807
578802
42378
59109
43028
53002
57379
105098
156382
59786
40404
8774
8613
12550
9344
10252
11247
15180
14511
8375
9044
9618
12308
11005
25612
14781
19939
13254
9792
8326
9061
14732
11274
29115
16202
10066
9393
8823
8596
11544
12027
10301
11230
498596
567334
286617
504232
34915
588059
49236
36517
38589
47508
37784
34334
207442
59561
39378
142604
10226
9233
13490
8500
15325
11867
16120
11134
9475
9952
8230
9157
12105
30685
10860
10639
519752
144550
51279
34494
60394
975711
36631
583690
38124
98546
37321
57144
45676
132786
161737
46250
48434
57097
44658
63206
41245
222182
54149
116635
43430
37098
57745
47365
107124
40975
40038
274605
8215
9204
9522
9937
19333
10686
14621
11419
13443
8453
17947
17912
10412
11087
11657
14351
10815
10716
12058
11513
8309
9110
9552
12502
10446
15688
11755
20432
8836
8551
12740
9282
112258
46329
50562
50785
435525
51470
33498
357630
39201
36007
116459
883043
49057
52223
213299
134746
142088
42361
41919
101646
52488
38300
117173
34524
54230
119213
60508
36455
651752
33032
43780
58869
11738
11833
16026
26126
20525
9331
13520
8534
14670
11464
10766
10733
9569
9858
8260
9127
18742
11021
11723
11816
8868
14114
10113
9314
10783
10748
12090
15036
8277
9142
13077
9875
426260
49557
130148
53973
217683
37032
52505
98928
64040
102382
34992
45564
34783
37465
118384
262907
107987
150498
39873
654660
53209
38733
34798
37480
198266
59467
219176
211475
158832
33753
108621
52206
12043
11496
15435
29370
9537
9890
8292
13794
15263
14460
10463
11068
12757
9299
8853
8566
13126
12453
8198
16957
14604
11402
10828
16330
10194
12884
8951
8468
11672
11899
16088
19078
227614
134360
37353
33903
197865
116618
36294
145688
32856
47380
204562
56809
108352
40852
276090
40990
963765
228632
98801
47397
36614
49655
40006
40869
51887
33886
225098
139299
216303
49926
35026
40276
8902
8485
12678
9216
10380
11119
11689
11850
8247
9172
9490
9969
10877
10654
20096
23302
104665
202408
116363
50416
62163
652686
38446
62485
36309
61422
50658
45500
61474
108846
38111
57473
10414
19093
15342
14349
8932
8455
10177
9250
10847
10684
12154
11417
8213
13715
9520
12470
14638
11432
10862
16360
13156
9954
8228
9159
23047
20353
10399
11132
10224
9235
8917
8502
40612
215610
60476
61407
33419
57520
56537
37416
40021
119612
161082
41020
109864
52875
263869
34492
47174
55933
582450
223741
54228
35648
105083
107319
32792
55436
34109
109452
60298
35249
61103
496921
9571
9856
8262
9125
12073
15023
10764
10735
10130
12820
8887
8532
11736
14430
18725
15739
8838
8549
12742
9280
10444
11055
11753
11786
8311
9108
9554
9905
15448
10718
14717
11515
58580
43557
199715
47461
39203
46602
101371
50322
56458
33822
47223
123259
126455
36436
132352
40212
871030
62566
138986
124606
39959
282884
659846
46619
38060
33066
34796
58839
445409
53271
36262
46314
10162
9297
8855
8564
11768
11803
18693
19174
9539
9888
8294
9093
14700
14991
10796
18455
8279
9140
9586
9873
19397
10750
12088
19715
8870
8517
10115
17848
10476
11023
11721
11818
329127
33854
44594
38782
55008
38929
40663
40244
457953
43525
47782
55453
49780
39648
51025
45839
54914
54625
206864
225412
51885
37433
128191
55822
39265
804657
53590
198088
49121
124653
213363
52890
15386
10652
14655
15068
8245
9174
9488
9971
16107
15624
11691
11848
8900
8487
10209
9218
11674
20385
10431
11100
10192
9267
8949
8470
14606
11400
10830
16328
17657
12455
8196
9191
53607
35315
36661
46713
47861
47382
34175
37113
54166
50704
219833
38978
38094
113279
34702
108863
149975
42622
126002
36753
33565
121361
228751
49012
45321
34885
104830
275501
47939
137720
33993
56413
11997
11582
11256
10267
13042
12561
8626
8785
11308
25309
10505
10986
9830
9605
9027
8352
10552
10971
19909
14747
9074
8337
12338
9652
11209
10282
14473
11535
8579
8800
9382
10053
107488
154548
802881
149748
43058
34587
55978
148158
46828
63517
42412
35461
48294
117088
144401
38570
62247
43955
52397
103841
131906
47004
42815
34838
109369
48935
342939
52671
49459
60954
132246
42541
8976
8435
9781
9686
18562
15580
14874
14841
8673
13415
9412
10023
11179
10312
22835
11629
9461
10006
8656
8755
95312
11612
11162
10361
9732
9703
13636
8386
11342
14792
10603
10888
52845
753165
134088
37852
220744
45177
196634
41785
128939
103824
43105
734411
130529
197677
39044
36098
34379
114335
327956
32909
35841
640590
65177
60191
99618
102564
44373
53102
36592
745288
201146
34870
8641
8738
9444
9991
15854
18864
14539
15144
9008
8403
9749
13203
10618
10905
11359
25262
12353
9671
17113
8418
11374
12173
18579
10920
9429
12627
8688
13430
14586
11644
11194
10329
342395
47330
518843
140848
42798
34823
119854
64159
55336
32956
34426
34201
573729
35574
129557
136228
50836
42159
341622
146045
33228
33327
37516
99986
631043
53731
46845
46366
103616
162545
149144
48980
14953
14730
10537
10954
9798
9637
9059
8320
14488
11550
11224
10299
9399
12593
8594
8817
11241
15983
11980
11567
8611
8768
9350
10085
10520
19235
11325
19974
17034
8369
9847
13297
437977
39397
518006
64792
34345
58386
440275
44069
102154
161630
565851
50502
34008
61574
33277
38011
8577
8802
12993
10055
11211
10280
14475
11533
9072
8339
9813
17518
16223
10969
14970
14745
43713
34280
38219
333010
64508
41832
515579
345583
48725
34585
33247
37977
39125
41369
64552
34934
63059
53023
33995
149416
105561
50517
129188
211911
292672
350705
59362
34265
46074
135489
114938
36755
9828
17503
9025
8354
11310
12237
10507
10984
9365
12563
8624
13366
11999
15193
11258
10265
11340
12207
10601
19282
18398
9701
8995
8384
20325
15163
15869
10363
9463
10004
8658
8753
59934
59901
143291
39781
33164
33391
229150
109080
116157
35540
41176
111814
52847
38651
501114
34235
35875
221714
65211
220568
61908
37871
103601
117797
197336
36145
53376
34836
458069
37150
47890
53068
11177
24567
11916
11631
8675
8704
9414
10021
18560
10939
11389
12190
8978
13972
9783
9684
11933
11646
15837
10331
9431
10036
8690
8721
11372
12175
10569
10922
12355
13216
8963
8416
100495
40081
35890
60937
38200
147518
36893
734744
42796
50455
131921
36128
38857
585940
127660
34666
39063
41435
42781
34868
978486
206747
52367
148222
35843
136215
135889
42511
34377
158176
44966
147471
10616
10907
14904
12222
9010
8401
9751
17452
15852
18866
14537
19607
8643
8736
12931
9989
9040
8371
9845
9622
10522
11001
11327
25294
8609
8770
9348
12546
15758
10248
11982
11565
34010
37212
38810
121075
564691
356049
45338
40499
52025
37805
55417
56218
112470
36738
42382
35495
47504
44054
953676
34297
35189
726495
35920
61035
55993
33325
139036
37229
53491
40450
151073
47085
9397
10070
8592
8819
12031
23201
15807
10297
9796
9639
9057
8322
11278
14728
10539
10952
63187
53151
51545
500874
116654
45672
61401
126370
52877
145217
343663
49142
65128
50980
46687
502833
9956
13154
9153
8226
11438
12109
10635
10856
9237
12691
8496
13494
14394
15321
15647
10393
8449
8930
9252
10183
15662
10408
11886
15336
9200
8211
9941
9526
18530
10841
11423
12156
34443
43426
38347
32845
106899
61178
35300
133013
48853
43859
118229
33468
54599
64110
42975
119321
39622
39205
59486
116463
61780
353960
52958
113432
41624
60521
116733
34964
33816
43825
63104
47217
11049
10442
14441
15242
8547
8832
9286
10149
10712
10811
11517
12062
9106
8305
9911
9556
11468
14666
10729
15471
9862
9573
9123
8256
11837
19462
11032
16030
9335
10132
8530
8881
335705
430256
968743
156106
38761
58167
48774
102455
35255
51014
35986
54278
148349
38523
143845
58595
104847
46910
42909
119387
51498
48500
38776
44596
39654
632596
42348
560995
224027
49029
33772
98711
10744
10779
15032
12094
9138
8273
12530
9588
23732
10474
25406
11727
8515
8864
12803
10117
11805
15259
19168
10459
9303
10164
8562
8849
11500
14698
10697
10794
9894
13088
9091
8288
650481
225731
39639
41883
152888
44276
37021
209854
289116
427765
36419
49330
128777
162016
428665
34794
62466
122908
571667
37660
50407
45241
60680
39254
63219
103760
33899
34696
40289
35047
36385
36290
9269
27332
8464
8947
11903
15353
19074
10425
12449
9511
9185
8194
15083
14600
10667
10824
9168
8243
18221
13171
10650
15388
11455
14649
8481
8898
9220
12674
11115
10376
11854
19573
116944
34745
162640
638093
46271
54916
43007
149590
337947
56895
52892
47810
685032
41928
35268
125543
10680
10843
11421
12158
9202
8209
9943
9524
11081
18802
14345
19543
8451
8928
9254
10181
197176
105004
42973
45659
122519
214659
447578
62723
978984
63645
53905
125509
61748
51320
112795
38442
42269
45211
49632
145452
38392
56073
114063
332100
125798
35013
120044
115050
57524
44613
33865
34730
11869
30409
26218
10395
17871
10228
8498
8913
19828
12111
16364
10858
20827
9477
13734
8224
9333
10134
8528
8883
20455
15289
11034
16028
27542
13058
13764
8258
11470
12077
10731
10760
55432
56171
133960
34105
588590
39987
126160
41913
33038
38024
48772
439063
53299
65306
38916
64063
33818
58913
123263
58116
143112
46876
880113
42076
52217
99472
38315
38472
271241
49744
45867
39938
9104
8307
9909
13107
10714
15452
11519
12060
8545
8834
9284
10151
11051
10440
14443
19509
12481
13090
9089
8290
14987
12045
10699
15437
9301
18030
8560
8851
14458
11772
11066
10457
38731
38056
37486
458277
45515
136048
38948
681166
55464
56139
37023
58561
130992
53505
39637
278947
458502
56927
38283
44231
55286
120205
35236
53552
37471
34777
128826
99172
136583
49281
132807
65291
16537
8866
9316
10119
15726
10472
11822
19477
9136
13878
18253
9590
10746
10777
11487
12092
15628
10378
11852
11695
8483
8896
9222
10213
10648
10875
11453
12126
13751
8241
9975
9492
36067
632692
45929
53586
642821
198976
52894
139575
426082
331659
50725
59660
43154
37342
262815
123614
794888
106264
63902
105021
513491
113048
727840
504525
45912
360403
36050
41979
33725
38459
34456
143942
11404
14602
18545
15407
12451
9509
9187
8192
14360
11678
11096
10427
9271
12721
8466
8945
200852
40829
36830
49455
32945
44952
48955
117501
156736
108219
41445
567072
58264
38854
48586
33926
19625
11922
10324
11191
12638
9432
8734
8701
12160
14854
10917
10566
13231
9769
8431
8972
10900
25701
12209
11346
8414
9021
9723
9752
15872
11142
11584
11939
8751
8652
12655
12940
39803
39064
34875
157586
48635
58735
728376
47933
41765
49438
60178
42467
737691
43660
44106
44969
228481
148565
118425
33264
49262
334464
650559
42864
34247
52022
32994
55414
54522
46785
644449
53820
8380
17031
9625
9850
19246
10517
12243
14933
8781
8622
12557
9355
10247
11236
11554
20249
10073
9402
8828
8607
23214
12016
15955
15792
9640
32060
8333
9070
12258
11265
23930
10532
52673
38229
51428
36976
53742
42416
49838
39482
110448
52435
48552
229203
149736
53500
142357
50108
37762
134038
32962
38212
63504
150734
60240
130894
113697
198911
44793
52418
227051
36543
115955
45365
8813
8590
10056
13006
18943
11204
15207
14468
14073
9087
9657
9818
10966
18669
14742
14965
9608
9835
8365
9038
12226
11297
10983
10500
12572
21287
13369
8639
15190
11984
10262
15760
62911
435035
34599
57267
59792
125931
64208
39147
33011
55399
158108
52007
42611
980401
60996
41141
34858
225406
129834
41510
37893
44361
102584
48649
42513
149944
36862
41175
52611
52832
43390
149207
12192
11331
10885
10598
9706
9737
8399
9004
11601
11954
10356
15858
10011
9464
8766
14264
10309
19070
23261
11907
8719
8684
10026
9417
15569
10583
12177
11378
8446
8989
9691
12381
63602
64401
40079
40812
37856
36867
38597
267972
64131
54698
226220
35832
140844
37618
561426
47901
8749
8654
9992
12942
10343
15841
11586
11937
8412
9023
9721
9754
10902
10613
14806
11344
127874
134102
32898
47566
60981
35854
108442
53852
223876
99629
123443
98312
41430
104706
42227
53421
55605
38852
59071
37601
45735
345219
46978
39083
663138
205712
158172
36880
45142
149914
36828
39514
9672
9771
8429
17110
20058
19897
10919
10564
12636
9434
8732
8703
11635
14581
10326
11189
22621
11267
10949
16195
9642
12332
8335
9068
11537
14487
10292
18959
10075
9400
8830
14328
814966
50843
60567
36524
33312
57371
34565
637687
45108
35192
39387
431176
32977
62607
48987
36978
39402
681216
35498
46054
62072
59390
641356
33539
293153
445951
50505
42866
288014
57248
44763
44344
10245
15747
23197
11971
8783
8620
10090
9353
10996
10519
12241
11314
8382
9053
9627
9848
15188
14519
10260
11255
10107
13053
8798
8637
19992
11299
29074
24251
9610
12300
8367
9036
64774
50250
39419
41143
33009
45016
199134
36946
289392
40396
47040
747128
140120
57403
34597
43020
39739
36541
42161
35736
37233
140719
33329
55973
104530
39465
146871
35177
58429
953680
47727
33571
10964
25637
12273
14967
8350
9085
9659
9816
15936
15779
15205
30100
8815
8588
10058
9385
8444
8991
9689
9786
10934
10581
12179
11376
8717
8686
10024
9419
10311
11172
23263
14564
100078
51591
47356
274072
41462
36575
340172
35834
43341
875087
38599
44939
49887
49468
125608
53884
44121
110114
48921
34389
726416
515493
39321
60871
37895
38884
143482
122443
34856
442132
39784
126638
10009
9466
8764
8671
11603
20328
18862
11157
17456
12398
8397
9006
70805
11329
10887
10596
44552
113174
37250
204395
289458
53276
36269
102358
98731
658276
51204
433888
142113
282895
145505
36031
13101
9899
8301
9102
20186
23388
10791
10692
12764
9306
8860
8575
11763
14453
10454
11061
8877
8526
18000
9323
10471
15713
19482
11809
8284
13786
13084
12543
15475
10741
22670
19720
43501
59164
113461
118635
61109
578271
35400
222329
37299
206069
162012
38773
39929
36479
45590
970014
41925
106942
45189
149833
117199
48137
52594
47404
39835
54634
42001
35640
34740
57120
55782
456895
10373
11110
11680
14374
8911
8492
10218
9225
15377
16370
12113
236055
8254
13752
9499
9976
12128
11395
24056
10662
9514
9929
8207
9196
11665
25440
10420
11095
17923
9272
8958
8477
40591
40300
202656
46211
120911
38694
428533
114513
42705
116082
270358
155799
38452
33714
645821
34455
54953
145664
125115
35608
34708
37394
123633
435176
41957
36044
270221
40844
34149
34438
121519
33699
10836
10679
91131
15095
8222
13720
9531
12477
10405
11078
11648
14342
8943
8460
10186
9257
15316
11858
10388
11127
10235
9240
8926
8509
14629
19835
10853
10630
13167
9961
8239
9164
35387
53935
449049
112586
32881
57930
37681
102730
35018
42979
64082
46243
38117
347659
113810
133588
38518
62541
857103
37040
42643
59490
107054
196757
649092
159051
48488
58876
54239
110716
136826
36462
10137
9338
13529
8543
11731
11824
10486
11029
9576
9867
8269
9134
12066
15012
10759
18492
8316
9119
9561
9914
10806
10709
12051
11504
8845
8558
10152
9291
18719
15681
11746
11777
158652
157791
55716
44538
46867
126495
156883
155039
34055
43566
47757
144636
46562
131388
101360
119652
23977
24138
14676
11474
8286
9149
9595
9880
10469
11014
11712
11811
8879
8524
18002
9321
271030
36477
50601
50762
138275
356848
113094
137957
197477
514067
628881
35241
56914
217531
44234
558789
42673
59456
46577
492373
104396
52928
152561
34551
860956
45510
55000
50014
500194
104158
34789
58846
11761
20426
16049
19183
10171
9304
13563
8573
20184
14982
10789
10694
9546
9897
8303
9100
10201
9274
8956
8479
11667
14357
18798
11093
9512
12462
8205
13707
12130
15076
10823
10660
47868
33712
43452
59213
40060
40863
211353
155797
137557
33089
37346
37377
493312
50713
216277
36398
34742
33877
47164
57512
112331
61383
35033
436608
58527
37057
44200
110291
559659
39563
40013
950941
8252
13754
9497
9978
15379
10645
12115
11440
17173
8494
10216
9227
10375
11108
11682
14372
13165
9963
8237
9166
12098
11425
10855
10628
12700
9242
8924
8511
11699
14389
10390
19117
44616
213113
672257
57139
221109
35627
211784
54649
118009
33680
43420
48154
283308
119605
102020
64322
133365
332443
32834
52915
39240
46689
45223
50425
34710
51559
159481
109570
101444
41717
45654
42960
8941
8462
10184
9259
10407
11076
11650
11873
8220
13722
13148
9946
10838
16336
22734
30695
18717
11046
11744
14438
8847
8556
10154
9289
10804
16306
20169
11506
8318
13816
9563
9912
49757
589367
42656
50331
117135
48201
339600
38310
270998
46322
130750
146501
149364
37490
33489
44536
340095
35657
46880
50046
576212
38758
37280
217947
39998
42354
49772
161458
32785
103439
34100
493887
12064
11459
10757
16259
9578
9865
8271
13769
11729
11826
10484
11031
10139
9336
8894
8541
19903
12164
10562
19321
9773
9678
8968
8427
11926
19629
11187
10320
12985
12634
8697
8730
42791
40555
63861
54876
38850
44686
57333
686184
100484
35583
35897
197584
44956
38608
100331
51330
451488
60979
50239
108444
34370
51379
55312
139740
50155
49160
515907
40538
37590
34640
33174
33397
19034
15876
11943
19612
8648
8747
9453
9998
10611
10896
11350
12213
9017
8410
9756
9727
8618
8777
9359
10092
15749
18907
11973
11558
9051
8376
9854
17477
10513
10994
14929
14770
36933
58395
58077
63323
35946
46374
46048
283193
48766
44024
47963
200221
41553
349301
64515
141573
52439
44780
43050
209318
50845
155273
41568
155907
159614
128754
34321
37783
46033
35485
150747
46359
9807
32475
13583
8329
23480
14723
10528
10947
9406
10077
8603
8824
14481
11543
15796
10290
9083
14077
9822
9661
10545
10962
14961
14738
8586
8809
9391
20721
15781
25905
12005
15203
116859
37239
38833
62858
50089
41362
40443
100837
34304
62046
33573
56241
46821
115491
269544
40169
58060
38546
61836
37815
59526
154712
64454
153981
38784
135060
124032
809616
116517
40489
36490
146004
9374
10109
14302
8792
11988
11575
18985
29541
12298
9612
13615
8361
14912
12230
10496
15494
14547
15152
11155
15893
9468
10015
14268
8762
11335
12196
16135
10881
12392
17462
9000
8395
100516
35551
35865
131688
205750
117791
52033
58472
442130
197668
54687
161572
118029
53110
99642
223891
41491
36154
35836
520266
33939
51810
430022
37936
55135
36811
264943
60214
56597
34177
52821
224630
16182
10928
11382
14832
8985
8442
12377
9695
19066
10305
11911
15105
8680
8715
12968
10030
62220
48637
44382
62922
50153
284045
680626
149693
36901
158185
55314
38627
283807
39308
50237
45155
9019
16640
9758
13208
10609
15607
14897
12215
8650
8745
9455
9996
15845
18875
14528
19614
9438
10045
14238
8728
14577
11639
11185
10322
9775
21105
8970
8425
14848
12166
18584
19323
33620
38610
724829
58442
35102
42551
46740
60928
113298
62971
122479
48588
100983
54139
46181
54878
35196
51085
64484
46357
52772
575713
34323
163807
35725
222652
153677
47076
504960
853368
48717
286612
14483
65607
11219
10288
9404
10079
8601
8826
11271
14721
18682
15524
12328
13259
9064
8331
10515
10992
11318
14768
9049
8378
9852
13306
11234
15972
14498
11556
8616
8779
17749
10094
102145
136845
53451
65506
122428
44026
497787
44767
39437
49817
50271
42596
61855
158091
453807
38529
42855
115908
210989
49273
33255
55667
51664
61596
50254
60263
49515
36762
123734
56194
48284
58376
11303
12228
10498
10977
9837
9614
9032
8363
11990
11573
11251
10256
9372
10111
8633
13375
23679
10273
12007
11524
8584
8811
9389
10062
10547
19208
14963
22600
9081
8346
20961
17511
41090
115489
35181
636063
332317
37764
33575
32964
335881
36186
40441
45776
43065
127285
52420
47258
683788
199049
33605
57726
41184
39340
629716
101236
518817
113733
287630
432706
50121
60640
64579
45746
8682
8713
9423
10028
11168
10307
11909
11622
13694
8440
9790
9693
10577
10930
11380
29920
9743
13193
13647
8393
24919
12198
16133
10883
12955
10013
8667
13405
14545
15154
19017
10354
56050
33382
157930
351822
35791
45699
61234
136958
148468
500661
61932
51360
155611
40120
35867
54415
9310
12760
8571
8856
14449
11767
11057
10450
12490
13097
9098
8297
11493
12038
10688
10787
292747
32823
59177
658854
131003
60325
49577
954987
48010
159372
62397
37254
220178
50590
63991
39884
133539
56485
144937
62794
38942
49290
50764
45586
56759
51249
98941
122950
35978
36713
50365
35404
9147
8280
9886
9597
16276
10770
11476
12087
8522
8873
9327
10124
11008
10467
11813
19486
10643
15381
11446
20109
9177
8250
9980
17607
15623
10369
11847
11684
8488
8907
9229
10222
107339
41264
45459
40634
51521
149296
44476
559027
40994
54396
45922
35374
61727
34113
44877
52598
35324
101255
665767
61154
55489
47866
48188
117242
40296
45633
41698
60435
33095
53174
33890
117515
14355
11669
11091
10416
9276
10207
8473
8954
11399
12132
10658
15396
9933
9518
9192
8203
67088
10401
11879
11652
22197
8939
9261
10190
16342
10832
11414
14608
9209
8218
9948
9535
55231
49721
294322
119009
141274
37636
47368
56115
132011
54957
119283
119312
103310
61485
439689
33461
42983
50652
450976
39822
210882
38113
37415
661872
100420
45200
216545
63655
33686
32885
48156
498909
11431
20124
10626
15364
9965
13163
9160
8235
29985
24743
15638
10384
9244
10239
8505
8922
9871
13065
13775
8265
11461
14659
10720
19419
9342
12792
8539
8888
25382
15282
11025
10482
583163
58174
37445
34755
42885
42086
61362
41283
52966
56160
37044
103119
35262
125469
120436
39197
127173
58587
52951
52532
855030
39212
345831
198246
33809
278207
586671
118365
46324
39901
101094
644948
8554
8841
9295
10156
11040
18715
14432
19518
9115
8312
9918
13112
10705
10802
25062
25093
55295
54300
289687
348995
34498
749013
641611
38497
115443
150810
45555
42101
37462
56487
137953
58157
11010
26099
14402
23161
8520
8875
12808
10126
16278
19400
15027
12085
9145
8282
9884
13082
11495
29811
10690
15428
9901
9550
13805
8299
11798
11765
11059
10448
12857
10175
8569
8858
42919
40683
46311
202692
44525
33476
48813
37252
50318
51053
137038
41872
44828
56130
328841
124240
158991
62747
43178
124867
110648
42022
49976
49371
38353
32855
37108
34162
59430
42711
55212
120279
12458
9516
9194
8201
15072
12134
16325
10819
9278
12728
8475
8952
11892
15346
11089
10418
8490
8905
9231
10220
11104
10371
11845
15299
9179
8248
9982
9501
16372
19370
11444
12119
34464
43401
152928
38403
574686
36617
40874
42726
217900
43896
147956
498458
41681
569969
40283
119346
38385
44221
224099
127863
35294
64896
46676
226479
159023
113073
816441
59003
146450
50654
41664
355915
9246
10237
8507
8920
14385
11703
28678
10386
9967
9484
9162
8233
15040
12102
10624
10851
9211
8216
9950
9533
10673
10834
11412
14610
8458
8937
9263
10188
15653
18811
14336
11654
51555
34706
435182
118333
136652
36312
100998
35069
48175
34147
52919
63483
55229
725088
100471
40041
38972
106728
101092
34975
58827
206640
33078
47226
656412
39214
35213
42660
34530
428913
33735
52534
10707
10800
25060
20173
9113
8314
9916
13114
11042
10433
20447
11748
8552
8843
9293
12747
14419
11733
11027
16021
9340
12794
8537
8890
11463
12068
10722
10753
9869
9582
9128
8267
147073
42645
35993
36730
47449
117919
43545
34096
35661
34990
63957
976645
33031
33508
33826
217276
40534
35792
112161
36597
33401
38911
223886
116789
451946
59641
120072
41166
63285
137372
217808
34382
12217
11354
10908
16154
9715
12405
8406
9013
11592
14542
10349
11150
12647
12932
8743
8644
10332
11199
23236
20290
8726
8693
10035
9424
10925
10574
12168
14862
8423
8964
13223
12356
142990
64392
45148
35088
108750
61890
44147
134856
799052
39073
34818
50931
100085
51612
273760
38862
48977
43735
52681
62597
39377
101839
60233
160605
875300
214516
37967
47974
47082
115244
40453
150275
8820
8599
10065
13015
10302
11229
15230
22853
8325
13571
13253
9795
10959
10540
12266
14956
9617
12311
8372
9047
12251
11320
11006
10525
10080
9347
8773
8614
11562
11977
15978
18996
112940
103941
37211
34013
136102
130455
36212
36503
38543
55422
34255
61841
42602
50257
341840
722250
34607
33996
44736
57393
136850
36486
34880
42857
57001
43767
33019
62629
61004
39442
42619
212983
8357
9030
21053
9827
23890
16233
19986
14924
8788
8631
10097
9362
24483
15768
11579
14525
12581
9379
8805
8582
15215
22868
10287
11212
9649
12343
8340
9079
12283
14973
10974
10557
287472
47494
43301
117382
40165
220702
208741
451566
33339
47991
37243
198903
45790
132608
39729
46104
294589
35073
39330
39489
134458
505356
727748
34414
107841
50914
115132
41503
277268
38879
353502
43093
15117
11915
10317
11182
10018
9409
8711
8676
12185
11386
10940
10591
9683
12373
8438
8981
19285
24275
12200
11339
8391
8996
9698
9729
10364
15866
15164
11962
8758
8661
12662
9456
426871
265478
34850
35777
281021
116772
225210
44353
36854
208085
789527
35120
433577
109325
52619
44976
8421
8966
9664
9763
23826
16169
77330
14860
8724
8695
12628
9426
10334
28874
11643
14589
34671
58708
227837
38860
268450
54705
207040
160204
152443
280717
63238
358047
426404
35895
35569
685595
128687
580920
329685
36905
132946
207331
41775
746738
161876
137839
109068
498992
111366
132672
39793
36599
9984
12934
8741
8646
11594
14540
15882
11148
9713
18378
16652
9015
20067
11352
10910
18597
11560
11979
10253
11246
12551
13028
8775
8612
14780
11322
11004
10527
9619
12309
8374
9045
116264
40740
36743
41134
203399
162084
48994
852338
289385
40405
105099
39152
44755
47957
61569
48752
39714
341617
50544
119150
61616
37515
47239
98387
39379
55074
51073
42426
581890
59335
138030
213538
23920
10542
12264
11275
8327
9060
9634
9793
10300
28840
15228
12026
8822
8597
10067
9392
12281
19906
10972
16218
9651
9808
8342
9077
19664
14478
15944
11214
10050
9377
8807
8580
34931
879892
126230
41599
44787
205082
56427
51693
427250
973120
61055
39457
121383
58099
34285
48289
46393
39440
40150
653907
37817
113928
219012
33562
161608
115214
50512
160142
143376
122401
44738
47940
18884
11263
11577
25544
8790
8629
12566
13045
10989
10510
12232
11307
8359
9028
9602
9825
13393
8663
12660
9458
10366
11165
15166
22789
13984
8998
13189
9731
10895
16137
14799
11337
37851
56618
38654
200562
129489
112416
53670
132256
133853
33964
44704
38892
126277
36582
212613
35779
202804
98336
37147
37624
40564
283495
54851
54688
44128
55358
209706
59316
101240
141403
63608
49460
9681
9778
8436
8983
14846
11384
10942
24288
10016
9411
8709
8678
23255
14572
10319
11180
52504
44835
37706
56763
39973
59515
49783
798957
33531
63141
58886
58853
160414
35666
41310
61359
12773
9315
8869
8518
15279
14412
16010
11020
9585
12535
8276
9143
14686
25034
10782
16280
8293
9094
13093
12486
10799
10700
12042
11497
8852
14098
10161
9298
10462
11069
15262
11800
34799
43206
38063
123241
60541
104891
40677
42921
37755
56714
790682
103461
41886
36023
39956
437032
426935
54611
132464
141913
37352
752383
140272
48100
46489
345021
101259
50402
133358
100103
38460
38367
15400
10670
14605
11403
8199
13697
17658
9921
16089
19079
11673
29965
8950
8469
12726
9264
11688
11851
10381
19126
10210
9217
13474
8484
12121
11450
15385
25741
13174
9968
8246
9173
35362
40868
36615
41006
38413
227388
37672
267049
35027
40277
130003
46266
33433
44464
272532
557433
506449
55170
35379
45951
114283
287877
32889
47413
41261
584442
517874
35617
443599
642530
62773
38670
10396
11135
76833
20354
13491
8501
10227
9232
15368
10638
12104
11435
8231
9156
13159
9953
12153
15103
10844
10687
9523
9936
8214
9205
11656
11883
18805
15659
10178
9249
8935
8452
141739
50690
39859
63880
44659
123162
37369
140583
45229
65116
115629
112627
56127
55516
34157
729960
38078
48023
56457
37496
42075
35698
265814
46328
109944
357902
49056
48195
135575
135796
115663
293113
13108
12503
8308
9111
14718
11512
10814
10717
10144
21502
8837
8550
11754
11785
26077
11052
8884
8535
10129
9330
10494
11037
19459
11832
8261
9126
9568
9859
10767
10732
12074
19729
49041
52175
104422
38301
41918
55264
220460
45853
37290
127497
55709
199939
569868
151270
427728
42889
16057
11071
23108
14463
8854
8565
10163
9296
15432
10702
12040
11499
8295
9092
13095
9889
107012
39632
35443
42330
34076
117365
274193
210303
41325
107286
212519
45518
56474
48801
339064
57587
40662
116698
55009
41663
687600
48053
99908
501533
142106
40900
104602
46635
104437
57907
353935
52188
12089
11482
10780
10751
9587
9872
8278
13776
11720
11819
10477
11022
10114
9313
8871
8516
9489
9970
8244
9175
14654
11448
10878
10653
10208
9219
8901
8486
24760
11849
10383
15625
202996
33144
37339
48882
42011
45469
36340
54624
44192
162214
49120
34476
64925
65150
36613
129731
737600
37112
134601
752937
49702
266037
808866
45917
37354
658648
55773
147913
54962
41708
212549
269956
8948
8471
12724
9266
10430
15672
11675
14365
8197
9190
9504
9923
24050
10668
14607
11401
10176
9251
8933
8454
11658
11881
10415
11084
9521
27584
8212
9207
12155
19776
19334
10685
32842
98865
43429
117254
133010
131014
61181
290556
33467
224394
102499
163410
222499
135397
112355
208631
43877
58772
213906
33129
104984
54641
40613
105694
138921
34493
263065
33688
46523
136960
35377
53925
8229
9158
9472
12422
10863
18516
12106
11433
8916
8503
10225
17866
10398
11133
11707
11864
10765
10734
12072
11467
8263
13761
17594
9857
10492
11039
11737
11834
13523
8533
12790
9328
39906
61372
130695
198475
37288
33838
113119
33035
61102
41055
212214
35248
49043
149087
134539
55437
220447
42315
54320
101692
56159
38318
37736
34542
45628
53255
208246
38960
225035
38751
263198
37498
11752
30076
16040
11054
27312
12836
8839
8548
14716
15007
29003
10719
9555
9904
8310
9109
11951
15145
15855
10345
9445
9990
8640
8739
11358
12221
10619
10904
9748
9719
13652
8402
35109
42508
126016
569450
47552
38633
36911
51387
264246
50469
131939
155992
210747
33405
43121
217125
156298
115113
279829
50452
122469
61652
38858
58260
216361
131648
46011
40082
504636
743363
57990
508487
10570
10921
14858
12172
8960
8419
20888
9670
19043
10328
22819
15128
27875
8722
9428
10039
9058
8321
12322
9636
24213
10955
11277
14731
8595
8816
13011
20712
11225
10298
12028
15226
43042
48548
33229
53052
54741
49235
125895
50550
61860
48981
52782
63330
35923
61032
222372
879633
148365
632986
36941
57020
42381
220633
105375
63548
33276
44757
114670
140898
294889
65512
36499
145997
9351
10084
8610
13348
11981
11566
15757
10251
9846
9621
9043
8368
11324
19975
16252
11002
8627
8784
9366
10101
11257
15999
20228
11583
13607
8353
12290
9604
18640
10987
11309
14763
34361
291205
262398
33023
49505
219373
280486
35509
509490
56412
103952
44740
41544
969509
35751
45803
145121
44789
48726
152063
150294
40464
197305
47103
110207
38571
122087
99443
42413
329982
60826
41835
9814
9653
9075
8336
14969
20007
10553
10970
12994
12577
8578
8801
12013
11534
11208
10283
11390
12189
10587
10936
9780
17423
8977
8434
66525
11628
15823
15916
12960
12611
8672
13414
110787
156765
115291
54853
33214
37944
58691
332647
35077
35558
150688
36803
52829
63249
52088
724133
49411
36850
40785
275354
61926
48919
33662
32925
46159
47020
141981
107892
33962
122278
113336
58292
11163
18848
11966
19589
8657
8754
9460
10007
10602
10889
11343
12204
8992
8387
9733
9702
61892
122741
52814
139751
35891
54439
563797
135426
37613
51833
38856
33358
61210
279505
110800
42190
8691
8720
9430
10037
11193
10330
11932
15130
8962
8417
9767
9668
10568
10923
24959
12174
9750
9717
9011
8400
11356
14810
10617
10906
9447
9988
14247
8737
11949
23283
11144
15886
33180
37914
33977
278039
279846
59885
39062
54887
144464
63283
343709
37838
40770
51158
55157
104476
157694
201272
46142
290632
118132
53007
48756
56399
40736
101182
60856
36739
38250
63313
36943
57022
11326
25295
10523
11000
12305
9623
13620
8370
14506
11564
15759
10249
9349
10086
8608
8771
15806
10296
12030
11549
8593
8818
9396
10071
16207
10953
19927
12268
9056
8323
9797
13251
35921
39383
59564
35479
43729
683156
45044
47730
50098
39718
212256
34918
223544
34569
38826
118438
50295
51092
41098
153926
123759
801959
43712
34281
105577
42173
46110
49216
33246
33341
58659
51722
12015
11532
15791
10281
9381
10054
14309
8803
11294
12285
18659
10968
9812
9655
13588
8338
10506
10985
11311
19988
13605
8355
9829
13283
11259
10264
11998
15192
14292
8786
9364
10103
39141
514556
60029
42124
37551
117667
38794
37993
161374
49792
35156
207479
61830
58368
33566
63296
37581
37166
118023
148206
41512
41419
42765
149668
458644
266301
110126
432266
35859
54407
45977
146920
8994
8385
9735
9700
18608
10891
11341
12206
8659
13397
17710
10005
11161
24519
14553
15162
9415
10020
8674
8705
14568
15115
15821
10315
9782
9685
8979
8432
11388
12191
10585
10938
103600
57718
59312
114364
50197
35556
126050
39332
57444
44693
971960
158512
45401
42207
46204
64141
9878
9589
9139
8272
11484
12095
10745
10778
9319
10116
8514
8865
14408
11726
11016
10475
104161
33535
43251
48501
45561
42111
46300
55015
44839
199684
786444
122820
42349
65017
46637
36705
56718
37759
205596
47760
112516
49730
111265
105864
37485
37262
33069
47201
36418
624927
42925
42062
8563
8848
12851
12752
11065
10458
22945
23106
9090
8289
12482
9540
10696
10795
11501
12046
15678
10424
14363
15352
8465
8946
9268
10199
10666
19345
11407
12140
9184
8195
9925
9510
440334
136389
40849
60367
34459
37661
33726
138154
36384
41225
560675
42028
37391
37356
48096
53182
53315
115805
575013
202653
38683
103776
33883
102469
59421
35366
46671
39270
273575
44198
34474
557167
11454
12125
10651
15389
20809
13170
9169
8242
23026
23057
15631
10377
9221
12675
8480
17179
10634
10857
11439
25182
9152
8227
9957
9478
15646
10392
20358
24751
16617
8914
9236
17967
39013
64094
119242
41996
116928
34729
57527
347620
46686
39287
222214
50981
59235
43410
38395
287303
50423
750743
336496
36643
38346
52574
48165
734954
42974
42045
63884
197080
52300
47122
103302
149272
14346
11660
11082
10409
9253
10182
8448
8931
15099
20133
10683
10840
12465
9527
9201
8210
9287
12737
8546
8833
11789
11758
11048
10443
9910
13104
13814
8304
11516
22690
18433
10810
687300
287252
224058
103158
50325
35428
49584
674535
333091
152634
33817
204181
42940
115743
208531
112263
48775
61558
113210
33518
36450
41291
157453
119371
346545
56909
62529
213255
679760
54279
42364
651059
9122
13860
9863
9572
10728
19411
25055
14667
8531
8880
9334
10133
28782
10490
11836
11743
36416
41321
521008
130723
37487
34793
57591
868159
451353
120253
59468
133093
34555
56943
33758
32829
10698
10793
25085
12044
9088
13830
18301
13091
11067
10456
14459
30346
8561
8850
12849
10167
22930
11724
15727
16012
9317
10118
8512
8867
11486
14680
10747
10776
9876
9591
9137
8274
149797
146811
60760
46540
98935
47779
34506
58609
110691
149559
54534
36242
55913
38040
57164
48503
281981
38411
52154
43393
40866
45195
46669
219260
63169
144802
43155
34746
35638
100685
349982
41274
9223
10212
8482
8897
11853
15307
23765
10379
12435
9493
9171
8240
11452
12127
10649
10874
9186
8193
9927
13121
10664
10827
19797
20150
8467
8944
9270
12720
11097
10426
14361
15354
37389
683751
147917
134972
115368
106643
45480
35044
43603
108584
812192
434917
221441
46495
45913
45242
139268
53165
152220
48437
101006
59693
41721
46975
38344
199748
59216
223417
100479
45227
129767
41963
9942
9525
9203
8208
23329
20135
10681
10842
9255
10180
8450
8929
11885
15339
15661
16078
8499
8912
9238
17965
11129
16127
14393
15322
9154
13892
12418
13153
10632
10859
15048
12110
48150
117200
567920
347927
36083
960652
42268
119002
223642
102486
728612
44612
211111
54934
45448
65401
55270
49760
45851
337127
102694
62085
139942
134543
36448
105086
155040
34982
37455
43779
162592
58164
11035
10488
14427
11741
8529
8882
9332
10135
16271
15468
11471
12076
13765
8259
12512
9574
15003
14712
10715
10808
12497
9559
9105
8306
11791
19508
11050
10441
9285
10150
8544
8835
588271
50565
54566
39895
33086
103712
148635
43826
35205
35430
496941
54324
38314
32812
203909
51227
