second	tx	tx_get	tx_put	tx_del	rx	rx_getSucc	rx_putSucc	rx_delSucc
1	44970.00	15237.00	0.00	0.00	15522.00	15522.00	0.00	0.00	0.00	0.00	29733.00	0.00	0.00
2	65958.00	23098.00	0.00	0.00	23456.00	23455.00	0.00	0.00	0.00	0.00	42860.00	489.54	45.45
3	67069.00	24622.00	0.00	0.00	24884.00	24884.00	0.00	0.00	0.00	0.00	42447.00	472.87	41.07
4	69048.00	27174.00	0.00	0.00	27395.00	27395.00	0.00	0.00	0.00	0.00	41874.00	453.42	38.12
5	69903.00	28347.00	0.00	0.00	28566.00	28566.00	0.00	0.00	0.00	0.00	41556.00	447.97	36.06
6	71423.00	30251.00	0.00	0.00	30456.00	30456.00	0.00	0.00	0.00	0.00	41172.00	431.80	33.88
7	72533.00	31818.00	0.00	0.00	32033.00	32033.00	0.00	0.00	0.00	0.00	40715.00	429.37	32.17
8	72926.00	32184.00	0.00	0.00	32374.00	32374.00	0.00	0.00	0.00	0.00	40742.00	430.08	31.55
9	74434.00	34228.00	0.00	0.00	34411.00	34411.00	0.00	0.00	0.00	0.00	40206.00	410.39	29.44
10	74172.00	33918.00	0.00	0.00	34062.00	34062.00	0.00	0.00	0.00	0.00	40254.00	411.42	29.38
11	75815.00	36076.00	0.00	0.00	36233.00	36233.00	0.00	0.00	0.00	0.00	39739.00	388.03	28.29
12	76292.00	36685.00	0.00	0.00	36788.00	36788.00	0.00	0.00	0.00	0.00	39607.00	385.61	28.87
13	76234.00	36628.00	0.00	0.00	36751.00	36751.00	0.00	0.00	0.00	0.00	39606.00	388.17	28.53
14	77018.00	37496.00	0.00	0.00	37595.00	37595.00	0.00	0.00	0.00	0.00	39522.00	390.34	27.35
15	77965.00	38873.00	0.00	0.00	38961.00	38961.00	0.00	0.00	0.00	0.00	39092.00	375.20	25.08
16	79234.00	40372.00	0.00	0.00	40456.00	40456.00	0.00	0.00	0.00	0.00	38862.00	372.77	24.87
17	77551.00	38259.00	0.00	0.00	38352.00	38352.00	0.00	0.00	0.00	0.00	39292.00	377.99	25.75
18	78470.00	39418.00	0.00	0.00	39507.00	39507.00	0.00	0.00	0.00	0.00	39052.00	388.88	26.01
19	78191.00	39093.00	0.00	0.00	39191.00	39191.00	0.00	0.00	0.00	0.00	39098.00	375.37	24.09
20	78713.00	39740.00	0.00	0.00	39833.00	39833.00	0.00	0.00	0.00	0.00	38973.00	390.04	27.15
21	78925.00	40111.00	0.00	0.00	40184.00	40184.00	0.00	0.00	0.00	0.00	38814.00	388.82	24.99
22	79525.00	40823.00	0.00	0.00	40947.00	40947.00	0.00	0.00	0.00	0.00	38702.00	371.36	25.19
23	79868.00	41235.00	0.00	0.00	41326.00	41326.00	0.00	0.00	0.00	0.00	38633.00	372.37	24.71
24	79370.00	40592.00	0.00	0.00	40689.00	40689.00	0.00	0.00	0.00	0.00	38778.00	369.52	24.95
25	80575.00	42231.00	0.00	0.00	42346.00	42346.00	0.00	0.00	0.00	0.00	38344.00	367.96	24.01
26	79157.00	40431.00	0.00	0.00	40500.00	40500.00	0.00	0.00	0.00	0.00	38726.00	369.65	25.23
27	80378.00	41958.00	0.00	0.00	42041.00	42041.00	0.00	0.00	0.00	0.00	38420.00	351.96	23.16
28	79037.00	40322.00	0.00	0.00	40429.00	40429.00	0.00	0.00	0.00	0.00	38715.00	369.99	24.40
29	80369.00	41991.00	0.00	0.00	42076.00	42076.00	0.00	0.00	0.00	0.00	38378.00	371.25	25.29
30	80385.00	42047.00	0.00	0.00	42169.00	42169.00	0.00	0.00	0.00	0.00	38338.00	354.67	22.67
31	80478.00	42192.00	0.00	0.00	42253.00	42253.00	0.00	0.00	0.00	0.00	38286.00	371.32	24.35
32	80956.00	42762.00	0.00	0.00	42839.00	42839.00	0.00	0.00	0.00	0.00	38194.00	369.32	23.38
33	80802.00	42551.00	0.00	0.00	42627.00	42627.00	0.00	0.00	0.00	0.00	38251.00	350.63	22.87
34	79723.00	41033.00	0.00	0.00	41414.00	41413.00	0.00	0.00	0.00	0.00	38690.00	347.92	22.31
35	52008.00	4601.00	0.00	0.00	6611.00	6611.00	0.00	0.00	0.00	0.00	47407.00	737.93	124.84
36	52873.00	6486.00	0.00	0.00	7209.00	7209.00	0.00	0.00	0.00	0.00	46387.00	610.68	124.79
37	53330.00	7351.00	0.00	0.00	7774.00	7774.00	0.00	0.00	0.00	0.00	45979.00	580.69	124.78
38	53911.00	8364.00	0.00	0.00	8698.00	8698.00	0.00	0.00	0.00	0.00	45547.00	551.55	119.71
39	54388.00	9034.00	0.00	0.00	9274.00	9274.00	0.00	0.00	0.00	0.00	45354.00	548.74	110.23
40	54804.00	9783.00	0.00	0.00	9997.00	9997.00	0.00	0.00	0.00	0.00	45021.00	524.46	103.64
41	55920.00	11478.00	0.00	0.00	11709.00	11709.00	0.00	0.00	0.00	0.00	44442.00	527.76	89.60
42	56151.00	11860.00	0.00	0.00	12075.00	12075.00	0.00	0.00	0.00	0.00	44291.00	508.31	85.47
43	56623.00	12651.00	0.00	0.00	12823.00	12823.00	0.00	0.00	0.00	0.00	43972.00	490.83	79.45
44	57296.00	13714.00	0.00	0.00	13866.00	13866.00	0.00	0.00	0.00	0.00	43582.00	473.67	74.63
45	57640.00	14294.00	0.00	0.00	14396.00	14396.00	0.00	0.00	0.00	0.00	43346.00	473.49	69.85
46	57935.00	14665.00	0.00	0.00	14773.00	14773.00	0.00	0.00	0.00	0.00	43270.00	455.20	68.01
47	58988.00	16178.00	0.00	0.00	16309.00	16309.00	0.00	0.00	0.00	0.00	42810.00	450.82	61.61
48	59468.00	16797.00	0.00	0.00	16894.00	16894.00	0.00	0.00	0.00	0.00	42671.00	451.54	59.95
49	59653.00	16912.00	0.00	0.00	17038.00	17038.00	0.00	0.00	0.00	0.00	42741.00	451.00	59.40
50	60152.00	17673.00	0.00	0.00	17755.00	17755.00	0.00	0.00	0.00	0.00	42479.00	448.51	56.43
51	60340.00	18008.00	0.00	0.00	18075.00	18075.00	0.00	0.00	0.00	0.00	42332.00	436.18	56.26
52	60505.00	18199.00	0.00	0.00	18261.00	18261.00	0.00	0.00	0.00	0.00	42306.00	430.88	53.90
53	60679.00	18405.00	0.00	0.00	18495.00	18495.00	0.00	0.00	0.00	0.00	42274.00	431.60	55.13
54	61190.00	19141.00	0.00	0.00	19246.00	19246.00	0.00	0.00	0.00	0.00	42049.00	412.62	52.18
55	60845.00	18780.00	0.00	0.00	18921.00	18921.00	0.00	0.00	0.00	0.00	42065.00	428.49	53.86
56	61368.00	19520.00	0.00	0.00	19593.00	19593.00	0.00	0.00	0.00	0.00	41848.00	412.93	51.48
57	60828.00	18641.00	0.00	0.00	18707.00	18707.00	0.00	0.00	0.00	0.00	42187.00	428.06	53.65
58	61529.00	19695.00	0.00	0.00	19801.00	19801.00	0.00	0.00	0.00	0.00	41834.00	411.00	50.65
59	61584.00	19716.00	0.00	0.00	19838.00	19838.00	0.00	0.00	0.00	0.00	41868.00	413.73	50.78
60	62091.00	20621.00	0.00	0.00	20749.00	20749.00	0.00	0.00	0.00	0.00	41470.00	408.05	49.07
61	62069.00	20489.00	0.00	0.00	20577.00	20577.00	0.00	0.00	0.00	0.00	41580.00	409.65	48.64
62	62255.00	20743.00	0.00	0.00	20836.00	20836.00	0.00	0.00	0.00	0.00	41512.00	411.68	48.00
63	61946.00	20258.00	0.00	0.00	20346.00	20346.00	0.00	0.00	0.00	0.00	41688.00	428.99	47.82
64	62366.00	20833.00	0.00	0.00	20915.00	20915.00	0.00	0.00	0.00	0.00	41533.00	391.01	46.62
65	62696.00	21406.00	0.00	0.00	21501.00	21501.00	0.00	0.00	0.00	0.00	41290.00	411.25	47.08
66	62436.00	20984.00	0.00	0.00	21036.00	21036.00	0.00	0.00	0.00	0.00	41452.00	392.90	46.65
67	62709.00	21392.00	0.00	0.00	21462.00	21462.00	0.00	0.00	0.00	0.00	41317.00	393.96	46.20
68	62806.00	21420.00	0.00	0.00	21477.00	21477.00	0.00	0.00	0.00	0.00	41386.00	390.23	45.31
69	62681.00	21297.00	0.00	0.00	21370.00	21370.00	0.00	0.00	0.00	0.00	41384.00	408.94	47.72
70	63186.00	22057.00	0.00	0.00	22108.00	22108.00	0.00	0.00	0.00	0.00	41129.00	408.24	44.62
71	63139.00	21907.00	0.00	0.00	21953.00	21953.00	0.00	0.00	0.00	0.00	41232.00	389.00	45.21
72	62922.00	21667.00	0.00	0.00	21734.00	21734.00	0.00	0.00	0.00	0.00	41255.00	400.77	46.33
73	62974.00	21779.00	0.00	0.00	21845.00	21845.00	0.00	0.00	0.00	0.00	41195.00	408.36	46.92
74	62500.00	20941.00	0.00	0.00	21264.00	21263.00	0.00	0.00	0.00	0.00	41559.00	389.24	45.34
75	53721.00	7070.00	0.00	0.00	8752.00	8752.00	0.00	0.00	0.00	0.00	46651.00	706.88	124.81
76	55225.00	9550.00	0.00	0.00	10168.00	10168.00	0.00	0.00	0.00	0.00	45675.00	608.30	106.13
77	56333.00	11136.00	0.00	0.00	11541.00	11541.00	0.00	0.00	0.00	0.00	45197.00	571.46	90.21
78	56879.00	11950.00	0.00	0.00	12237.00	12237.00	0.00	0.00	0.00	0.00	44929.00	534.56	84.85
79	57807.00	13316.00	0.00	0.00	13550.00	13550.00	0.00	0.00	0.00	0.00	44491.00	519.04	76.06
80	58273.00	14126.00	0.00	0.00	14339.00	14339.00	0.00	0.00	0.00	0.00	44147.00	510.71	74.79
81	58957.00	15048.00	0.00	0.00	15224.00	15224.00	0.00	0.00	0.00	0.00	43909.00	480.85	67.07
82	59407.00	15860.00	0.00	0.00	15967.00	15967.00	0.00	0.00	0.00	0.00	43547.00	472.40	62.39
83	59904.00	16613.00	0.00	0.00	16750.00	16750.00	0.00	0.00	0.00	0.00	43291.00	469.34	60.54
84	60436.00	17448.00	0.00	0.00	17545.00	17545.00	0.00	0.00	0.00	0.00	42988.00	468.02	59.73
85	60664.00	17944.00	0.00	0.00	18036.00	18036.00	0.00	0.00	0.00	0.00	42720.00	467.94	56.97
86	60845.00	18221.00	0.00	0.00	18294.00	18294.00	0.00	0.00	0.00	0.00	42624.00	448.14	55.03
87	61142.00	18880.00	0.00	0.00	18926.00	18926.00	0.00	0.00	0.00	0.00	42262.00	430.60	53.01
88	61354.00	19321.00	0.00	0.00	19375.00	19375.00	0.00	0.00	0.00	0.00	42033.00	428.24	51.08
89	61781.00	19828.00	0.00	0.00	19895.00	19895.00	0.00	0.00	0.00	0.00	41953.00	427.95	51.44
90	61845.00	19909.00	0.00	0.00	19966.00	19966.00	0.00	0.00	0.00	0.00	41936.00	412.98	49.96
91	61732.00	19859.00	0.00	0.00	19912.00	19912.00	0.00	0.00	0.00	0.00	41873.00	412.45	51.41
92	61909.00	20078.00	0.00	0.00	20151.00	20151.00	0.00	0.00	0.00	0.00	41831.00	428.62	49.55
93	61990.00	20276.00	0.00	0.00	20348.00	20348.00	0.00	0.00	0.00	0.00	41714.00	391.29	47.89
94	62152.00	20610.00	0.00	0.00	20690.00	20690.00	0.00	0.00	0.00	0.00	41542.00	408.08	48.37
95	61825.00	20096.00	0.00	0.00	20159.00	20159.00	0.00	0.00	0.00	0.00	41729.00	411.20	50.60
96	62296.00	20890.00	0.00	0.00	20947.00	20947.00	0.00	0.00	0.00	0.00	41406.00	408.21	47.61
97	62306.00	20864.00	0.00	0.00	20942.00	20942.00	0.00	0.00	0.00	0.00	41442.00	409.31	46.71
98	62246.00	20735.00	0.00	0.00	20791.00	20791.00	0.00	0.00	0.00	0.00	41511.00	407.57	46.76
99	62379.00	20983.00	0.00	0.00	21037.00	21037.00	0.00	0.00	0.00	0.00	41396.00	408.53	48.44
100	62731.00	21490.00	0.00	0.00	21537.00	21537.00	0.00	0.00	0.00	0.00	41241.00	386.97	46.44
101	62776.00	21524.00	0.00	0.00	21597.00	21597.00	0.00	0.00	0.00	0.00	41252.00	387.80	46.60
102	62960.00	21645.00	0.00	0.00	21717.00	21717.00	0.00	0.00	0.00	0.00	41315.00	388.94	44.95
103	62659.00	21249.00	0.00	0.00	21330.00	21330.00	0.00	0.00	0.00	0.00	41410.00	390.30	47.18
104	63357.00	22347.00	0.00	0.00	22388.00	22388.00	0.00	0.00	0.00	0.00	41010.00	388.06	43.58
105	63322.00	22192.00	0.00	0.00	22239.00	22239.00	0.00	0.00	0.00	0.00	41130.00	371.36	43.51
106	63209.00	21932.00	0.00	0.00	21966.00	21966.00	0.00	0.00	0.00	0.00	41277.00	389.79	45.72
107	63082.00	21992.00	0.00	0.00	22028.00	22028.00	0.00	0.00	0.00	0.00	41090.00	381.28	44.21
108	63431.00	22422.00	0.00	0.00	22459.00	22459.00	0.00	0.00	0.00	0.00	41009.00	380.07	42.97
109	62871.00	21620.00	0.00	0.00	21678.00	21678.00	0.00	0.00	0.00	0.00	41251.00	388.70	45.81
110	63592.00	22730.00	0.00	0.00	22774.00	22774.00	0.00	0.00	0.00	0.00	40862.00	371.89	44.00
111	63438.00	22504.00	0.00	0.00	22568.00	22568.00	0.00	0.00	0.00	0.00	40934.00	371.30	43.75
112	63437.00	22542.00	0.00	0.00	22592.00	22592.00	0.00	0.00	0.00	0.00	40895.00	375.32	44.66
113	63433.00	22452.00	0.00	0.00	22493.00	22493.00	0.00	0.00	0.00	0.00	40981.00	374.71	43.76
114	63174.00	22070.00	0.00	0.00	22413.00	22412.00	0.00	0.00	0.00	0.00	41104.00	369.22	42.32
115	52570.00	5644.00	0.00	0.00	7184.00	7184.00	0.00	0.00	0.00	0.00	46926.00	662.07	124.80
116	53518.00	7643.00	0.00	0.00	8175.00	8175.00	0.00	0.00	0.00	0.00	45875.00	593.83	124.83
117	54016.00	8572.00	0.00	0.00	8859.00	8859.00	0.00	0.00	0.00	0.00	45444.00	568.33	116.66
118	54882.00	9827.00	0.00	0.00	10034.00	10034.00	0.00	0.00	0.00	0.00	45055.00	530.92	102.66
119	55515.00	10777.00	0.00	0.00	10917.00	10917.00	0.00	0.00	0.00	0.00	44738.00	523.50	93.34
120	55708.00	11038.00	0.00	0.00	11151.00	11151.00	0.00	0.00	0.00	0.00	44670.00	499.54	91.14
121	56237.00	11883.00	0.00	0.00	11991.00	11991.00	0.00	0.00	0.00	0.00	44354.00	489.70	84.24
122	56726.00	12707.00	0.00	0.00	12794.00	12794.00	0.00	0.00	0.00	0.00	44019.00	470.20	79.10
123	57460.00	13807.00	0.00	0.00	13882.00	13882.00	0.00	0.00	0.00	0.00	43653.00	469.11	73.76
124	57784.00	14225.00	0.00	0.00	14301.00	14301.00	0.00	0.00	0.00	0.00	43559.00	468.33	69.85
125	58355.00	15195.00	0.00	0.00	15250.00	15250.00	0.00	0.00	0.00	0.00	43160.00	447.91	65.93
126	58840.00	15931.00	0.00	0.00	15978.00	15978.00	0.00	0.00	0.00	0.00	42909.00	431.17	62.46
127	58986.00	16106.00	0.00	0.00	16157.00	16157.00	0.00	0.00	0.00	0.00	42880.00	431.52	62.37
128	59250.00	16487.00	0.00	0.00	16538.00	16538.00	0.00	0.00	0.00	0.00	42763.00	428.79	59.09
129	59983.00	17648.00	0.00	0.00	17717.00	17717.00	0.00	0.00	0.00	0.00	42335.00	411.68	56.82
130	60291.00	18146.00	0.00	0.00	18181.00	18181.00	0.00	0.00	0.00	0.00	42145.00	408.75	54.85
131	60515.00	18410.00	0.00	0.00	18455.00	18455.00	0.00	0.00	0.00	0.00	42105.00	408.59	54.23
132	60939.00	19075.00	0.00	0.00	19123.00	19123.00	0.00	0.00	0.00	0.00	41864.00	391.99	51.78
133	61464.00	19853.00	0.00	0.00	19913.00	19913.00	0.00	0.00	0.00	0.00	41611.00	388.41	50.87
134	61428.00	19879.00	0.00	0.00	19946.00	19946.00	0.00	0.00	0.00	0.00	41549.00	388.50	49.45
135	61678.00	20304.00	0.00	0.00	20356.00	20356.00	0.00	0.00	0.00	0.00	41374.00	387.98	49.00
136	61430.00	19879.00	0.00	0.00	19938.00	19938.00	0.00	0.00	0.00	0.00	41551.00	375.75	50.56
137	61820.00	20500.00	0.00	0.00	20560.00	20560.00	0.00	0.00	0.00	0.00	41320.00	388.02	49.87
138	61847.00	20504.00	0.00	0.00	20547.00	20547.00	0.00	0.00	0.00	0.00	41343.00	387.84	47.76
139	62001.00	20781.00	0.00	0.00	20837.00	20837.00	0.00	0.00	0.00	0.00	41220.00	371.73	48.77
140	62173.00	20955.00	0.00	0.00	21035.00	21035.00	0.00	0.00	0.00	0.00	41218.00	369.67	47.79
141	62056.00	20890.00	0.00	0.00	20941.00	20941.00	0.00	0.00	0.00	0.00	41166.00	379.56	48.15
142	62064.00	20906.00	0.00	0.00	20968.00	20968.00	0.00	0.00	0.00	0.00	41158.00	388.63	47.43
143	62454.00	21405.00	0.00	0.00	21476.00	21476.00	0.00	0.00	0.00	0.00	41049.00	372.31	46.11
144	62186.00	21012.00	0.00	0.00	21067.00	21067.00	0.00	0.00	0.00	0.00	41174.00	378.04	46.52
145	62459.00	21420.00	0.00	0.00	21490.00	21490.00	0.00	0.00	0.00	0.00	41039.00	387.84	47.63
146	62441.00	21410.00	0.00	0.00	21454.00	21454.00	0.00	0.00	0.00	0.00	41031.00	371.14	46.65
147	62442.00	21424.00	0.00	0.00	21471.00	21471.00	0.00	0.00	0.00	0.00	41018.00	372.25	46.39
148	62252.00	21156.00	0.00	0.00	21197.00	21197.00	0.00	0.00	0.00	0.00	41096.00	377.69	46.59
149	62189.00	21012.00	0.00	0.00	21058.00	21058.00	0.00	0.00	0.00	0.00	41177.00	376.79	48.23
150	62766.00	21876.00	0.00	0.00	21918.00	21918.00	0.00	0.00	0.00	0.00	40890.00	368.64	45.64
151	62732.00	21868.00	0.00	0.00	21930.00	21930.00	0.00	0.00	0.00	0.00	40864.00	370.36	46.98
152	62842.00	22036.00	0.00	0.00	22081.00	22081.00	0.00	0.00	0.00	0.00	40806.00	371.02	45.67
153	62205.00	21098.00	0.00	0.00	21133.00	21133.00	0.00	0.00	0.00	0.00	41107.00	372.41	46.42
154	61794.00	20361.00	0.00	0.00	20684.00	20683.00	0.00	0.00	0.00	0.00	41433.00	369.26	45.67
155	144263.00	139111.00	0.00	0.00	139466.00	139466.00	0.00	0.00	0.00	0.00	5152.00	510.14	20.31
156	169613.00	169574.00	0.00	0.00	169614.00	169614.00	0.00	0.00	0.00	0.00	39.00	8.56	5.80
157	171450.00	171401.00	0.00	0.00	171449.00	171449.00	0.00	0.00	0.00	0.00	49.00	8.62	5.67
158	171097.00	171067.00	0.00	0.00	171097.00	171097.00	0.00	0.00	0.00	0.00	30.00	8.61	5.72
159	171486.00	171425.00	0.00	0.00	171486.00	171486.00	0.00	0.00	0.00	0.00	61.00	8.31	5.62
160	0.00	0.00	0.00	0.00	0.00	0.00	0.00	0.00	0.00	0.00	0.00	8.42	5.61
