second	tx	tx_get	tx_put	tx_del	rx	rx_getSucc	rx_putSucc	rx_delSucc
1	34518.00	1.00	0.00	0.00	0.00	0.00	0.00	0.00	0.00	0.00	34517.00	0.00	0.00
2	49768.00	1.00	0.00	0.00	0.00	0.00	0.00	0.00	0.00	1.00	49767.00	0.00	125.00
3	49772.00	1.00	0.00	0.00	0.00	0.00	0.00	0.00	0.00	1.00	49771.00	0.00	125.00
4	49771.00	1.00	0.00	0.00	0.00	0.00	0.00	0.00	0.00	1.00	49770.00	0.00	125.00
5	49748.00	1.00	0.00	0.00	0.00	0.00	0.00	0.00	0.00	1.00	49747.00	0.00	125.00
6	49771.00	1.00	0.00	0.00	0.00	0.00	0.00	0.00	0.00	1.00	49770.00	0.00	125.00
7	49761.00	1.00	0.00	0.00	0.00	0.00	0.00	0.00	0.00	1.00	49760.00	0.00	125.00
8	49768.00	1.00	0.00	0.00	0.00	0.00	0.00	0.00	0.00	1.00	49767.00	0.00	125.00
9	49758.00	1.00	0.00	0.00	0.00	0.00	0.00	0.00	0.00	1.00	49757.00	0.00	125.00
10	49769.00	1.00	0.00	0.00	0.00	0.00	0.00	0.00	0.00	1.00	49768.00	0.00	125.00
11	49762.00	1.00	0.00	0.00	0.00	0.00	0.00	0.00	0.00	1.00	49761.00	0.00	125.00
12	49752.00	1.00	0.00	0.00	0.00	0.00	0.00	0.00	0.00	1.00	49751.00	0.00	125.00
13	49778.00	1.00	0.00	0.00	0.00	0.00	0.00	0.00	0.00	1.00	49777.00	0.00	125.00
14	49784.00	1.00	0.00	0.00	0.00	0.00	0.00	0.00	0.00	1.00	49783.00	0.00	125.00
15	49765.00	1.00	0.00	0.00	0.00	0.00	0.00	0.00	0.00	1.00	49764.00	0.00	125.00
16	49767.00	1.00	0.00	0.00	0.00	0.00	0.00	0.00	0.00	1.00	49766.00	0.00	125.00
17	50863.00	1839.00	0.00	0.00	1841.00	1841.00	0.00	0.00	0.00	1.00	49024.00	307.45	211.52
18	58244.00	13956.00	0.00	0.00	22170.00	22170.00	0.00	0.00	0.00	0.00	44288.00	770.29	76.59
19	59154.00	14883.00	0.00	0.00	21906.00	21906.00	0.00	0.00	0.00	0.00	44271.00	449.40	67.18
20	59151.00	14884.00	0.00	0.00	22810.00	22810.00	0.00	0.00	0.00	0.00	44267.00	528.05	71.97
21	59036.00	14699.00	0.00	0.00	22741.00	22741.00	0.00	0.00	0.00	0.00	44337.00	447.67	66.33
22	59320.00	15276.00	0.00	0.00	22467.00	22467.00	0.00	0.00	0.00	0.00	44044.00	428.42	61.61
23	58948.00	14519.00	0.00	0.00	22862.00	22862.00	0.00	0.00	0.00	0.00	44429.00	448.44	66.65
24	59883.00	15903.00	0.00	0.00	22564.00	22564.00	0.00	0.00	0.00	0.00	43980.00	454.01	66.58
25	58872.00	14437.00	0.00	0.00	22679.00	22679.00	0.00	0.00	0.00	0.00	44435.00	455.86	66.62
26	59153.00	15021.00	0.00	0.00	21948.00	21948.00	0.00	0.00	0.00	0.00	44132.00	468.07	67.09
27	59319.00	15121.00	0.00	0.00	23174.00	23174.00	0.00	0.00	0.00	0.00	44198.00	450.43	65.78
28	59073.00	14632.00	0.00	0.00	22353.00	22353.00	0.00	0.00	0.00	0.00	44441.00	448.81	66.10
29	56889.00	11202.00	0.00	0.00	17142.00	17141.00	0.00	0.00	0.00	0.00	45687.00	653.77	73.76
30	56821.00	10646.00	0.00	0.00	17277.00	17277.00	0.00	0.00	0.00	0.00	46175.00	575.99	92.77
31	57709.00	12558.00	0.00	0.00	18848.00	18848.00	0.00	0.00	0.00	0.00	45151.00	492.39	79.60
32	57126.00	11968.00	0.00	0.00	19660.00	19660.00	0.00	0.00	0.00	0.00	45158.00	598.02	83.56
33	57551.00	12840.00	0.00	0.00	19326.00	19326.00	0.00	0.00	0.00	0.00	44711.00	471.46	77.02
34	57715.00	12782.00	0.00	0.00	20684.00	20684.00	0.00	0.00	0.00	0.00	44933.00	548.64	79.15
35	57800.00	12804.00	0.00	0.00	20060.00	20060.00	0.00	0.00	0.00	0.00	44996.00	468.10	74.61
36	57414.00	12460.00	0.00	0.00	19447.00	19447.00	0.00	0.00	0.00	0.00	44954.00	510.56	78.30
37	56990.00	11886.00	0.00	0.00	19827.00	19827.00	0.00	0.00	0.00	0.00	45104.00	541.30	84.57
38	57669.00	13034.00	0.00	0.00	19607.00	19607.00	0.00	0.00	0.00	0.00	44635.00	469.12	75.76
39	56854.00	11805.00	0.00	0.00	19598.00	19598.00	0.00	0.00	0.00	0.00	45049.00	548.51	84.02
40	57424.00	12587.00	0.00	0.00	19388.00	19388.00	0.00	0.00	0.00	0.00	44837.00	469.68	78.04
41	57353.00	12346.00	0.00	0.00	20098.00	20098.00	0.00	0.00	0.00	0.00	45007.00	593.73	80.20
42	57501.00	12450.00	0.00	0.00	20009.00	20009.00	0.00	0.00	0.00	0.00	45051.00	565.12	83.10
43	57920.00	13094.00	0.00	0.00	20215.00	20215.00	0.00	0.00	0.00	0.00	44826.00	508.51	75.70
44	57278.00	12181.00	0.00	0.00	20032.00	20032.00	0.00	0.00	0.00	0.00	45097.00	680.67	81.97
45	58304.00	13572.00	0.00	0.00	20087.00	20087.00	0.00	0.00	0.00	0.00	44732.00	470.85	73.01
46	57546.00	12575.00	0.00	0.00	20592.00	20592.00	0.00	0.00	0.00	0.00	44971.00	678.78	79.63
47	57892.00	13072.00	0.00	0.00	19937.00	19937.00	0.00	0.00	0.00	0.00	44820.00	468.90	75.10
48	57308.00	12332.00	0.00	0.00	20027.00	20027.00	0.00	0.00	0.00	0.00	44976.00	548.00	81.29
49	57720.00	12650.00	0.00	0.00	20159.00	20159.00	0.00	0.00	0.00	0.00	45070.00	672.70	82.95
50	58095.00	13399.00	0.00	0.00	20296.00	20296.00	0.00	0.00	0.00	0.00	44696.00	476.02	74.73
51	57366.00	12338.00	0.00	0.00	20379.00	20379.00	0.00	0.00	0.00	0.00	45028.00	590.16	80.02
52	58277.00	13719.00	0.00	0.00	20415.00	20415.00	0.00	0.00	0.00	0.00	44558.00	457.02	73.44
53	57639.00	12734.00	0.00	0.00	20757.00	20757.00	0.00	0.00	0.00	0.00	44905.00	575.16	80.73
54	57465.00	12719.00	0.00	0.00	19467.00	19467.00	0.00	0.00	0.00	0.00	44746.00	470.44	76.16
55	57942.00	13084.00	0.00	0.00	20981.00	20981.00	0.00	0.00	0.00	0.00	44858.00	608.12	77.40
56	57333.00	12264.00	0.00	0.00	19722.00	19722.00	0.00	0.00	0.00	0.00	45069.00	469.32	76.03
57	57579.00	12842.00	0.00	0.00	20152.00	20152.00	0.00	0.00	0.00	0.00	44737.00	510.99	77.72
58	57822.00	12941.00	0.00	0.00	20854.00	20854.00	0.00	0.00	0.00	0.00	44881.00	448.96	72.65
59	57803.00	13055.00	0.00	0.00	19586.00	19586.00	0.00	0.00	0.00	0.00	44748.00	458.23	75.43
60	57631.00	12769.00	0.00	0.00	20524.00	20524.00	0.00	0.00	0.00	0.00	44862.00	608.25	79.26
61	57428.00	12662.00	0.00	0.00	19258.00	19258.00	0.00	0.00	0.00	0.00	44766.00	467.67	77.26
62	57482.00	12633.00	0.00	0.00	20633.00	20633.00	0.00	0.00	0.00	0.00	44849.00	629.35	79.72
63	57831.00	13005.00	0.00	0.00	20375.00	20375.00	0.00	0.00	0.00	0.00	44826.00	467.59	72.90
64	57525.00	12747.00	0.00	0.00	20131.00	20131.00	0.00	0.00	0.00	0.00	44778.00	492.00	79.99
65	57321.00	12329.00	0.00	0.00	20240.00	20240.00	0.00	0.00	0.00	0.00	44992.00	653.28	82.41
66	57855.00	13247.00	0.00	0.00	20111.00	20111.00	0.00	0.00	0.00	0.00	44608.00	452.60	75.31
67	57540.00	12493.00	0.00	0.00	20453.00	20453.00	0.00	0.00	0.00	0.00	45047.00	563.15	81.00
68	57758.00	13145.00	0.00	0.00	19665.00	19665.00	0.00	0.00	0.00	0.00	44613.00	468.49	76.44
69	54897.00	8530.00	0.00	0.00	15213.00	15212.00	0.00	0.00	0.00	0.00	46367.00	2471.18	110.23
70	54201.00	7487.00	0.00	0.00	13194.00	13194.00	0.00	0.00	0.00	0.00	46714.00	2547.61	124.47
71	55798.00	10084.00	0.00	0.00	17428.00	17428.00	0.00	0.00	0.00	0.00	45714.00	2514.03	101.93
72	56040.00	10624.00	0.00	0.00	17764.00	17764.00	0.00	0.00	0.00	0.00	45416.00	631.82	92.79
73	56323.00	11216.00	0.00	0.00	18502.00	18502.00	0.00	0.00	0.00	0.00	45107.00	2072.25	93.83
74	56249.00	10831.00	0.00	0.00	18597.00	18597.00	0.00	0.00	0.00	0.00	45418.00	750.34	89.18
75	56540.00	11467.00	0.00	0.00	18067.00	18067.00	0.00	0.00	0.00	0.00	45073.00	928.56	91.34
76	56244.00	10998.00	0.00	0.00	19047.00	19047.00	0.00	0.00	0.00	0.00	45246.00	667.19	88.44
77	57082.00	12128.00	0.00	0.00	18762.00	18762.00	0.00	0.00	0.00	0.00	44954.00	472.05	79.54
78	56556.00	11464.00	0.00	0.00	19296.00	19296.00	0.00	0.00	0.00	0.00	45092.00	678.09	85.82
79	56878.00	11876.00	0.00	0.00	18568.00	18568.00	0.00	0.00	0.00	0.00	45002.00	759.43	86.54
80	56384.00	11298.00	0.00	0.00	19315.00	19315.00	0.00	0.00	0.00	0.00	45086.00	686.62	85.64
81	56349.00	11272.00	0.00	0.00	18402.00	18402.00	0.00	0.00	0.00	0.00	45077.00	693.49	89.81
82	56567.00	11641.00	0.00	0.00	18916.00	18916.00	0.00	0.00	0.00	0.00	44926.00	548.85	83.66
83	56522.00	11302.00	0.00	0.00	19014.00	19014.00	0.00	0.00	0.00	0.00	45220.00	533.65	86.54
84	56700.00	11843.00	0.00	0.00	18594.00	18594.00	0.00	0.00	0.00	0.00	44857.00	470.92	82.81
85	55985.00	10670.00	0.00	0.00	18735.00	18735.00	0.00	0.00	0.00	0.00	45315.00	709.41	89.93
86	57245.00	12418.00	0.00	0.00	19172.00	19172.00	0.00	0.00	0.00	0.00	44827.00	469.56	78.81
87	56515.00	11388.00	0.00	0.00	19303.00	19303.00	0.00	0.00	0.00	0.00	45127.00	669.87	86.90
88	57022.00	12049.00	0.00	0.00	18726.00	18726.00	0.00	0.00	0.00	0.00	44973.00	612.51	86.33
89	56197.00	10994.00	0.00	0.00	18873.00	18873.00	0.00	0.00	0.00	0.00	45203.00	2450.69	95.92
90	56501.00	11269.00	0.00	0.00	18618.00	18618.00	0.00	0.00	0.00	0.00	45232.00	679.05	88.50
91	56671.00	11776.00	0.00	0.00	19078.00	19078.00	0.00	0.00	0.00	0.00	44895.00	492.10	83.47
92	56446.00	11315.00	0.00	0.00	19317.00	19317.00	0.00	0.00	0.00	0.00	45131.00	639.13	86.93
93	56966.00	12121.00	0.00	0.00	18969.00	18969.00	0.00	0.00	0.00	0.00	44845.00	468.78	82.44
94	56595.00	11373.00	0.00	0.00	19298.00	19298.00	0.00	0.00	0.00	0.00	45222.00	576.26	85.64
95	57007.00	12188.00	0.00	0.00	18877.00	18877.00	0.00	0.00	0.00	0.00	44819.00	468.07	80.77
96	56183.00	10981.00	0.00	0.00	18871.00	18871.00	0.00	0.00	0.00	0.00	45202.00	606.01	88.25
97	56726.00	11878.00	0.00	0.00	18655.00	18655.00	0.00	0.00	0.00	0.00	44848.00	783.32	87.00
98	56984.00	11903.00	0.00	0.00	19710.00	19710.00	0.00	0.00	0.00	0.00	45081.00	554.34	82.09
99	56686.00	11525.00	0.00	0.00	19077.00	19077.00	0.00	0.00	0.00	0.00	45161.00	674.17	87.21
100	56719.00	11822.00	0.00	0.00	18898.00	18898.00	0.00	0.00	0.00	0.00	44897.00	493.79	84.07
101	55967.00	10555.00	0.00	0.00	18510.00	18510.00	0.00	0.00	0.00	0.00	45412.00	668.03	91.76
102	56775.00	11993.00	0.00	0.00	18846.00	18846.00	0.00	0.00	0.00	0.00	44782.00	457.97	81.62
103	56372.00	11076.00	0.00	0.00	19310.00	19310.00	0.00	0.00	0.00	0.00	45296.00	648.15	87.43
104	57272.00	12371.00	0.00	0.00	18877.00	18877.00	0.00	0.00	0.00	0.00	44901.00	466.57	78.94
105	56518.00	11363.00	0.00	0.00	19352.00	19352.00	0.00	0.00	0.00	0.00	45155.00	690.38	86.12
106	56696.00	11679.00	0.00	0.00	18553.00	18553.00	0.00	0.00	0.00	0.00	45017.00	702.00	87.35
107	56593.00	11611.00	0.00	0.00	19470.00	19470.00	0.00	0.00	0.00	0.00	44982.00	572.87	85.71
108	56252.00	11091.00	0.00	0.00	18615.00	18615.00	0.00	0.00	0.00	0.00	45161.00	555.29	88.68
109	54589.00	8351.00	0.00	0.00	14165.00	14164.00	0.00	0.00	0.00	0.00	46238.00	2585.14	118.80
110	53817.00	6920.00	0.00	0.00	13687.00	13687.00	0.00	0.00	0.00	0.00	46897.00	2637.07	124.81
111	56090.00	10515.00	0.00	0.00	16655.00	16655.00	0.00	0.00	0.00	0.00	45575.00	633.77	97.48
112	55807.00	10169.00	0.00	0.00	17906.00	17906.00	0.00	0.00	0.00	0.00	45638.00	2457.94	100.47
113	56177.00	10875.00	0.00	0.00	17443.00	17443.00	0.00	0.00	0.00	0.00	45302.00	655.52	92.98
114	56323.00	10897.00	0.00	0.00	18713.00	18713.00	0.00	0.00	0.00	0.00	45426.00	709.30	89.62
115	56173.00	10908.00	0.00	0.00	17851.00	17851.00	0.00	0.00	0.00	0.00	45265.00	614.24	91.16
116	55968.00	10577.00	0.00	0.00	17969.00	17969.00	0.00	0.00	0.00	0.00	45391.00	2442.06	96.78
117	55917.00	10499.00	0.00	0.00	18081.00	18081.00	0.00	0.00	0.00	0.00	45418.00	689.81	93.31
118	56465.00	11361.00	0.00	0.00	18290.00	18290.00	0.00	0.00	0.00	0.00	45104.00	1323.42	92.05
119	56255.00	10821.00	0.00	0.00	18976.00	18976.00	0.00	0.00	0.00	0.00	45434.00	598.30	89.43
120	56436.00	11268.00	0.00	0.00	17953.00	17953.00	0.00	0.00	0.00	0.00	45168.00	555.55	91.95
121	55724.00	10174.00	0.00	0.00	17994.00	17994.00	0.00	0.00	0.00	0.00	45550.00	2445.54	100.25
122	56330.00	11130.00	0.00	0.00	17772.00	17772.00	0.00	0.00	0.00	0.00	45200.00	539.02	92.69
123	56062.00	10734.00	0.00	0.00	18807.00	18807.00	0.00	0.00	0.00	0.00	45328.00	2398.86	97.01
124	56677.00	11449.00	0.00	0.00	18349.00	18349.00	0.00	0.00	0.00	0.00	45228.00	808.45	88.54
125	56341.00	11052.00	0.00	0.00	18494.00	18494.00	0.00	0.00	0.00	0.00	45289.00	508.81	86.56
126	55859.00	10356.00	0.00	0.00	18178.00	18178.00	0.00	0.00	0.00	0.00	45503.00	770.25	93.36
127	56770.00	11682.00	0.00	0.00	18539.00	18539.00	0.00	0.00	0.00	0.00	45088.00	472.28	81.64
128	55904.00	10383.00	0.00	0.00	18183.00	18183.00	0.00	0.00	0.00	0.00	45521.00	588.17	92.67
129	56167.00	10984.00	0.00	0.00	17463.00	17463.00	0.00	0.00	0.00	0.00	45183.00	688.05	93.08
130	56042.00	10580.00	0.00	0.00	18553.00	18553.00	0.00	0.00	0.00	0.00	45462.00	2459.18	97.65
131	56399.00	11093.00	0.00	0.00	18070.00	18070.00	0.00	0.00	0.00	0.00	45306.00	635.41	90.40
132	56323.00	11041.00	0.00	0.00	18763.00	18763.00	0.00	0.00	0.00	0.00	45282.00	550.64	87.97
133	55922.00	10492.00	0.00	0.00	17884.00	17884.00	0.00	0.00	0.00	0.00	45430.00	681.58	94.53
134	56564.00	11415.00	0.00	0.00	18394.00	18394.00	0.00	0.00	0.00	0.00	45149.00	490.85	85.19
135	56417.00	10995.00	0.00	0.00	18877.00	18877.00	0.00	0.00	0.00	0.00	45422.00	597.20	87.59
136	56473.00	11404.00	0.00	0.00	18108.00	18108.00	0.00	0.00	0.00	0.00	45069.00	591.10	90.49
137	55910.00	10537.00	0.00	0.00	18357.00	18357.00	0.00	0.00	0.00	0.00	45373.00	712.09	91.08
138	56597.00	11440.00	0.00	0.00	18172.00	18172.00	0.00	0.00	0.00	0.00	45157.00	516.94	88.30
139	55906.00	10456.00	0.00	0.00	18348.00	18348.00	0.00	0.00	0.00	0.00	45450.00	2465.87	98.52
140	56112.00	10923.00	0.00	0.00	17940.00	17940.00	0.00	0.00	0.00	0.00	45189.00	736.31	91.34
141	56245.00	11042.00	0.00	0.00	18410.00	18410.00	0.00	0.00	0.00	0.00	45203.00	2374.63	94.62
142	55898.00	10511.00	0.00	0.00	17940.00	17940.00	0.00	0.00	0.00	0.00	45387.00	629.80	93.56
143	56301.00	11068.00	0.00	0.00	18095.00	18095.00	0.00	0.00	0.00	0.00	45233.00	1267.94	92.70
144	56061.00	10601.00	0.00	0.00	18577.00	18577.00	0.00	0.00	0.00	0.00	45460.00	846.70	91.04
145	56500.00	11391.00	0.00	0.00	17967.00	17967.00	0.00	0.00	0.00	0.00	45109.00	698.87	90.64
146	56296.00	11039.00	0.00	0.00	18931.00	18931.00	0.00	0.00	0.00	0.00	45257.00	581.37	87.70
147	56126.00	10965.00	0.00	0.00	17732.00	17732.00	0.00	0.00	0.00	0.00	45161.00	594.64	91.64
148	56044.00	10745.00	0.00	0.00	18612.00	18612.00	0.00	0.00	0.00	0.00	45299.00	2430.42	97.41
149	78599.00	47029.00	0.00	0.00	52325.00	52324.00	0.00	0.00	0.00	0.00	31570.00	1068.59	87.19
150	140200.00	140135.00	0.00	0.00	140200.00	140200.00	0.00	0.00	0.00	0.00	65.00	11.06	7.15
151	140081.00	140021.00	0.00	0.00	140081.00	140081.00	0.00	0.00	0.00	0.00	60.00	11.30	6.83
152	143261.00	143093.00	0.00	0.00	143261.00	143261.00	0.00	0.00	0.00	0.00	168.00	8.07	6.33
153	145472.00	145395.00	0.00	0.00	145472.00	145472.00	0.00	0.00	0.00	0.00	77.00	12.10	7.78
154	146483.00	146431.00	0.00	0.00	146483.00	146483.00	0.00	0.00	0.00	0.00	52.00	8.08	6.13
155	146831.00	146756.00	0.00	0.00	146831.00	146831.00	0.00	0.00	0.00	0.00	75.00	11.04	6.87
156	146198.00	146114.00	0.00	0.00	146198.00	146198.00	0.00	0.00	0.00	0.00	84.00	8.01	6.06
157	148438.00	148327.00	0.00	0.00	148438.00	148438.00	0.00	0.00	0.00	0.00	111.00	8.05	6.11
158	146537.00	146461.00	0.00	0.00	146537.00	146537.00	0.00	0.00	0.00	0.00	76.00	11.69	7.55
159	148473.00	148382.00	0.00	0.00	148473.00	148473.00	0.00	0.00	0.00	0.00	91.00	8.02	6.04
160	0.00	0.00	0.00	0.00	0.00	0.00	0.00	0.00	0.00	0.00	0.00	11.12	7.07
