second	tx	tx_get	tx_put	tx_del	rx	rx_getSucc	rx_putSucc	rx_delSucc
1	0.00	0.00	0.00	0.00	0.00	0.00	0.00	0.00	0.00	0.00	0.00	0.00	0.00
2	0.00	0.00	0.00	0.00	0.00	0.00	0.00	0.00	0.00	0.00	0.00	0.00	0.00
3	0.00	0.00	0.00	0.00	0.00	0.00	0.00	0.00	0.00	0.00	0.00	0.00	0.00
4	0.00	0.00	0.00	0.00	0.00	0.00	0.00	0.00	0.00	0.00	0.00	0.00	0.00
5	0.00	0.00	0.00	0.00	0.00	0.00	0.00	0.00	0.00	0.00	0.00	0.00	0.00
6	29413.00	29361.00	0.00	0.00	29412.00	29412.00	0.00	0.00	0.00	0.00	52.00	0.00	0.00
7	131452.00	131349.00	0.00	0.00	131452.00	131452.00	0.00	0.00	0.00	0.00	103.00	8.98	7.37
8	132634.00	132536.00	0.00	0.00	132634.00	132634.00	0.00	0.00	0.00	0.00	98.00	11.55	7.31
9	128856.00	128742.00	0.00	0.00	128856.00	128856.00	0.00	0.00	0.00	0.00	114.00	10.37	7.36
10	90893.00	67760.00	0.00	0.00	87458.00	87458.00	0.00	0.00	0.00	0.00	23133.00	10.36	7.58
11	63925.00	25561.00	0.00	0.00	51077.00	51077.00	0.00	0.00	0.00	0.00	38364.00	1539.17	38.94
12	50133.00	640.00	0.00	0.00	20142.00	20142.00	0.00	0.00	0.00	0.00	49493.00	1600.41	125.06
13	50107.00	583.00	0.00	0.00	16438.00	16438.00	0.00	0.00	0.00	0.00	49524.00	1597.89	125.02
14	50432.00	1180.00	0.00	0.00	21500.00	21500.00	0.00	0.00	0.00	0.00	49252.00	1527.25	124.96
15	50340.00	989.00	0.00	0.00	18596.00	18596.00	0.00	0.00	0.00	0.00	49351.00	1451.33	124.95
16	50291.00	939.00	0.00	0.00	16537.00	16537.00	0.00	0.00	0.00	0.00	49352.00	1437.27	124.92
17	50134.00	653.00	0.00	0.00	15696.00	15696.00	0.00	0.00	0.00	0.00	49481.00	1387.78	124.96
18	50260.00	839.00	0.00	0.00	19221.00	19221.00	0.00	0.00	0.00	0.00	49421.00	1302.49	124.95
19	50505.00	1367.00	0.00	0.00	19117.00	19117.00	0.00	0.00	0.00	0.00	49138.00	1275.82	124.99
20	59542.00	16834.00	0.00	0.00	32464.00	32464.00	0.00	0.00	0.00	0.00	42708.00	1169.23	104.77
21	62973.00	22719.00	0.00	0.00	46640.00	46640.00	0.00	0.00	0.00	0.00	40254.00	188.19	18.14
22	51698.00	3614.00	0.00	0.00	25464.00	25464.00	0.00	0.00	0.00	0.00	48084.00	1345.34	124.91
23	56528.00	13619.00	0.00	0.00	32031.00	32031.00	0.00	0.00	0.00	0.00	42909.00	1323.76	115.90
24	68017.00	37086.00	0.00	0.00	50075.00	50075.00	0.00	0.00	0.00	0.00	30931.00	37.49	12.14
25	60937.00	22549.00	0.00	0.00	37979.00	37979.00	0.00	0.00	0.00	0.00	38388.00	60.24	13.90
26	55647.00	10676.00	0.00	0.00	33426.00	33426.00	0.00	0.00	0.00	0.00	44971.00	1446.25	116.06
27	71323.00	37644.00	0.00	0.00	60626.00	60626.00	0.00	0.00	0.00	0.00	33679.00	106.79	14.13
28	50878.00	2175.00	0.00	0.00	22050.00	22050.00	0.00	0.00	0.00	0.00	48703.00	1543.48	124.92
29	52781.00	5747.00	0.00	0.00	28007.00	28007.00	0.00	0.00	0.00	0.00	47034.00	1449.80	124.81
30	64063.00	24952.00	0.00	0.00	44849.00	44849.00	0.00	0.00	0.00	0.00	39111.00	563.61	29.82
31	72577.00	39455.00	0.00	0.00	63770.00	63770.00	0.00	0.00	0.00	0.00	33122.00	262.59	22.25
32	51784.00	3572.00	0.00	0.00	24857.00	24857.00	0.00	0.00	0.00	0.00	48212.00	1356.96	124.82
33	50206.00	795.00	0.00	0.00	20250.00	20250.00	0.00	0.00	0.00	0.00	49411.00	1413.40	125.05
34	53750.00	7022.00	0.00	0.00	25432.00	25432.00	0.00	0.00	0.00	0.00	46728.00	1274.74	124.71
35	56786.00	12267.00	0.00	0.00	37773.00	37773.00	0.00	0.00	0.00	0.00	44519.00	983.06	38.61
36	51358.00	2842.00	0.00	0.00	25967.00	25967.00	0.00	0.00	0.00	0.00	48516.00	1423.69	124.73
37	50184.00	744.00	0.00	0.00	17440.00	17440.00	0.00	0.00	0.00	0.00	49440.00	1493.30	125.14
38	50069.00	506.00	0.00	0.00	16264.00	16264.00	0.00	0.00	0.00	0.00	49563.00	1533.53	124.94
39	50102.00	554.00	0.00	0.00	14747.00	14747.00	0.00	0.00	0.00	0.00	49548.00	1519.00	125.00
40	50421.00	1159.00	0.00	0.00	19039.00	19039.00	0.00	0.00	0.00	0.00	49262.00	1480.45	124.94
41	50488.00	1268.00	0.00	0.00	26002.00	26002.00	0.00	0.00	0.00	0.00	49220.00	1505.42	124.92
42	50350.00	1024.00	0.00	0.00	22186.00	22186.00	0.00	0.00	0.00	0.00	49326.00	1467.96	124.90
43	53157.00	5986.00	0.00	0.00	28495.00	28494.00	0.00	0.00	0.00	0.00	47171.00	1406.57	124.89
44	62017.00	21717.00	0.00	0.00	43920.00	43920.00	0.00	0.00	0.00	0.00	40300.00	1183.76	93.47
45	87452.00	64993.00	0.00	0.00	81117.00	81117.00	0.00	0.00	0.00	0.00	22459.00	117.16	13.48
46	81035.00	53701.00	0.00	0.00	76184.00	76184.00	0.00	0.00	0.00	0.00	27334.00	61.05	9.81
47	64182.00	26145.00	0.00	0.00	45656.00	45656.00	0.00	0.00	0.00	0.00	38037.00	1431.43	35.14
48	90787.00	70661.00	0.00	0.00	90665.00	90665.00	0.00	0.00	0.00	0.00	20126.00	62.43	10.53
49	82275.00	55971.00	0.00	0.00	80661.00	80661.00	0.00	0.00	0.00	0.00	26304.00	71.45	10.84
50	74498.00	42965.00	0.00	0.00	65721.00	65721.00	0.00	0.00	0.00	0.00	31533.00	129.83	14.58
51	51004.00	2322.00	0.00	0.00	20321.00	20321.00	0.00	0.00	0.00	0.00	48682.00	1314.64	124.87
52	50266.00	905.00	0.00	0.00	18992.00	18992.00	0.00	0.00	0.00	0.00	49361.00	1372.13	125.06
53	52050.00	4039.00	0.00	0.00	22951.00	22951.00	0.00	0.00	0.00	0.00	48011.00	1347.72	124.83
54	59196.00	16606.00	0.00	0.00	39252.00	39252.00	0.00	0.00	0.00	0.00	42590.00	1054.98	35.96
55	58030.00	14456.00	0.00	0.00	30786.00	30786.00	0.00	0.00	0.00	0.00	43574.00	1345.68	107.88
56	68797.00	32977.00	0.00	0.00	58045.00	58045.00	0.00	0.00	0.00	0.00	35820.00	222.04	21.00
57	50350.00	1117.00	0.00	0.00	21533.00	21533.00	0.00	0.00	0.00	0.00	49233.00	1447.48	125.02
58	62040.00	21943.00	0.00	0.00	35938.00	35938.00	0.00	0.00	0.00	0.00	40097.00	1209.39	101.52
59	73619.00	40437.00	0.00	0.00	63851.00	63851.00	0.00	0.00	0.00	0.00	33182.00	141.03	12.99
60	50025.00	486.00	0.00	0.00	13282.00	13282.00	0.00	0.00	0.00	0.00	49539.00	1401.45	125.05
61	57339.00	13155.00	0.00	0.00	27063.00	27063.00	0.00	0.00	0.00	0.00	44184.00	1261.38	109.81
62	61670.00	20642.00	0.00	0.00	46647.00	46647.00	0.00	0.00	0.00	0.00	41028.00	224.10	22.58
63	50337.00	1038.00	0.00	0.00	21788.00	21788.00	0.00	0.00	0.00	0.00	49299.00	1326.59	125.04
64	66227.00	27841.00	0.00	0.00	40868.00	40868.00	0.00	0.00	0.00	0.00	38386.00	1254.60	98.25
65	86403.00	64104.00	0.00	0.00	82590.00	82590.00	0.00	0.00	0.00	0.00	22299.00	78.04	10.28
66	74941.00	46793.00	0.00	0.00	54584.00	54584.00	0.00	0.00	0.00	0.00	28148.00	34.08	11.32
67	77943.00	48288.00	0.00	0.00	72947.00	72947.00	0.00	0.00	0.00	0.00	29655.00	85.93	11.26
68	59572.00	18941.00	0.00	0.00	33332.00	33332.00	0.00	0.00	0.00	0.00	40631.00	66.45	14.36
69	54988.00	9708.00	0.00	0.00	29010.00	29010.00	0.00	0.00	0.00	0.00	45280.00	1281.08	121.07
70	69134.00	34557.00	0.00	0.00	53724.00	53724.00	0.00	0.00	0.00	0.00	34577.00	78.82	12.82
71	60302.00	19072.00	0.00	0.00	39280.00	39280.00	0.00	0.00	0.00	0.00	41230.00	102.85	21.47
72	61590.00	21106.00	0.00	0.00	42143.00	42143.00	0.00	0.00	0.00	0.00	40484.00	177.26	22.57
73	57431.00	14706.00	0.00	0.00	30454.00	30454.00	0.00	0.00	0.00	0.00	42725.00	280.99	23.22
74	51031.00	2403.00	0.00	0.00	21984.00	21984.00	0.00	0.00	0.00	0.00	48628.00	1320.07	124.86
75	53900.00	7455.00	0.00	0.00	28094.00	28094.00	0.00	0.00	0.00	0.00	46445.00	1317.41	124.78
76	50287.00	977.00	0.00	0.00	18341.00	18341.00	0.00	0.00	0.00	0.00	49310.00	1432.69	125.01
77	50191.00	853.00	0.00	0.00	19051.00	19051.00	0.00	0.00	0.00	0.00	49338.00	1402.16	124.97
78	60048.00	17670.00	0.00	0.00	31161.00	31161.00	0.00	0.00	0.00	0.00	42378.00	1237.76	104.01
79	70113.00	34866.00	0.00	0.00	66725.00	66725.00	0.00	0.00	0.00	0.00	35247.00	201.84	16.92
80	53070.00	5817.00	0.00	0.00	28147.00	28147.00	0.00	0.00	0.00	0.00	47253.00	1223.56	124.66
81	52995.00	5673.00	0.00	0.00	33266.00	33266.00	0.00	0.00	0.00	0.00	47322.00	1199.83	124.86
82	50227.00	865.00	0.00	0.00	20409.00	20409.00	0.00	0.00	0.00	0.00	49362.00	1186.42	124.96
83	50136.00	718.00	0.00	0.00	17137.00	17136.00	0.00	0.00	0.00	0.00	49418.00	1248.14	124.97
84	50647.00	1654.00	0.00	0.00	21746.00	21746.00	0.00	0.00	0.00	0.00	48993.00	1202.77	124.95
85	59723.00	17455.00	0.00	0.00	33776.00	33776.00	0.00	0.00	0.00	0.00	42268.00	1042.34	104.21
86	63472.00	23956.00	0.00	0.00	45798.00	45798.00	0.00	0.00	0.00	0.00	39516.00	159.23	17.52
87	59860.00	17940.00	0.00	0.00	31401.00	31401.00	0.00	0.00	0.00	0.00	41920.00	1050.33	108.57
88	80997.00	54930.00	0.00	0.00	75738.00	75738.00	0.00	0.00	0.00	0.00	26067.00	76.69	12.67
89	88240.00	67065.00	0.00	0.00	87435.00	87435.00	0.00	0.00	0.00	0.00	21175.00	69.31	11.13
90	79498.00	51640.00	0.00	0.00	72958.00	72958.00	0.00	0.00	0.00	0.00	27858.00	44.78	9.79
91	51818.00	3992.00	0.00	0.00	24951.00	24951.00	0.00	0.00	0.00	0.00	47826.00	1334.17	124.86
92	57525.00	14698.00	0.00	0.00	32844.00	32844.00	0.00	0.00	0.00	0.00	42827.00	161.65	25.64
93	70852.00	37022.00	0.00	0.00	58940.00	58940.00	0.00	0.00	0.00	0.00	33830.00	141.65	17.25
94	70422.00	36172.00	0.00	0.00	51928.00	51928.00	0.00	0.00	0.00	0.00	34250.00	215.68	27.53
95	79179.00	50609.00	0.00	0.00	76995.00	76995.00	0.00	0.00	0.00	0.00	28570.00	140.99	14.25
96	54710.00	9009.00	0.00	0.00	30203.00	30203.00	0.00	0.00	0.00	0.00	45701.00	283.51	34.09
97	55905.00	11000.00	0.00	0.00	25630.00	25630.00	0.00	0.00	0.00	0.00	44905.00	1086.63	114.24
98	71628.00	38077.00	0.00	0.00	65192.00	65192.00	0.00	0.00	0.00	0.00	33551.00	297.60	26.86
99	54105.00	7780.00	0.00	0.00	31313.00	31313.00	0.00	0.00	0.00	0.00	46325.00	1350.01	124.61
100	55885.00	10815.00	0.00	0.00	27733.00	27733.00	0.00	0.00	0.00	0.00	45070.00	1242.38	115.20
101	58087.00	14778.00	0.00	0.00	40110.00	40110.00	0.00	0.00	0.00	0.00	43309.00	269.34	28.01
102	50325.00	1027.00	0.00	0.00	19392.00	19392.00	0.00	0.00	0.00	0.00	49298.00	1299.81	124.89
103	50072.00	553.00	0.00	0.00	18098.00	18098.00	0.00	0.00	0.00	0.00	49519.00	1312.69	125.09
104	50113.00	656.00	0.00	0.00	16636.00	16636.00	0.00	0.00	0.00	0.00	49457.00	1258.76	124.96
105	53834.00	7425.00	0.00	0.00	24751.00	24751.00	0.00	0.00	0.00	0.00	46409.00	1178.28	124.75
106	66016.00	28014.00	0.00	0.00	43184.00	43184.00	0.00	0.00	0.00	0.00	38002.00	278.05	90.94
107	74689.00	42687.00	0.00	0.00	72921.00	72921.00	0.00	0.00	0.00	0.00	32002.00	137.11	13.04
108	57919.00	14782.00	0.00	0.00	34493.00	34493.00	0.00	0.00	0.00	0.00	43137.00	1057.17	108.56
109	69187.00	34571.00	0.00	0.00	49819.00	49819.00	0.00	0.00	0.00	0.00	34616.00	133.01	18.83
110	81163.00	55475.00	0.00	0.00	76175.00	76175.00	0.00	0.00	0.00	0.00	25688.00	69.20	11.14
111	81279.00	56216.00	0.00	0.00	70547.00	70547.00	0.00	0.00	0.00	0.00	25063.00	58.85	12.64
112	86078.00	62690.00	0.00	0.00	84640.00	84640.00	0.00	0.00	0.00	0.00	23388.00	50.65	9.71
113	79348.00	51936.00	0.00	0.00	71781.00	71781.00	0.00	0.00	0.00	0.00	27412.00	77.09	12.08
114	70217.00	35577.00	0.00	0.00	55295.00	55295.00	0.00	0.00	0.00	0.00	34640.00	127.38	15.04
115	75423.00	44427.00	0.00	0.00	57675.00	57675.00	0.00	0.00	0.00	0.00	30996.00	156.66	25.28
116	83716.00	57239.00	0.00	0.00	79541.00	79541.00	0.00	0.00	0.00	0.00	26477.00	89.71	11.05
117	67142.00	29424.00	0.00	0.00	40736.00	40736.00	0.00	0.00	0.00	0.00	37718.00	1188.25	96.54
118	91282.00	70294.00	0.00	0.00	90807.00	90807.00	0.00	0.00	0.00	0.00	20988.00	91.24	10.20
119	70238.00	35545.00	0.00	0.00	60596.00	60596.00	0.00	0.00	0.00	0.00	34693.00	244.02	23.78
120	50265.00	960.00	0.00	0.00	18777.00	18777.00	0.00	0.00	0.00	0.00	49305.00	1300.62	124.91
121	50341.00	1071.00	0.00	0.00	19862.00	19862.00	0.00	0.00	0.00	0.00	49270.00	1359.56	124.97
122	64721.00	25482.00	0.00	0.00	33861.00	33861.00	0.00	0.00	0.00	0.00	39239.00	196.16	98.88
123	77011.00	46437.00	0.00	0.00	74998.00	74997.00	0.00	0.00	0.00	0.00	30574.00	111.12	11.63
124	50731.00	1707.00	0.00	0.00	19795.00	19795.00	0.00	0.00	0.00	0.00	49024.00	1263.15	124.84
125	50201.00	892.00	0.00	0.00	16477.00	16477.00	0.00	0.00	0.00	0.00	49309.00	1298.84	124.93
126	58064.00	14716.00	0.00	0.00	29469.00	29469.00	0.00	0.00	0.00	0.00	43348.00	1148.62	108.09
127	61840.00	21068.00	0.00	0.00	44115.00	44115.00	0.00	0.00	0.00	0.00	40772.00	199.94	19.81
128	51001.00	2316.00	0.00	0.00	20730.00	20730.00	0.00	0.00	0.00	0.00	48685.00	1276.16	124.88
129	52158.00	4346.00	0.00	0.00	22023.00	22023.00	0.00	0.00	0.00	0.00	47812.00	1279.02	124.92
130	60103.00	18422.00	0.00	0.00	40746.00	40746.00	0.00	0.00	0.00	0.00	41681.00	1275.29	106.41
131	73989.00	43591.00	0.00	0.00	64786.00	64786.00	0.00	0.00	0.00	0.00	30398.00	88.53	13.27
132	71436.00	39707.00	0.00	0.00	50390.00	50390.00	0.00	0.00	0.00	0.00	31729.00	71.10	13.07
133	80519.00	52863.00	0.00	0.00	76668.00	76668.00	0.00	0.00	0.00	0.00	27656.00	63.98	10.21
134	63388.00	24416.00	0.00	0.00	44395.00	44395.00	0.00	0.00	0.00	0.00	38972.00	101.33	15.53
135	59233.00	17052.00	0.00	0.00	35785.00	35785.00	0.00	0.00	0.00	0.00	42181.00	124.05	19.25
136	57690.00	14537.00	0.00	0.00	35034.00	35034.00	0.00	0.00	0.00	0.00	43153.00	164.50	26.21
137	50425.00	1227.00	0.00	0.00	19760.00	19760.00	0.00	0.00	0.00	0.00	49198.00	1297.60	125.01
138	56273.00	11725.00	0.00	0.00	28778.00	28778.00	0.00	0.00	0.00	0.00	44548.00	1150.60	112.46
139	70774.00	36698.00	0.00	0.00	59885.00	59885.00	0.00	0.00	0.00	0.00	34076.00	226.36	24.87
140	58026.00	14442.00	0.00	0.00	30400.00	30400.00	0.00	0.00	0.00	0.00	43584.00	1194.37	107.73
141	69314.00	33944.00	0.00	0.00	59785.00	59785.00	0.00	0.00	0.00	0.00	35370.00	215.94	21.45
142	50350.00	1085.00	0.00	0.00	18698.00	18698.00	0.00	0.00	0.00	0.00	49265.00	1306.90	124.89
143	51266.00	2748.00	0.00	0.00	21127.00	21127.00	0.00	0.00	0.00	0.00	48518.00	1298.03	124.90
144	51110.00	2496.00	0.00	0.00	26377.00	26377.00	0.00	0.00	0.00	0.00	48614.00	1285.82	124.93
145	50423.00	1159.00	0.00	0.00	17726.00	17726.00	0.00	0.00	0.00	0.00	49264.00	1149.99	124.91
146	50317.00	995.00	0.00	0.00	17097.00	17097.00	0.00	0.00	0.00	0.00	49322.00	1289.64	124.93
147	50111.00	650.00	0.00	0.00	16081.00	16081.00	0.00	0.00	0.00	0.00	49461.00	1334.35	124.97
148	50281.00	972.00	0.00	0.00	19195.00	19195.00	0.00	0.00	0.00	0.00	49309.00	1327.33	125.08
149	50977.00	2287.00	0.00	0.00	20213.00	20213.00	0.00	0.00	0.00	0.00	48690.00	1287.20	124.90
150	51453.00	3235.00	0.00	0.00	21568.00	21568.00	0.00	0.00	0.00	0.00	48218.00	1197.82	124.82
151	66377.00	28487.00	0.00	0.00	41211.00	41211.00	0.00	0.00	0.00	0.00	37890.00	1130.78	97.11
152	88095.00	67158.00	0.00	0.00	84416.00	84416.00	0.00	0.00	0.00	0.00	20937.00	60.10	9.76
153	74354.00	47199.00	0.00	0.00	54647.00	54647.00	0.00	0.00	0.00	0.00	27155.00	21.52	9.68
154	66384.00	30714.00	0.00	0.00	42917.00	42917.00	0.00	0.00	0.00	0.00	35670.00	20.46	9.18
155	57984.00	16182.00	0.00	0.00	30249.00	30247.00	0.00	0.00	0.00	0.00	41802.00	51.13	15.09
156	71974.00	40731.00	0.00	0.00	50070.00	50072.00	0.00	0.00	0.00	0.00	31243.00	34.92	10.69
157	78404.00	49134.00	0.00	0.00	70766.00	70766.00	0.00	0.00	0.00	0.00	29270.00	95.21	12.25
158	55472.00	10046.00	0.00	0.00	24630.00	24630.00	0.00	0.00	0.00	0.00	45426.00	371.64	116.79
159	68832.00	33159.00	0.00	0.00	55652.00	55652.00	0.00	0.00	0.00	0.00	35673.00	223.65	23.20
160	0.00	0.00	0.00	0.00	0.00	0.00	0.00	0.00	0.00	0.00	0.00	1410.08	484.86
