second	tx	tx_get	tx_put	tx_del	rx	rx_getSucc	rx_putSucc	rx_delSucc
2	5178836.00	0.00	0.00	0.00	4386674.00	4386655.00	0.00	0.00	
3	5226636.00	0.00	0.00	0.00	4392072.00	4392059.00	0.00	0.00	
4	5235785.00	0.00	0.00	0.00	4396062.00	4396091.00	0.00	0.00	
5	5268413.00	0.00	0.00	0.00	4397249.00	4397181.00	0.00	0.00	
6	5243905.00	0.00	0.00	0.00	4389040.00	4389033.00	0.00	0.00	
7	5212570.00	0.00	0.00	0.00	4391173.00	4391211.00	0.00	0.00	
8	5178137.00	0.00	0.00	0.00	4388987.00	4388975.00	0.00	0.00	
9	5184264.00	0.00	0.00	0.00	4391357.00	4391371.00	0.00	0.00	
10	5168086.00	0.00	0.00	0.00	4388266.00	4388267.00	0.00	0.00	
11	5166264.00	0.00	0.00	0.00	4396581.00	4396517.00	0.00	0.00	
12	5161875.00	0.00	0.00	0.00	4393374.00	4393452.00	0.00	0.00	
13	5159598.00	0.00	0.00	0.00	4396346.00	4396304.00	0.00	0.00	
14	5200367.00	0.00	0.00	0.00	4390808.00	4390813.00	0.00	0.00	
15	5252426.00	0.00	0.00	0.00	4394385.00	4394417.00	0.00	0.00	
16	5232806.00	0.00	0.00	0.00	4389967.00	4389939.00	0.00	0.00	
17	5221408.00	0.00	0.00	0.00	4392410.00	4392412.00	0.00	0.00	
18	5147151.00	0.00	0.00	0.00	4381198.00	4381213.00	0.00	0.00	
19	5148177.00	0.00	0.00	0.00	4391003.00	4391003.00	0.00	0.00	
20	5166104.00	0.00	0.00	0.00	4396810.00	4396781.00	0.00	0.00	
21	5159324.00	0.00	0.00	0.00	4397083.00	4397093.00	0.00	0.00	
22	6019510.00	0.00	0.00	0.00	2019280.00	2019292.00	0.00	0.00	
23	6058045.00	0.00	0.00	0.00	1961380.00	1961348.00	0.00	0.00	
24	5983168.00	0.00	0.00	0.00	1994741.00	1994770.00	0.00	0.00	
25	5996897.00	0.00	0.00	0.00	1957924.00	1957917.00	0.00	0.00	
26	5958525.00	0.00	0.00	0.00	2039151.00	2039061.00	0.00	0.00	
27	5925949.00	0.00	0.00	0.00	2122002.00	2121998.00	0.00	0.00	
28	5778622.00	0.00	0.00	0.00	2432722.00	2432384.00	0.00	0.00	
29	5580527.00	0.00	0.00	0.00	2855235.00	2855241.00	0.00	0.00	
30	5520835.00	0.00	0.00	0.00	2931100.00	2931051.00	0.00	0.00	
31	5525537.00	0.00	0.00	0.00	3007887.00	3007874.00	0.00	0.00	
32	5506520.00	0.00	0.00	0.00	3053702.00	3053696.00	0.00	0.00	
33	5510353.00	0.00	0.00	0.00	3099495.00	3099488.00	0.00	0.00	
34	5513648.00	0.00	0.00	0.00	3152392.00	3152332.00	0.00	0.00	
35	5447672.00	0.00	0.00	0.00	3215321.00	3215266.00	0.00	0.00	
36	5423997.00	0.00	0.00	0.00	3244218.00	3244222.00	0.00	0.00	
37	5393217.00	0.00	0.00	0.00	3290304.00	3290286.00	0.00	0.00	
38	5380746.00	0.00	0.00	0.00	3289435.00	3289447.00	0.00	0.00	
39	5340110.00	0.00	0.00	0.00	3318077.00	3318061.00	0.00	0.00	
40	5313920.00	0.00	0.00	0.00	3320901.00	3320909.00	0.00	0.00	
41	5321907.00	0.00	0.00	0.00	3363685.00	3363610.00	0.00	0.00	
42	5323842.00	0.00	0.00	0.00	3357193.00	3357245.00	0.00	0.00	
43	5364199.00	0.00	0.00	0.00	3393233.00	3393219.00	0.00	0.00	
44	5375893.00	0.00	0.00	0.00	3385165.00	3385159.00	0.00	0.00	
45	5362450.00	0.00	0.00	0.00	3426930.00	3426921.00	0.00	0.00	
46	5356530.00	0.00	0.00	0.00	3413458.00	3413487.00	0.00	0.00	
47	5331648.00	0.00	0.00	0.00	3455209.00	3455204.00	0.00	0.00	
48	5341689.00	0.00	0.00	0.00	3444310.00	3444276.00	0.00	0.00	
49	5301637.00	0.00	0.00	0.00	3484541.00	3484532.00	0.00	0.00	
50	5298774.00	0.00	0.00	0.00	3460252.00	3460285.00	0.00	0.00	
51	5285198.00	0.00	0.00	0.00	3503742.00	3503721.00	0.00	0.00	
52	5284514.00	0.00	0.00	0.00	3472051.00	3472041.00	0.00	0.00	
53	5225806.00	0.00	0.00	0.00	3516630.00	3516651.00	0.00	0.00	
54	5210330.00	0.00	0.00	0.00	3487070.00	3487049.00	0.00	0.00	
55	5173507.00	0.00	0.00	0.00	3541131.00	3541045.00	0.00	0.00	
56	5251570.00	0.00	0.00	0.00	3507371.00	3507456.00	0.00	0.00	
57	5267711.00	0.00	0.00	0.00	3569502.00	3569499.00	0.00	0.00	
58	5335538.00	0.00	0.00	0.00	3528657.00	3528639.00	0.00	0.00	
59	5304526.00	0.00	0.00	0.00	3593307.00	3593302.00	0.00	0.00	
60	5327665.00	0.00	0.00	0.00	3550962.00	3550949.00	0.00	0.00	
61	5304485.00	0.00	0.00	0.00	3617311.00	3617312.00	0.00	0.00	
62	5283998.00	0.00	0.00	0.00	3564239.00	3564200.00	0.00	0.00	
63	5265385.00	0.00	0.00	0.00	3632234.00	3632246.00	0.00	0.00	
64	5292698.00	0.00	0.00	0.00	3602963.00	3602964.00	0.00	0.00	
65	5237196.00	0.00	0.00	0.00	3678651.00	3678610.00	0.00	0.00	
66	5248012.00	0.00	0.00	0.00	3616988.00	3616997.00	0.00	0.00	
67	5191838.00	0.00	0.00	0.00	3693134.00	3693136.00	0.00	0.00	
68	5205892.00	0.00	0.00	0.00	3633150.00	3633130.00	0.00	0.00	
69	5168543.00	0.00	0.00	0.00	3709361.00	3709396.00	0.00	0.00	
70	5177414.00	0.00	0.00	0.00	3641832.00	3641823.00	0.00	0.00	
71	5186078.00	0.00	0.00	0.00	3718031.00	3718031.00	0.00	0.00	
72	6135411.00	0.00	0.00	0.00	1903841.00	1903782.00	0.00	0.00	
73	6070680.00	0.00	0.00	0.00	1987584.00	1987633.00	0.00	0.00	
74	6133663.00	0.00	0.00	0.00	1883715.00	1883714.00	0.00	0.00	
75	6123623.00	0.00	0.00	0.00	1991194.00	1991100.00	0.00	0.00	
76	6113950.00	0.00	0.00	0.00	2036026.00	2036048.00	0.00	0.00	
77	5982999.00	0.00	0.00	0.00	2190337.00	2190014.00	0.00	0.00	
78	5705722.00	0.00	0.00	0.00	2710184.00	2710177.00	0.00	0.00	
79	5625004.00	0.00	0.00	0.00	2824034.00	2823925.00	0.00	0.00	
80	5576946.00	0.00	0.00	0.00	2940782.00	2940763.00	0.00	0.00	
81	5503492.00	0.00	0.00	0.00	3037310.00	3037304.00	0.00	0.00	
82	5527338.00	0.00	0.00	0.00	3021218.00	3021184.00	0.00	0.00	
83	5532185.00	0.00	0.00	0.00	3109015.00	3108958.00	0.00	0.00	
84	5493308.00	0.00	0.00	0.00	3089287.00	3089309.00	0.00	0.00	
85	5424168.00	0.00	0.00	0.00	3170692.00	3170694.00	0.00	0.00	
86	5433521.00	0.00	0.00	0.00	3145775.00	3145775.00	0.00	0.00	
87	5377415.00	0.00	0.00	0.00	3215676.00	3215661.00	0.00	0.00	
88	5383427.00	0.00	0.00	0.00	3186407.00	3186386.00	0.00	0.00	
89	5439964.00	0.00	0.00	0.00	3252765.00	3252723.00	0.00	0.00	
90	5428242.00	0.00	0.00	0.00	3248442.00	3248470.00	0.00	0.00	
91	5439743.00	0.00	0.00	0.00	3308157.00	3308090.00	0.00	0.00	
92	5431916.00	0.00	0.00	0.00	3292760.00	3292813.00	0.00	0.00	
93	5415826.00	0.00	0.00	0.00	3342012.00	3341985.00	0.00	0.00	
94	5399285.00	0.00	0.00	0.00	3349445.00	3349442.00	0.00	0.00	
95	5373117.00	0.00	0.00	0.00	3383992.00	3383959.00	0.00	0.00	
96	5382186.00	0.00	0.00	0.00	3372058.00	3372027.00	0.00	0.00	
97	5336858.00	0.00	0.00	0.00	3403575.00	3403587.00	0.00	0.00	
98	5323096.00	0.00	0.00	0.00	3412648.00	3412662.00	0.00	0.00	
99	5389454.00	0.00	0.00	0.00	3439743.00	3439735.00	0.00	0.00	
100	5404884.00	0.00	0.00	0.00	3456490.00	3456490.00	0.00	0.00	
101	5391780.00	0.00	0.00	0.00	3462916.00	3462892.00	0.00	0.00	
102	5381824.00	0.00	0.00	0.00	3468164.00	3468134.00	0.00	0.00	
103	5376930.00	0.00	0.00	0.00	3480490.00	3480522.00	0.00	0.00	
104	5334842.00	0.00	0.00	0.00	3505270.00	3505245.00	0.00	0.00	
105	5312764.00	0.00	0.00	0.00	3511964.00	3511966.00	0.00	0.00	
106	5301724.00	0.00	0.00	0.00	3542223.00	3542223.00	0.00	0.00	
107	5310083.00	0.00	0.00	0.00	3541925.00	3541885.00	0.00	0.00	
108	5317484.00	0.00	0.00	0.00	3571743.00	3571769.00	0.00	0.00	
109	5330907.00	0.00	0.00	0.00	3556133.00	3556097.00	0.00	0.00	
110	5297526.00	0.00	0.00	0.00	3586751.00	3586746.00	0.00	0.00	
111	5303936.00	0.00	0.00	0.00	3568848.00	3568836.00	0.00	0.00	
112	5268473.00	0.00	0.00	0.00	3608503.00	3608479.00	0.00	0.00	
113	5301407.00	0.00	0.00	0.00	3586890.00	3586870.00	0.00	0.00	
114	5288600.00	0.00	0.00	0.00	3628149.00	3628175.00	0.00	0.00	
115	5305637.00	0.00	0.00	0.00	3609729.00	3609748.00	0.00	0.00	
116	5278102.00	0.00	0.00	0.00	3643251.00	3643217.00	0.00	0.00	
117	5299240.00	0.00	0.00	0.00	3610957.00	3610996.00	0.00	0.00	
118	5266313.00	0.00	0.00	0.00	3665840.00	3665815.00	0.00	0.00	
119	5276821.00	0.00	0.00	0.00	3638216.00	3638233.00	0.00	0.00	
120	5242601.00	0.00	0.00	0.00	3691405.00	3691379.00	0.00	0.00	
121	5231631.00	0.00	0.00	0.00	3655529.00	3655547.00	0.00	0.00	
122	5997372.00	0.00	0.00	0.00	1975217.00	1975201.00	0.00	0.00	
123	6074882.00	0.00	0.00	0.00	1894876.00	1894890.00	0.00	0.00	
124	6103787.00	0.00	0.00	0.00	1959224.00	1959221.00	0.00	0.00	
125	6138950.00	0.00	0.00	0.00	1887820.00	1887822.00	0.00	0.00	
126	6110268.00	0.00	0.00	0.00	1962583.00	1962583.00	0.00	0.00	
127	5972772.00	0.00	0.00	0.00	2253658.00	2253446.00	0.00	0.00	
128	5875939.00	0.00	0.00	0.00	2387722.00	2387652.00	0.00	0.00	
129	5744009.00	0.00	0.00	0.00	2650901.00	2650801.00	0.00	0.00	
130	5699076.00	0.00	0.00	0.00	2771889.00	2771861.00	0.00	0.00	
131	5621936.00	0.00	0.00	0.00	2946921.00	2946804.00	0.00	0.00	
132	5583157.00	0.00	0.00	0.00	3045484.00	3045475.00	0.00	0.00	
133	5551002.00	0.00	0.00	0.00	3036493.00	3036457.00	0.00	0.00	
134	5495323.00	0.00	0.00	0.00	3123318.00	3123325.00	0.00	0.00	
135	5480529.00	0.00	0.00	0.00	3132998.00	3132937.00	0.00	0.00	
136	5392937.00	0.00	0.00	0.00	3217723.00	3217689.00	0.00	0.00	
137	5372031.00	0.00	0.00	0.00	3157571.00	3157572.00	0.00	0.00	
138	5394923.00	0.00	0.00	0.00	3250782.00	3250779.00	0.00	0.00	
139	5506262.00	0.00	0.00	0.00	3208533.00	3208542.00	0.00	0.00	
140	5488005.00	0.00	0.00	0.00	3301316.00	3301307.00	0.00	0.00	
141	5507298.00	0.00	0.00	0.00	3239864.00	3239839.00	0.00	0.00	
142	5489261.00	0.00	0.00	0.00	3331146.00	3331135.00	0.00	0.00	
143	5530960.00	0.00	0.00	0.00	3252421.00	3252449.00	0.00	0.00	
144	5462603.00	0.00	0.00	0.00	3334961.00	3334906.00	0.00	0.00	
145	5465287.00	0.00	0.00	0.00	3291341.00	3291371.00	0.00	0.00	
146	5417440.00	0.00	0.00	0.00	3366237.00	3366185.00	0.00	0.00	
147	5405367.00	0.00	0.00	0.00	3323475.00	3323519.00	0.00	0.00	
148	5336042.00	0.00	0.00	0.00	3390760.00	3390718.00	0.00	0.00	
149	5327565.00	0.00	0.00	0.00	3360022.00	3360052.00	0.00	0.00	
150	5353726.00	0.00	0.00	0.00	3424467.00	3424443.00	0.00	0.00	
151	5400532.00	0.00	0.00	0.00	3422788.00	3422778.00	0.00	0.00	
152	5380145.00	0.00	0.00	0.00	3468487.00	3468480.00	0.00	0.00	
153	5411283.00	0.00	0.00	0.00	3461704.00	3461692.00	0.00	0.00	
154	5378520.00	0.00	0.00	0.00	3505267.00	3505261.00	0.00	0.00	
155	5357499.00	0.00	0.00	0.00	3495526.00	3495530.00	0.00	0.00	
156	5403171.00	0.00	0.00	0.00	3526079.00	3526062.00	0.00	0.00	
157	5382033.00	0.00	0.00	0.00	3526483.00	3526488.00	0.00	0.00	
158	5368211.00	0.00	0.00	0.00	3536517.00	3536489.00	0.00	0.00	
159	5362669.00	0.00	0.00	0.00	3537241.00	3537252.00	0.00	0.00	
160	5365879.00	0.00	0.00	0.00	3539900.00	3539905.00	0.00	0.00	
161	5346027.00	0.00	0.00	0.00	3549275.00	3549250.00	0.00	0.00	
162	5314451.00	0.00	0.00	0.00	3553295.00	3553306.00	0.00	0.00	
163	5319590.00	0.00	0.00	0.00	3574424.00	3574402.00	0.00	0.00	
164	5319048.00	0.00	0.00	0.00	3574562.00	3574547.00	0.00	0.00	
165	5317010.00	0.00	0.00	0.00	3597221.00	3597206.00	0.00	0.00	
166	5298306.00	0.00	0.00	0.00	3597218.00	3597227.00	0.00	0.00	
167	5275832.00	0.00	0.00	0.00	3622969.00	3622967.00	0.00	0.00	
168	5275224.00	0.00	0.00	0.00	3606203.00	3606198.00	0.00	0.00	
169	5292741.00	0.00	0.00	0.00	3642996.00	3642973.00	0.00	0.00	
170	5287136.00	0.00	0.00	0.00	3623774.00	3623778.00	0.00	0.00	
