second	tx	tx_grant	tx_grant_re4wait	tx_release	tx_release_re4modfail	tx_release_re4wait	rx	rx_grantSucc	rx_queueSucc	rx_releaseSucc	rx_grantFail	rx_grantModFail	rx_releaseFail	rx_releaseModFail	rx_p4	rx_grantSucc_p4	rx_queueSucc_p4	rx_releaseSucc_p4	rx_grantFail_p4	rx_releaseFail_p4	rx_bdFail_p4	rx_mirror_p4	rx_fpga	rx_grantSucc_fpga	rx_queueSucc_fpga	rx_releaseSucc_fpga	rx_grantFail_fpga	rx_grantModFail_fpga	rx_grantModHitFail_fpga	rx_grantModNfsFail_fpga	rx_releaseFail_fpga	rx_releaseModFail_fpga	rx_releaseModHitFail_fpga	rx_releaseModNfsFail_fpga	dropped_pkt	txn_fail	txn_total	
2	15304850.00	8261706.00	495650.00	6236921.00	0.00	310573.00	14217336.00	6235783.00	0.00	6152112.00	1820125.00	0.00	318.00	0.00	7632859.00	3204603.00	0.00	3203694.00	1224248.00	315.00	0.00	0.00	6575479.00	3031180.00	0.00	2948418.00	595878.00	0.00	0.00	0.00	3.00	0.00	0.00	0.00	0.00	256510.00	8261711.00	
3	16853962.00	9266891.00	542393.00	6731098.00	0.00	313580.00	15714579.00	6729885.00	0.00	6654519.00	2322869.00	0.00	182.00	0.00	8893124.00	3744120.00	0.00	3745280.00	1403542.00	181.00	0.00	0.00	6814331.00	2985765.00	0.00	2909239.00	919326.00	0.00	0.00	0.00	1.00	0.00	0.00	0.00	0.00	250578.00	9266890.00	
4	17265924.00	9726746.00	559656.00	6690982.00	0.00	288539.00	16142617.00	6691139.00	0.00	6622317.00	2821341.00	0.00	111.00	0.00	9412482.00	3964725.00	0.00	3964605.00	1483041.00	111.00	0.00	0.00	6722427.00	2726415.00	0.00	2657712.00	1338300.00	0.00	0.00	0.00	0.00	0.00	0.00	0.00	0.00	252951.00	9726746.00	
5	17927932.00	10251180.00	586577.00	6808687.00	0.00	281487.00	16790744.00	6810455.00	0.00	6746778.00	3224825.00	0.00	62.00	0.00	9987274.00	4191774.00	0.00	4190903.00	1604536.00	62.00	0.00	0.00	6794846.00	2618681.00	0.00	2555875.00	1620290.00	0.00	0.00	0.00	0.00	0.00	0.00	0.00	0.00	251744.00	10251181.00	
6	18697220.00	10828191.00	601335.00	7001038.00	0.00	266657.00	17549868.00	6999055.00	0.00	6941888.00	3599613.00	0.00	97.00	0.00	10644638.00	4469984.00	0.00	4470926.00	1703629.00	97.00	0.00	0.00	6896014.00	2529070.00	0.00	2470962.00	1895982.00	0.00	0.00	0.00	0.00	0.00	0.00	0.00	0.00	250069.00	10828188.00	
7	19379168.00	11379933.00	632074.00	7109193.00	0.00	257969.00	18219980.00	7109813.00	0.00	7053669.00	4047477.00	0.00	45.00	0.00	11274813.00	4729290.00	0.00	4728682.00	1816797.00	45.00	0.00	0.00	6936190.00	2380522.00	0.00	2324987.00	2230681.00	0.00	0.00	0.00	0.00	0.00	0.00	0.00	0.00	244406.00	11379934.00	
8	19922246.00	11807594.00	626694.00	7234647.00	0.00	253312.00	18776884.00	7234290.00	0.00	7177378.00	4355242.00	0.00	49.00	0.00	11775949.00	4923371.00	0.00	4923639.00	1928892.00	48.00	0.00	0.00	6991011.00	2310920.00	0.00	2253740.00	2426350.00	0.00	0.00	0.00	1.00	0.00	0.00	0.00	0.00	230412.00	11807594.00	
9	21288784.00	12803864.00	633637.00	7610836.00	0.00	240449.00	20164792.00	7611425.00	0.00	7555830.00	4983052.00	0.00	64.00	0.00	13066285.00	5441140.00	0.00	5441118.00	2183962.00	64.00	0.00	0.00	7084086.00	2170285.00	0.00	2114711.00	2799090.00	0.00	0.00	0.00	0.00	0.00	0.00	0.00	0.00	214375.00	12803861.00	
10	22476132.00	13717687.00	629122.00	7905691.00	0.00	223630.00	21377104.00	7905833.00	0.00	7853858.00	5606725.00	0.00	38.00	0.00	14147892.00	5856887.00	0.00	5856491.00	2434476.00	38.00	0.00	0.00	7218562.00	2048946.00	0.00	1997367.00	3172249.00	0.00	0.00	0.00	0.00	0.00	0.00	0.00	0.00	207213.00	13717687.00	
11	23536036.00	14617578.00	631968.00	8091825.00	0.00	194666.00	22464874.00	8091552.00	0.00	8045098.00	6318972.00	0.00	27.00	0.00	15118957.00	6211289.00	0.00	6211577.00	2696064.00	27.00	0.00	0.00	7336692.00	1880263.00	0.00	1833521.00	3622908.00	0.00	0.00	0.00	0.00	0.00	0.00	0.00	0.00	204741.00	14617578.00	
12	24595088.00	15475406.00	623643.00	8318326.00	0.00	177712.00	23564988.00	8318092.00	0.00	8273812.00	6959182.00	0.00	43.00	0.00	16055252.00	6568955.00	0.00	6568780.00	2917474.00	43.00	0.00	0.00	7495877.00	1749137.00	0.00	1705032.00	4041708.00	0.00	0.00	0.00	0.00	0.00	0.00	0.00	0.00	197221.00	15475412.00	
13	25909592.00	16428483.00	597865.00	8716365.00	0.00	166877.00	24930490.00	8716751.00	0.00	8673097.00	7527103.00	0.00	28.00	0.00	17215692.00	7008601.00	0.00	7008335.00	3198729.00	28.00	0.00	0.00	7701287.00	1708151.00	0.00	1664762.00	4328374.00	0.00	0.00	0.00	0.00	0.00	0.00	0.00	0.00	185660.00	16428486.00	
14	28087874.00	18054436.00	584674.00	9307755.00	0.00	141008.00	27159144.00	9307931.00	0.00	9269599.00	8568305.00	0.00	20.00	0.00	19089508.00	7731680.00	0.00	7731769.00	3626040.00	20.00	0.00	0.00	8056345.00	1576250.00	0.00	1537830.00	4942265.00	0.00	0.00	0.00	0.00	0.00	0.00	0.00	0.00	179925.00	18054428.00	
15	30727452.00	20032652.00	573581.00	10006666.00	0.00	114549.00	29844848.00	10006379.00	0.00	9973773.00	9851363.00	0.00	17.00	0.00	21303996.00	8585760.00	0.00	8585372.00	4132847.00	17.00	0.00	0.00	8527536.00	1420618.00	0.00	1388402.00	5718516.00	0.00	0.00	0.00	0.00	0.00	0.00	0.00	0.00	173162.00	20032658.00	
16	33992576.00	22342220.00	557791.00	10996879.00	0.00	95686.00	33165278.00	10997317.00	0.00	10970008.00	11182187.00	0.00	21.00	0.00	24012872.00	9652507.00	0.00	9652177.00	4708167.00	21.00	0.00	0.00	9136664.00	1344813.00	0.00	1317830.00	6474021.00	0.00	0.00	0.00	0.00	0.00	0.00	0.00	0.00	164134.00	22342224.00	
17	36704232.00	24265952.00	541610.00	11816089.00	0.00	80576.00	35922152.00	11815723.00	0.00	11794118.00	12299468.00	0.00	30.00	0.00	26312370.00	10558668.00	0.00	10558866.00	5194808.00	30.00	0.00	0.00	9596965.00	1257053.00	0.00	1235253.00	7104660.00	0.00	0.00	0.00	0.00	0.00	0.00	0.00	0.00	149575.00	24265952.00	
18	38574608.00	25607096.00	506994.00	12393156.00	0.00	67357.00	37858752.00	12393278.00	0.00	12375417.00	13077933.00	0.00	28.00	0.00	28039540.00	11239471.00	0.00	11239315.00	5560724.00	28.00	0.00	0.00	9807117.00	1153807.00	0.00	1136101.00	7517207.00	0.00	0.00	0.00	0.00	0.00	0.00	0.00	0.00	136342.00	25607096.00	
19	39386916.00	26194340.00	523052.00	12610010.00	0.00	59509.00	38668816.00	12610647.00	0.00	12595421.00	13448190.00	0.00	30.00	0.00	28847856.00	11587676.00	0.00	11587379.00	5672769.00	30.00	0.00	0.00	9806433.00	1022970.00	0.00	1008042.00	7775422.00	0.00	0.00	0.00	0.00	0.00	0.00	0.00	0.00	137166.00	26194336.00	
20	40285744.00	26873216.00	481028.00	12881084.00	0.00	50416.00	39632564.00	12880677.00	0.00	12868571.00	13869860.00	0.00	21.00	0.00	29737900.00	11929006.00	0.00	11929212.00	5879659.00	21.00	0.00	0.00	9881232.00	951672.00	0.00	939359.00	7990201.00	0.00	0.00	0.00	0.00	0.00	0.00	0.00	0.00	121416.00	26873224.00	
21	41031356.00	27485206.00	407410.00	13100373.00	0.00	38368.00	40500212.00	13100437.00	0.00	13092122.00	14293280.00	0.00	26.00	0.00	30601156.00	12231043.00	0.00	12230815.00	6139269.00	26.00	0.00	0.00	9884714.00	869395.00	0.00	861308.00	8154011.00	0.00	0.00	0.00	0.00	0.00	0.00	0.00	0.00	91975.00	27485204.00	
22	41734688.00	27978776.00	349537.00	13374586.00	0.00	31794.00	41300936.00	13374661.00	0.00	13368910.00	14540166.00	0.00	36.00	0.00	31413064.00	12538171.00	0.00	12538030.00	6336823.00	36.00	0.00	0.00	9870710.00	836488.00	0.00	830879.00	8203343.00	0.00	0.00	0.00	0.00	0.00	0.00	0.00	0.00	64689.00	27978776.00	
23	42261868.00	28330442.00	305507.00	13599003.00	0.00	26916.00	41889220.00	13598978.00	0.00	13594673.00	14681223.00	0.00	44.00	0.00	32055128.00	12772066.00	0.00	12771932.00	6511080.00	44.00	0.00	0.00	9819796.00	826913.00	0.00	822740.00	8170144.00	0.00	0.00	0.00	0.00	0.00	0.00	0.00	0.00	49933.00	28330436.00	
24	42707952.00	28563268.00	257420.00	13862776.00	0.00	24486.00	42402976.00	13862614.00	0.00	13859572.00	14666752.00	0.00	72.00	0.00	32598878.00	12993122.00	0.00	12993146.00	6612539.00	72.00	0.00	0.00	9790132.00	869492.00	0.00	866427.00	8054212.00	0.00	0.00	0.00	0.00	0.00	0.00	0.00	0.00	33627.00	28563272.00	
25	43116760.00	28790576.00	190731.00	14116280.00	0.00	19175.00	42903280.00	14116473.00	0.00	14114410.00	14655039.00	0.00	74.00	0.00	33147576.00	13199893.00	0.00	13199690.00	6747921.00	74.00	0.00	0.00	9738418.00	916580.00	0.00	914720.00	7907118.00	0.00	0.00	0.00	0.00	0.00	0.00	0.00	0.00	20057.00	28790576.00	
26	43634272.00	29104434.00	143194.00	14372227.00	0.00	14416.00	43476384.00	14371627.00	0.00	14370633.00	14719583.00	0.00	62.00	0.00	33832248.00	13462962.00	0.00	13462925.00	6906298.00	62.00	0.00	0.00	9629658.00	908667.00	0.00	907706.00	7813285.00	0.00	0.00	0.00	0.00	0.00	0.00	0.00	0.00	11808.00	29104432.00	
27	43967984.00	29288768.00	97701.00	14571527.00	0.00	9986.00	43872052.00	14572527.00	0.00	14571693.00	14711494.00	0.00	66.00	0.00	34349444.00	13660826.00	0.00	13660642.00	7027914.00	66.00	0.00	0.00	9506332.00	911699.00	0.00	911053.00	7683580.00	0.00	0.00	0.00	0.00	0.00	0.00	0.00	0.00	6801.00	29288772.00	
28	44041452.00	29166708.00	59171.00	14808695.00	0.00	6878.00	43982168.00	14808283.00	0.00	14808021.00	14352940.00	0.00	70.00	0.00	34517372.00	13761345.00	0.00	13761368.00	6994589.00	70.00	0.00	0.00	9451942.00	1046938.00	0.00	1046653.00	7358351.00	0.00	0.00	0.00	0.00	0.00	0.00	0.00	0.00	4378.00	29166708.00	
29	44237796.00	29240874.00	50384.00	14940774.00	0.00	5761.00	44189516.00	14940528.00	0.00	14940115.00	14296165.00	0.00	80.00	0.00	34816548.00	13883051.00	0.00	13882940.00	7050479.00	80.00	0.00	0.00	9360339.00	1057477.00	0.00	1057175.00	7245687.00	0.00	0.00	0.00	0.00	0.00	0.00	0.00	0.00	4103.00	29240880.00	
30	44417808.00	29292152.00	31520.00	15090529.00	0.00	3601.00	44395808.00	15090745.00	0.00	15090434.00	14198815.00	0.00	78.00	0.00	35147348.00	14025044.00	0.00	14024938.00	7097285.00	78.00	0.00	0.00	9232725.00	1065700.00	0.00	1065496.00	7101529.00	0.00	0.00	0.00	0.00	0.00	0.00	0.00	0.00	2967.00	29292150.00	
31	44439688.00	29166636.00	18606.00	15252596.00	0.00	1846.00	44430160.00	15252747.00	0.00	15252625.00	13911675.00	0.00	54.00	0.00	35334624.00	14137615.00	0.00	14137632.00	7059320.00	54.00	0.00	0.00	9082481.00	1115133.00	0.00	1114993.00	6852355.00	0.00	0.00	0.00	0.00	0.00	0.00	0.00	0.00	2627.00	29166632.00	
32	44538108.00	29140816.00	12921.00	15383094.00	0.00	1279.00	44538492.00	15383577.00	0.00	15383331.00	13755843.00	0.00	52.00	0.00	35594176.00	14264385.00	0.00	14264284.00	7065454.00	52.00	0.00	0.00	8928628.00	1119192.00	0.00	1119047.00	6690389.00	0.00	0.00	0.00	0.00	0.00	0.00	0.00	0.00	2109.00	29140808.00	
33	44755952.00	29139196.00	9963.00	15605829.00	0.00	955.00	44754868.00	15605322.00	0.00	15605367.00	13530847.00	0.00	71.00	0.00	35886360.00	14409921.00	0.00	14410105.00	7066265.00	71.00	0.00	0.00	8855244.00	1195400.00	0.00	1195262.00	6464582.00	0.00	0.00	0.00	0.00	0.00	0.00	0.00	0.00	1978.00	29139200.00	
34	44711572.00	29021938.00	7701.00	15681269.00	0.00	654.00	44713728.00	15680991.00	0.00	15680669.00	13338624.00	0.00	56.00	0.00	35980548.00	14463732.00	0.00	14463524.00	7053236.00	56.00	0.00	0.00	8719793.00	1217260.00	0.00	1217145.00	6285388.00	0.00	0.00	0.00	0.00	0.00	0.00	0.00	0.00	1823.00	29021940.00	
35	44652328.00	28874140.00	6979.00	15770683.00	0.00	527.00	44659256.00	15770863.00	0.00	15770682.00	13101849.00	0.00	62.00	0.00	36022192.00	14508333.00	0.00	14508255.00	7005541.00	62.00	0.00	0.00	8621265.00	1262530.00	0.00	1262427.00	6096308.00	0.00	0.00	0.00	0.00	0.00	0.00	0.00	0.00	1857.00	28874136.00	
36	43546980.00	28041098.00	8112.00	15497060.00	0.00	706.00	43548580.00	15496958.00	0.00	15496970.00	12541638.00	0.00	66.00	0.00	35192800.00	14203724.00	0.00	14203801.00	6785208.00	66.00	0.00	0.00	8342833.00	1293234.00	0.00	1293169.00	5756430.00	0.00	0.00	0.00	0.00	0.00	0.00	0.00	0.00	3963.00	28041100.00	
37	44581340.00	28574622.00	5739.00	16000613.00	0.00	372.00	44588896.00	16000894.00	0.00	16000545.00	12572657.00	0.00	60.00	0.00	36167732.00	14634356.00	0.00	14634128.00	6899191.00	60.00	0.00	0.00	8406421.00	1366538.00	0.00	1366417.00	5673466.00	0.00	0.00	0.00	0.00	0.00	0.00	0.00	0.00	1750.00	28574624.00	
38	44803180.00	28707220.00	5181.00	16090448.00	0.00	334.00	44808636.00	16090423.00	0.00	16090438.00	12614943.00	0.00	100.00	0.00	36469720.00	14755656.00	0.00	14755769.00	6958193.00	100.00	0.00	0.00	8326186.00	1334768.00	0.00	1334668.00	5656750.00	0.00	0.00	0.00	0.00	0.00	0.00	0.00	0.00	1609.00	28707220.00	
39	44868040.00	28797656.00	5470.00	16064522.00	0.00	395.00	44872196.00	16064297.00	0.00	16064290.00	12731202.00	0.00	78.00	0.00	36570408.00	14773916.00	0.00	14773938.00	7022475.00	78.00	0.00	0.00	8289460.00	1290380.00	0.00	1290353.00	5708727.00	0.00	0.00	0.00	0.00	0.00	0.00	0.00	0.00	1580.00	28797654.00	
40	44888908.00	28807458.00	4712.00	16076385.00	0.00	353.00	44896032.00	16076648.00	0.00	16076469.00	12730043.00	0.00	73.00	0.00	36612792.00	14785965.00	0.00	14785865.00	7040892.00	73.00	0.00	0.00	8270438.00	1290683.00	0.00	1290604.00	5689151.00	0.00	0.00	0.00	0.00	0.00	0.00	0.00	0.00	1400.00	28807456.00	
41	44875832.00	28820710.00	3963.00	16050823.00	0.00	334.00	44883240.00	16050752.00	0.00	16050795.00	12768686.00	0.00	114.00	0.00	36624088.00	14773613.00	0.00	14773676.00	7076679.00	114.00	0.00	0.00	8246264.00	1277139.00	0.00	1277119.00	5692006.00	0.00	0.00	0.00	0.00	0.00	0.00	0.00	0.00	1302.00	28820712.00	
42	44910420.00	28794016.00	4678.00	16111334.00	0.00	392.00	44919044.00	16111741.00	0.00	16111487.00	12681569.00	0.00	89.00	0.00	36609772.00	14774315.00	0.00	14774103.00	7061267.00	89.00	0.00	0.00	8295114.00	1337427.00	0.00	1337384.00	5620303.00	0.00	0.00	0.00	0.00	0.00	0.00	0.00	0.00	1382.00	28794008.00	
43	44781340.00	28681554.00	4201.00	16095172.00	0.00	400.00	44787060.00	16095038.00	0.00	16095017.00	12584862.00	0.00	92.00	0.00	36483724.00	14722279.00	0.00	14722329.00	7039024.00	92.00	0.00	0.00	8291285.00	1372759.00	0.00	1372688.00	5545838.00	0.00	0.00	0.00	0.00	0.00	0.00	0.00	0.00	1403.00	28681552.00	
44	44756296.00	28631212.00	4633.00	16120006.00	0.00	449.00	44761740.00	16120000.00	0.00	16119913.00	12509535.00	0.00	73.00	0.00	36444028.00	14709779.00	0.00	14709780.00	7024392.00	73.00	0.00	0.00	8305496.00	1410220.00	0.00	1410133.00	5485143.00	0.00	0.00	0.00	0.00	0.00	0.00	0.00	0.00	1351.00	28631216.00	
45	44717508.00	28453248.00	5958.00	16257614.00	0.00	692.00	44720560.00	16257261.00	0.00	16257015.00	12193904.00	0.00	57.00	0.00	36255216.00	14653338.00	0.00	14653164.00	6948655.00	57.00	0.00	0.00	8453023.00	1603923.00	0.00	1603851.00	5245249.00	0.00	0.00	0.00	0.00	0.00	0.00	0.00	0.00	1590.00	28453244.00	
46	44732588.00	28461412.00	5045.00	16265549.00	0.00	576.00	44737108.00	16265278.00	0.00	16265293.00	12194371.00	0.00	78.00	0.00	36264120.00	14653707.00	0.00	14653762.00	6956570.00	78.00	0.00	0.00	8460903.00	1611571.00	0.00	1611531.00	5237801.00	0.00	0.00	0.00	0.00	0.00	0.00	0.00	0.00	1501.00	28461416.00	
47	44787872.00	28567956.00	5154.00	16214200.00	0.00	566.00	44795876.00	16214298.00	0.00	16214184.00	12352495.00	0.00	136.00	0.00	36373376.00	14671281.00	0.00	14671198.00	7030761.00	136.00	0.00	0.00	8407737.00	1543017.00	0.00	1542986.00	5321734.00	0.00	0.00	0.00	0.00	0.00	0.00	0.00	0.00	1394.00	28567956.00	
48	44802028.00	28627600.00	4544.00	16169358.00	0.00	522.00	44808152.00	16169545.00	0.00	16169290.00	12456792.00	0.00	62.00	0.00	36449896.00	14695025.00	0.00	14694843.00	7059971.00	62.00	0.00	0.00	8345788.00	1474520.00	0.00	1474447.00	5396821.00	0.00	0.00	0.00	0.00	0.00	0.00	0.00	0.00	1419.00	28627594.00	
49	44788680.00	28567250.00	4965.00	16215882.00	0.00	588.00	44794684.00	16216286.00	0.00	16216235.00	12350000.00	0.00	70.00	0.00	36379856.00	14674964.00	0.00	14674945.00	7029878.00	70.00	0.00	0.00	8402734.00	1541322.00	0.00	1541290.00	5320122.00	0.00	0.00	0.00	0.00	0.00	0.00	0.00	0.00	1400.00	28567256.00	
50	44810204.00	28554840.00	5584.00	16248989.00	0.00	789.00	44814052.00	16248705.00	0.00	16248432.00	12304622.00	0.00	100.00	0.00	36351492.00	14662360.00	0.00	14662199.00	7026831.00	100.00	0.00	0.00	8450370.00	1586345.00	0.00	1586233.00	5277792.00	0.00	0.00	0.00	0.00	0.00	0.00	0.00	0.00	1333.00	28554838.00	
51	31056212.00	17977202.00	485404.00	12374095.00	0.00	219511.00	30138936.00	12374134.00	0.00	12320455.00	5434693.00	0.00	465.00	0.00	21380716.00	9038556.00	0.00	9039821.00	3301899.00	437.00	0.00	0.00	8749033.00	3335578.00	0.00	3280634.00	2132793.00	0.00	0.00	0.00	28.00	0.00	0.00	0.00	0.00	179215.00	17977202.00	
52	40528692.00	23635172.00	321286.00	16365940.00	0.00	206294.00	39897056.00	16365989.00	0.00	16321554.00	7200585.00	0.00	96.00	0.00	30089494.00	12538709.00	0.00	12538363.00	5012323.00	96.00	0.00	0.00	9798733.00	3827280.00	0.00	3783191.00	2188262.00	0.00	0.00	0.00	0.00	0.00	0.00	0.00	0.00	68887.00	23635172.00	
53	41578220.00	24431688.00	263435.00	16721110.00	0.00	161988.00	41087984.00	16722042.00	0.00	16693494.00	7664286.00	0.00	88.00	0.00	31323604.00	13001041.00	0.00	13000553.00	5321918.00	88.00	0.00	0.00	9756309.00	3721001.00	0.00	3692940.00	2342368.00	0.00	0.00	0.00	0.00	0.00	0.00	0.00	0.00	47038.00	24431684.00	
54	42199748.00	24920300.00	235702.00	16900852.00	0.00	142889.00	41761904.00	16898968.00	0.00	16875576.00	7979159.00	0.00	103.00	0.00	32027372.00	13248101.00	0.00	13248486.00	5530686.00	103.00	0.00	0.00	9726432.00	3650867.00	0.00	3627092.00	2448473.00	0.00	0.00	0.00	0.00	0.00	0.00	0.00	0.00	39117.00	24920300.00	
55	42232488.00	24995894.00	212713.00	16899288.00	0.00	124589.00	41855504.00	16899836.00	0.00	16881732.00	8065801.00	0.00	114.00	0.00	32153728.00	13290837.00	0.00	13290456.00	5572320.00	114.00	0.00	0.00	9693755.00	3608998.00	0.00	3591276.00	2493481.00	0.00	0.00	0.00	0.00	0.00	0.00	0.00	0.00	31182.00	24995894.00	
56	42537424.00	25254158.00	198632.00	16968360.00	0.00	116274.00	42188856.00	16969070.00	0.00	16953158.00	8258368.00	0.00	90.00	0.00	32473068.00	13399896.00	0.00	13399931.00	5673153.00	90.00	0.00	0.00	9707618.00	3569175.00	0.00	3553227.00	2585216.00	0.00	0.00	0.00	0.00	0.00	0.00	0.00	0.00	27757.00	25254158.00	
57	42632992.00	25356114.00	187550.00	16979916.00	0.00	109422.00	42308464.00	16980064.00	0.00	16966156.00	8352186.00	0.00	129.00	0.00	32601092.00	13441022.00	0.00	13440883.00	5719056.00	129.00	0.00	0.00	9697445.00	3539042.00	0.00	3525274.00	2633129.00	0.00	0.00	0.00	0.00	0.00	0.00	0.00	0.00	24182.00	25356116.00	
58	42622096.00	25391916.00	179411.00	16948900.00	0.00	101866.00	42315160.00	16949140.00	0.00	16936268.00	8421053.00	0.00	123.00	0.00	32665248.00	13468095.00	0.00	13467957.00	5729076.00	123.00	0.00	0.00	9641332.00	3481044.00	0.00	3468311.00	2691977.00	0.00	0.00	0.00	0.00	0.00	0.00	0.00	0.00	22280.00	25391912.00	
59	42828232.00	25576978.00	174889.00	16978244.00	0.00	98126.00	42527028.00	16977236.00	0.00	16964896.00	8575909.00	0.00	114.00	0.00	32884884.00	13538127.00	0.00	13538374.00	5808268.00	114.00	0.00	0.00	9633274.00	3439110.00	0.00	3426523.00	2767641.00	0.00	0.00	0.00	0.00	0.00	0.00	0.00	0.00	21936.00	25576980.00	
60	42717784.00	25511720.00	157509.00	16960588.00	0.00	87966.00	42454584.00	16960744.00	0.00	16951120.00	8533599.00	0.00	101.00	0.00	32828196.00	13522767.00	0.00	13522551.00	5782778.00	101.00	0.00	0.00	9617365.00	3437976.00	0.00	3428568.00	2750821.00	0.00	0.00	0.00	0.00	0.00	0.00	0.00	0.00	17722.00	25511716.00	
61	42959512.00	25698488.00	157543.00	17016336.00	0.00	87150.00	42697144.00	17016554.00	0.00	17006904.00	8664512.00	0.00	86.00	0.00	33060032.00	13606717.00	0.00	13606696.00	5846534.00	86.00	0.00	0.00	9628025.00	3409839.00	0.00	3400208.00	2817978.00	0.00	0.00	0.00	0.00	0.00	0.00	0.00	0.00	17974.00	25698494.00	
62	42979164.00	25772756.00	143960.00	16984472.00	0.00	77982.00	42744812.00	16984392.00	0.00	16976420.00	8773023.00	0.00	94.00	0.00	33133584.00	13617053.00	0.00	13617021.00	5899418.00	94.00	0.00	0.00	9600342.00	3367337.00	0.00	3359400.00	2873605.00	0.00	0.00	0.00	0.00	0.00	0.00	0.00	0.00	15214.00	25772756.00	
63	43001848.00	25870284.00	130029.00	16932320.00	0.00	69216.00	42794024.00	16933050.00	0.00	16926588.00	8925480.00	0.00	89.00	0.00	33239486.00	13636806.00	0.00	13636510.00	5966080.00	89.00	0.00	0.00	9545722.00	3296243.00	0.00	3290079.00	2959400.00	0.00	0.00	0.00	0.00	0.00	0.00	0.00	0.00	12920.00	25870282.00	
64	43169896.00	25953476.00	134958.00	17009572.00	0.00	71884.00	42949872.00	17008968.00	0.00	17002044.00	8929788.00	0.00	122.00	0.00	33352812.00	13683857.00	0.00	13684029.00	5984803.00	122.00	0.00	0.00	9588112.00	3325111.00	0.00	3318016.00	2944985.00	0.00	0.00	0.00	0.00	0.00	0.00	0.00	0.00	13793.00	25953482.00	
65	43053900.00	25882224.00	123507.00	16982764.00	0.00	65411.00	42855736.00	16982744.00	0.00	16976520.00	8887281.00	0.00	122.00	0.00	33271448.00	13657812.00	0.00	13657772.00	5955738.00	122.00	0.00	0.00	9575222.00	3324932.00	0.00	3318747.00	2931543.00	0.00	0.00	0.00	0.00	0.00	0.00	0.00	0.00	12152.00	25882224.00	
66	43204712.00	26001320.00	125649.00	17011216.00	0.00	66530.00	43004844.00	17011940.00	0.00	17005512.00	8978170.00	0.00	121.00	0.00	33418864.00	13712747.00	0.00	13712539.00	5993455.00	121.00	0.00	0.00	9576879.00	3299193.00	0.00	3292971.00	2984715.00	0.00	0.00	0.00	0.00	0.00	0.00	0.00	0.00	12368.00	26001316.00	
67	43197984.00	26055660.00	115725.00	16965996.00	0.00	60602.00	43013932.00	16965084.00	0.00	16959756.00	9078167.00	0.00	116.00	0.00	33457814.00	13708809.00	0.00	13708812.00	6040076.00	116.00	0.00	0.00	9545311.00	3256276.00	0.00	3250944.00	3038091.00	0.00	0.00	0.00	0.00	0.00	0.00	0.00	0.00	10965.00	26055672.00	
68	43139880.00	26008292.00	117180.00	16954146.00	0.00	60263.00	42957752.00	16955054.00	0.00	16949780.00	9043755.00	0.00	112.00	0.00	33431932.00	13711781.00	0.00	13711619.00	6008426.00	112.00	0.00	0.00	9516764.00	3243273.00	0.00	3238161.00	3035330.00	0.00	0.00	0.00	0.00	0.00	0.00	0.00	0.00	10934.00	26008296.00	
69	43232192.00	26027414.00	125122.00	17014378.00	0.00	65281.00	43031800.00	17013744.00	0.00	17007936.00	9000848.00	0.00	115.00	0.00	33475988.00	13740052.00	0.00	13740101.00	5995720.00	115.00	0.00	0.00	9546655.00	3273692.00	0.00	3267835.00	3005128.00	0.00	0.00	0.00	0.00	0.00	0.00	0.00	0.00	11728.00	26027412.00	
70	43110556.00	26002856.00	107785.00	16944408.00	0.00	55516.00	42941496.00	16944156.00	0.00	16939380.00	9048521.00	0.00	113.00	0.00	33439538.00	13717068.00	0.00	13717011.00	6005345.00	113.00	0.00	0.00	9492631.00	3227087.00	0.00	3222369.00	3043175.00	0.00	0.00	0.00	0.00	0.00	0.00	0.00	0.00	9940.00	26002850.00	
71	43299424.00	26146232.00	109251.00	16988188.00	0.00	55753.00	43130788.00	16988804.00	0.00	16984108.00	9148487.00	0.00	126.00	0.00	33619880.00	13781524.00	0.00	13781603.00	6056628.00	126.00	0.00	0.00	9501648.00	3207282.00	0.00	3202506.00	3091860.00	0.00	0.00	0.00	0.00	0.00	0.00	0.00	0.00	9638.00	26146236.00	
72	43268844.00	26117852.00	102715.00	16995328.00	0.00	52948.00	43106400.00	16994242.00	0.00	16989944.00	9112688.00	0.00	129.00	0.00	33590872.00	13770058.00	0.00	13769903.00	6050784.00	129.00	0.00	0.00	9506126.00	3224183.00	0.00	3220039.00	3061904.00	0.00	0.00	0.00	0.00	0.00	0.00	0.00	0.00	9137.00	26117852.00	
73	43227444.00	26090936.00	103116.00	16981308.00	0.00	52079.00	43074108.00	16982636.00	0.00	16978470.00	9101637.00	0.00	128.00	0.00	33587448.00	13774196.00	0.00	13773964.00	6039163.00	128.00	0.00	0.00	9475419.00	3208439.00	0.00	3204507.00	3062473.00	0.00	0.00	0.00	0.00	0.00	0.00	0.00	0.00	9024.00	26090932.00	
74	43411868.00	26215540.00	102633.00	17041152.00	0.00	52538.00	43250924.00	17040304.00	0.00	17036176.00	9164937.00	0.00	125.00	0.00	33737560.00	13824429.00	0.00	13824467.00	6088539.00	125.00	0.00	0.00	9503983.00	3215875.00	0.00	3211710.00	3076398.00	0.00	0.00	0.00	0.00	0.00	0.00	0.00	0.00	8868.00	26215540.00	
75	43323824.00	26256624.00	83290.00	16942510.00	0.00	41402.00	43198076.00	16941948.00	0.00	16939066.00	9307500.00	0.00	137.00	0.00	33750416.00	13800785.00	0.00	13800722.00	6148769.00	137.00	0.00	0.00	9438238.00	3141163.00	0.00	3138344.00	3158731.00	0.00	0.00	0.00	0.00	0.00	0.00	0.00	0.00	6562.00	26256632.00	
76	43487456.00	26371868.00	90572.00	16980124.00	0.00	44882.00	43354984.00	16981508.00	0.00	16978264.00	9385495.00	0.00	127.00	0.00	33892320.00	13853065.00	0.00	13852916.00	6186207.00	127.00	0.00	0.00	9453078.00	3128443.00	0.00	3125347.00	3199288.00	0.00	0.00	0.00	0.00	0.00	0.00	0.00	0.00	7056.00	26371868.00	
77	43406696.00	26354600.00	84021.00	16926692.00	0.00	41394.00	43279140.00	16925884.00	0.00	16923008.00	9420810.00	0.00	130.00	0.00	33843144.00	13821862.00	0.00	13821895.00	6199260.00	130.00	0.00	0.00	9426684.00	3104021.00	0.00	3101113.00	3221550.00	0.00	0.00	0.00	0.00	0.00	0.00	0.00	0.00	6449.00	26354604.00	
78	42860496.00	25830896.00	102948.00	16873390.00	0.00	53266.00	42704136.00	16874288.00	0.00	16869664.00	8948473.00	0.00	123.00	0.00	33285996.00	13660894.00	0.00	13660635.00	5964344.00	123.00	0.00	0.00	9406552.00	3213395.00	0.00	3209028.00	2984129.00	0.00	0.00	0.00	0.00	0.00	0.00	0.00	0.00	11432.00	25830896.00	
79	43413060.00	26216982.00	100561.00	17044060.00	0.00	51456.00	43255808.00	17043252.00	0.00	17039026.00	9163763.00	0.00	110.00	0.00	33740544.00	13823647.00	0.00	13823712.00	6093074.00	110.00	0.00	0.00	9505607.00	3219604.00	0.00	3215314.00	3070689.00	0.00	0.00	0.00	0.00	0.00	0.00	0.00	0.00	8596.00	26216974.00	
80	43339052.00	26269958.00	82983.00	16945392.00	0.00	40716.00	43215792.00	16945368.00	0.00	16942686.00	9318314.00	0.00	115.00	0.00	33766144.00	13811209.00	0.00	13811071.00	6143754.00	115.00	0.00	0.00	9440334.00	3134159.00	0.00	3131615.00	3174560.00	0.00	0.00	0.00	0.00	0.00	0.00	0.00	0.00	6262.00	26269960.00	
81	33245260.00	19479884.00	449148.00	13147543.00	0.00	168680.00	32417252.00	13147712.00	0.00	13105171.00	6154339.00	0.00	495.00	0.00	23842608.00	10019100.00	0.00	10020032.00	3802997.00	474.00	0.00	0.00	8565115.00	3128613.00	0.00	3085139.00	2351342.00	0.00	0.00	0.00	21.00	0.00	0.00	0.00	0.00	183465.00	19479880.00	
82	41496436.00	24619364.00	265481.00	16459363.00	0.00	152224.00	41013288.00	16458559.00	0.00	16432079.00	8113739.00	0.00	82.00	0.00	31276006.00	12921074.00	0.00	12920462.00	5434389.00	82.00	0.00	0.00	9728455.00	3537485.00	0.00	3511618.00	2679352.00	0.00	0.00	0.00	0.00	0.00	0.00	0.00	0.00	46076.00	24619370.00	
83	42202096.00	25148936.00	212762.00	16721126.00	0.00	119273.00	41835384.00	16722299.00	0.00	16705203.00	8398085.00	0.00	116.00	0.00	32167648.00	13253530.00	0.00	13253300.00	5660700.00	116.00	0.00	0.00	9658055.00	3468770.00	0.00	3451902.00	2737383.00	0.00	0.00	0.00	0.00	0.00	0.00	0.00	0.00	30308.00	25148938.00	
84	42591516.00	25450930.00	194315.00	16838944.00	0.00	107321.00	42254652.00	16838502.00	0.00	16823576.00	8584697.00	0.00	101.00	0.00	32591720.00	13401011.00	0.00	13401014.00	5789593.00	101.00	0.00	0.00	9655157.00	3437490.00	0.00	3422563.00	2795104.00	0.00	0.00	0.00	0.00	0.00	0.00	0.00	0.00	26976.00	25450928.00	
85	42599588.00	25503042.00	170227.00	16832974.00	0.00	93344.00	42312116.00	16833296.00	0.00	16821926.00	8649069.00	0.00	105.00	0.00	32686800.00	13431425.00	0.00	13431280.00	5823986.00	105.00	0.00	0.00	9617600.00	3401872.00	0.00	3390646.00	2825082.00	0.00	0.00	0.00	0.00	0.00	0.00	0.00	0.00	21293.00	25503046.00	
86	42873264.00	25703232.00	165581.00	16914682.00	0.00	89765.00	42596684.00	16915000.00	0.00	16904584.00	8769128.00	0.00	124.00	0.00	32958706.00	13530583.00	0.00	13530551.00	5897448.00	124.00	0.00	0.00	9630130.00	3384416.00	0.00	3374033.00	2871681.00	0.00	0.00	0.00	0.00	0.00	0.00	0.00	0.00	19666.00	25703224.00	
87	42848608.00	25732988.00	147122.00	16888256.00	0.00	80241.00	42603336.00	16887836.00	0.00	16879074.00	8827814.00	0.00	83.00	0.00	33001984.00	13531063.00	0.00	13531042.00	5939794.00	83.00	0.00	0.00	9592824.00	3356773.00	0.00	3348031.00	2888020.00	0.00	0.00	0.00	0.00	0.00	0.00	0.00	0.00	16526.00	25732988.00	
88	42888888.00	25717686.00	146470.00	16944552.00	0.00	80176.00	42648896.00	16944752.00	0.00	16936160.00	8757431.00	0.00	121.00	0.00	33048968.00	13565568.00	0.00	13565341.00	5917942.00	121.00	0.00	0.00	9589490.00	3379183.00	0.00	3370818.00	2839489.00	0.00	0.00	0.00	0.00	0.00	0.00	0.00	0.00	16091.00	25717690.00	
89	43072784.00	25842608.00	144868.00	17005908.00	0.00	79404.00	42832164.00	17005244.00	0.00	16997128.00	8821004.00	0.00	129.00	0.00	33218842.00	13623566.00	0.00	13623616.00	5971528.00	129.00	0.00	0.00	9604666.00	3381678.00	0.00	3373512.00	2849476.00	0.00	0.00	0.00	0.00	0.00	0.00	0.00	0.00	15318.00	25842604.00	
90	42964980.00	25799682.00	131975.00	16961488.00	0.00	71834.00	42751260.00	16962406.00	0.00	16955298.00	8825073.00	0.00	114.00	0.00	33183920.00	13607692.00	0.00	13607484.00	5968632.00	114.00	0.00	0.00	9558971.00	3354716.00	0.00	3347814.00	2856441.00	0.00	0.00	0.00	0.00	0.00	0.00	0.00	0.00	13788.00	25799680.00	
91	43142608.00	25908586.00	136119.00	17024360.00	0.00	73545.00	42918048.00	17024058.00	0.00	17016472.00	8869192.00	0.00	117.00	0.00	33339342.00	13672435.00	0.00	13672683.00	5994111.00	117.00	0.00	0.00	9570494.00	3351622.00	0.00	3343790.00	2875082.00	0.00	0.00	0.00	0.00	0.00	0.00	0.00	0.00	14352.00	25908586.00	
92	43011264.00	25853536.00	121958.00	16970926.00	0.00	64837.00	42812920.00	16970184.00	0.00	16964256.00	8870563.00	0.00	95.00	0.00	33262404.00	13637113.00	0.00	13636795.00	5988402.00	95.00	0.00	0.00	9542692.00	3333072.00	0.00	3327460.00	2882160.00	0.00	0.00	0.00	0.00	0.00	0.00	0.00	0.00	11908.00	25853544.00	
93	43053336.00	25880768.00	127333.00	16977164.00	0.00	68076.00	42851664.00	16978058.00	0.00	16971700.00	8891794.00	0.00	132.00	0.00	33318600.00	13667445.00	0.00	13667235.00	5983790.00	132.00	0.00	0.00	9523082.00	3310613.00	0.00	3304465.00	2908004.00	0.00	0.00	0.00	0.00	0.00	0.00	0.00	0.00	12554.00	25880764.00	
94	43230144.00	26021240.00	118188.00	17027128.00	0.00	63588.00	43037336.00	17026096.00	0.00	17020252.00	8982401.00	0.00	109.00	0.00	33470364.00	13707836.00	0.00	13707978.00	6054441.00	109.00	0.00	0.00	9558494.00	3318260.00	0.00	3312274.00	2927960.00	0.00	0.00	0.00	0.00	0.00	0.00	0.00	0.00	10945.00	26021240.00	
95	42943856.00	25854340.00	117096.00	16914124.00	0.00	58301.00	42762864.00	16915140.00	0.00	16909974.00	8929041.00	0.00	108.00	0.00	33278852.00	13634772.00	0.00	13634562.00	6009412.00	108.00	0.00	0.00	9475410.00	3280369.00	0.00	3275412.00	2919629.00	0.00	0.00	0.00	0.00	0.00	0.00	0.00	0.00	11989.00	25854336.00	
96	43210320.00	26006886.00	121604.00	17017668.00	0.00	64170.00	43015652.00	17017510.00	0.00	17011840.00	8977654.00	0.00	124.00	0.00	33479140.00	13717756.00	0.00	13717945.00	6043316.00	124.00	0.00	0.00	9527987.00	3299754.00	0.00	3293895.00	2934338.00	0.00	0.00	0.00	0.00	0.00	0.00	0.00	0.00	11228.00	26006894.00	
97	43131384.00	25981392.00	110712.00	16981564.00	0.00	57721.00	42956548.00	16981392.00	0.00	16976556.00	8989797.00	0.00	115.00	0.00	33438884.00	13696193.00	0.00	13695994.00	6046581.00	115.00	0.00	0.00	9508976.00	3285198.00	0.00	3280562.00	2943216.00	0.00	0.00	0.00	0.00	0.00	0.00	0.00	0.00	9909.00	25981388.00	
98	43193528.00	26025658.00	113416.00	16995292.00	0.00	59163.00	43018276.00	16995890.00	0.00	16991004.00	9020797.00	0.00	104.00	0.00	33502024.00	13723684.00	0.00	13723607.00	6054634.00	104.00	0.00	0.00	9505769.00	3272209.00	0.00	3267397.00	2966163.00	0.00	0.00	0.00	0.00	0.00	0.00	0.00	0.00	10152.00	26025660.00	
99	43267604.00	26084044.00	118917.00	17005144.00	0.00	59502.00	43079216.00	17004248.00	0.00	16999146.00	9067039.00	0.00	125.00	0.00	33561040.00	13738671.00	0.00	13738645.00	6083597.00	125.00	0.00	0.00	9509518.00	3265575.00	0.00	3260501.00	2983442.00	0.00	0.00	0.00	0.00	0.00	0.00	0.00	0.00	11241.00	26084036.00	
100	43305368.00	26138020.00	101759.00	17012392.00	0.00	53204.00	43146720.00	17013128.00	0.00	17008484.00	9116756.00	0.00	94.00	0.00	33614120.00	13749966.00	0.00	13749810.00	6114252.00	94.00	0.00	0.00	9524342.00	3263163.00	0.00	3258675.00	3002504.00	0.00	0.00	0.00	0.00	0.00	0.00	0.00	0.00	9212.00	26138028.00	
101	43433664.00	26272236.00	103753.00	17004508.00	0.00	53171.00	43269072.00	17003944.00	0.00	16999338.00	9257896.00	0.00	112.00	0.00	33754568.00	13788959.00	0.00	13789072.00	6176429.00	112.00	0.00	0.00	9506717.00	3214984.00	0.00	3210267.00	3081466.00	0.00	0.00	0.00	0.00	0.00	0.00	0.00	0.00	9491.00	26272228.00	
102	43339280.00	26184988.00	96229.00	17007436.00	0.00	50631.00	43188440.00	17007142.00	0.00	17002950.00	9168989.00	0.00	148.00	0.00	33663204.00	13760847.00	0.00	13760755.00	6141454.00	148.00	0.00	0.00	9516026.00	3246295.00	0.00	3242194.00	3027537.00	0.00	0.00	0.00	0.00	0.00	0.00	0.00	0.00	8381.00	26184990.00	
103	43432120.00	26272240.00	101229.00	17006830.00	0.00	51822.00	43276904.00	17007420.00	0.00	17003304.00	9256810.00	0.00	130.00	0.00	33770276.00	13798892.00	0.00	13798751.00	6172505.00	130.00	0.00	0.00	9497387.00	3208528.00	0.00	3204554.00	3084305.00	0.00	0.00	0.00	0.00	0.00	0.00	0.00	0.00	8981.00	26272240.00	
104	43565636.00	26471472.00	93498.00	16954668.00	0.00	46006.00	43423396.00	16954042.00	0.00	16950346.00	9508507.00	0.00	112.00	0.00	33949884.00	13829025.00	0.00	13828853.00	6291892.00	112.00	0.00	0.00	9463123.00	3125016.00	0.00	3121493.00	3216615.00	0.00	0.00	0.00	0.00	0.00	0.00	0.00	0.00	7929.00	26471480.00	
105	43406640.00	26369732.00	86082.00	16908490.00	0.00	42337.00	43279992.00	16909454.00	0.00	16906524.00	9455067.00	0.00	114.00	0.00	33833752.00	13790193.00	0.00	13790058.00	6253390.00	114.00	0.00	0.00	9437406.00	3119263.00	0.00	3116466.00	3201676.00	0.00	0.00	0.00	0.00	0.00	0.00	0.00	0.00	6838.00	26369732.00	
106	43564944.00	26428312.00	97721.00	16989802.00	0.00	49101.00	43414672.00	16989416.00	0.00	16985838.00	9430457.00	0.00	100.00	0.00	33927860.00	13839566.00	0.00	13839892.00	6248304.00	100.00	0.00	0.00	9477949.00	3149850.00	0.00	3145946.00	3182153.00	0.00	0.00	0.00	0.00	0.00	0.00	0.00	0.00	7575.00	26428312.00	
107	43335040.00	26253072.00	91510.00	16944138.00	0.00	46315.00	43195544.00	16944044.00	0.00	16940552.00	9301609.00	0.00	133.00	0.00	33720360.00	13767300.00	0.00	13767005.00	6185926.00	133.00	0.00	0.00	9465975.00	3176745.00	0.00	3173547.00	3115683.00	0.00	0.00	0.00	0.00	0.00	0.00	0.00	0.00	7365.00	26253074.00	
108	43447100.00	26313350.00	96913.00	16987636.00	0.00	49198.00	43298788.00	16987672.00	0.00	16983984.00	9317541.00	0.00	100.00	0.00	33799616.00	13802461.00	0.00	13802405.00	6194643.00	100.00	0.00	0.00	9489686.00	3185211.00	0.00	3181577.00	3122898.00	0.00	0.00	0.00	0.00	0.00	0.00	0.00	0.00	8152.00	26313348.00	
109	43516848.00	26448272.00	92660.00	16930254.00	0.00	45658.00	43379048.00	16930244.00	0.00	16926786.00	9510631.00	0.00	119.00	0.00	33914064.00	13818471.00	0.00	13818383.00	6277093.00	119.00	0.00	0.00	9453714.00	3111773.00	0.00	3108403.00	3233538.00	0.00	0.00	0.00	0.00	0.00	0.00	0.00	0.00	7506.00	26448276.00	
110	43487052.00	26489008.00	83642.00	16873804.00	0.00	40593.00	43364184.00	16874024.00	0.00	16871304.00	9609137.00	0.00	90.00	0.00	33924016.00	13801106.00	0.00	13801068.00	6321752.00	90.00	0.00	0.00	9430542.00	3072919.00	0.00	3070238.00	3287385.00	0.00	0.00	0.00	0.00	0.00	0.00	0.00	0.00	6398.00	26489004.00	
111	36359820.00	21519524.00	414611.00	14240156.00	0.00	185525.00	35610720.00	14239603.00	0.00	14199670.00	7160977.00	0.00	538.00	0.00	26307344.00	10989409.00	0.00	10990314.00	4327117.00	507.00	0.00	0.00	9293440.00	3250194.00	0.00	3209355.00	2833860.00	0.00	0.00	0.00	31.00	0.00	0.00	0.00	0.00	122629.00	21519524.00	
112	42054948.00	25159920.00	228799.00	16543773.00	0.00	122456.00	41657116.00	16543752.00	0.00	16523929.00	8580053.00	0.00	68.00	0.00	31926206.00	13173104.00	0.00	13172407.00	5580625.00	68.00	0.00	0.00	9721598.00	3370648.00	0.00	3351522.00	2999428.00	0.00	0.00	0.00	0.00	0.00	0.00	0.00	0.00	36360.00	25159928.00	
113	42782880.00	25705858.00	177778.00	16806672.00	0.00	92569.00	42485704.00	16807276.00	0.00	16794560.00	8874731.00	0.00	73.00	0.00	32816168.00	13499061.00	0.00	13499041.00	5817993.00	73.00	0.00	0.00	9660472.00	3308215.00	0.00	3295519.00	3056738.00	0.00	0.00	0.00	0.00	0.00	0.00	0.00	0.00	24906.00	25705858.00	
114	42990216.00	25893876.00	162462.00	16849738.00	0.00	84143.00	42721548.00	16849368.00	0.00	16838596.00	9022860.00	0.00	96.00	0.00	33093192.00	13588194.00	0.00	13588283.00	5916618.00	96.00	0.00	0.00	9617729.00	3261174.00	0.00	3250314.00	3106241.00	0.00	0.00	0.00	0.00	0.00	0.00	0.00	0.00	20945.00	25893872.00	
115	43060356.00	25932724.00	140880.00	16913130.00	0.00	73622.00	42830776.00	16913472.00	0.00	16905030.00	9003138.00	0.00	63.00	0.00	33226660.00	13645417.00	0.00	13645010.00	5936170.00	63.00	0.00	0.00	9595044.00	3268055.00	0.00	3260020.00	3066969.00	0.00	0.00	0.00	0.00	0.00	0.00	0.00	0.00	17006.00	25932728.00	
116	43295384.00	26095808.00	139740.00	16987984.00	0.00	71860.00	43067608.00	16987752.00	0.00	16979642.00	9091139.00	0.00	108.00	0.00	33478788.00	13738959.00	0.00	13739110.00	6000608.00	108.00	0.00	0.00	9579855.00	3248792.00	0.00	3240532.00	3090531.00	0.00	0.00	0.00	0.00	0.00	0.00	0.00	0.00	16314.00	26095816.00	
117	43211080.00	26057552.00	116299.00	16977144.00	0.00	60089.00	43023036.00	16976514.00	0.00	16970192.00	9067542.00	0.00	114.00	0.00	33444974.00	13716350.00	0.00	13716165.00	6012345.00	114.00	0.00	0.00	9569392.00	3260167.00	0.00	3254028.00	3055197.00	0.00	0.00	0.00	0.00	0.00	0.00	0.00	0.00	12659.00	26057544.00	
118	43366312.00	26138924.00	125616.00	17036072.00	0.00	65696.00	43164852.00	17036760.00	0.00	17029752.00	9089726.00	0.00	98.00	0.00	33585892.00	13784030.00	0.00	13784151.00	6017614.00	98.00	0.00	0.00	9570443.00	3252729.00	0.00	3245602.00	3072112.00	0.00	0.00	0.00	0.00	0.00	0.00	0.00	0.00	13366.00	26138924.00	
119	43353792.00	26192478.00	119651.00	16980456.00	0.00	61205.00	43163080.00	16979922.00	0.00	16973766.00	9198895.00	0.00	103.00	0.00	33610980.00	13773352.00	0.00	13773193.00	6064331.00	103.00	0.00	0.00	9541707.00	3206570.00	0.00	3200573.00	3134564.00	0.00	0.00	0.00	0.00	0.00	0.00	0.00	0.00	12796.00	26192472.00	
120	43267232.00	26130820.00	115869.00	16961502.00	0.00	59042.00	43085520.00	16962504.00	0.00	16956330.00	9157393.00	0.00	124.00	0.00	33552728.00	13755945.00	0.00	13755687.00	6040968.00	124.00	0.00	0.00	9523627.00	3206559.00	0.00	3200643.00	3116425.00	0.00	0.00	0.00	0.00	0.00	0.00	0.00	0.00	12698.00	26130820.00	
121	43451476.00	26270928.00	120742.00	16998596.00	0.00	61209.00	43257616.00	16997932.00	0.00	16991420.00	9259067.00	0.00	98.00	0.00	33727040.00	13820460.00	0.00	13820528.00	6085952.00	98.00	0.00	0.00	9521477.00	3177471.00	0.00	3170891.00	3173115.00	0.00	0.00	0.00	0.00	0.00	0.00	0.00	0.00	12686.00	26270930.00	
122	43302600.00	26158156.00	108107.00	16981428.00	0.00	54907.00	43132776.00	16981144.00	0.00	16976160.00	9166361.00	0.00	94.00	0.00	33597976.00	13774745.00	0.00	13774667.00	6048473.00	94.00	0.00	0.00	9525782.00	3206400.00	0.00	3201494.00	3117888.00	0.00	0.00	0.00	0.00	0.00	0.00	0.00	0.00	10358.00	26158164.00	
123	43401784.00	26301472.00	104653.00	16944388.00	0.00	51276.00	43241280.00	16944740.00	0.00	16940196.00	9347262.00	0.00	94.00	0.00	33745660.00	13814438.00	0.00	13814512.00	6116614.00	94.00	0.00	0.00	9486632.00	3130301.00	0.00	3125683.00	3230648.00	0.00	0.00	0.00	0.00	0.00	0.00	0.00	0.00	9970.00	26301460.00	
124	43410272.00	26316296.00	100632.00	16943048.00	0.00	50301.00	43258600.00	16943358.00	0.00	16939358.00	9365200.00	0.00	113.00	0.00	33762056.00	13810885.00	0.00	13810755.00	6140301.00	113.00	0.00	0.00	9485976.00	3132473.00	0.00	3128604.00	3224899.00	0.00	0.00	0.00	0.00	0.00	0.00	0.00	0.00	8263.00	26316304.00	
125	43317412.00	26192004.00	99715.00	16975640.00	0.00	50050.00	43163320.00	16975646.00	0.00	16971300.00	9207222.00	0.00	121.00	0.00	33660424.00	13795217.00	0.00	13794994.00	6070091.00	121.00	0.00	0.00	9493868.00	3180431.00	0.00	3176306.00	3137131.00	0.00	0.00	0.00	0.00	0.00	0.00	0.00	0.00	9186.00	26191996.00	
126	43473596.00	26316580.00	102313.00	17003948.00	0.00	50754.00	43315100.00	17003536.00	0.00	16999254.00	9303247.00	0.00	109.00	0.00	33806912.00	13843446.00	0.00	13843694.00	6119663.00	109.00	0.00	0.00	9499231.00	3160088.00	0.00	3155560.00	3183583.00	0.00	0.00	0.00	0.00	0.00	0.00	0.00	0.00	8947.00	26316576.00	
127	43364368.00	26252460.00	95662.00	16968408.00	0.00	47842.00	43217316.00	16968216.00	0.00	16964368.00	9275463.00	0.00	110.00	0.00	33727524.00	13813711.00	0.00	13813555.00	6100148.00	110.00	0.00	0.00	9480633.00	3154504.00	0.00	3150813.00	3175316.00	0.00	0.00	0.00	0.00	0.00	0.00	0.00	0.00	8657.00	26252460.00	
128	43459656.00	26289982.00	101521.00	17017700.00	0.00	50458.00	43305812.00	17018488.00	0.00	17014204.00	9263901.00	0.00	111.00	0.00	33797448.00	13849277.00	0.00	13849082.00	6098972.00	111.00	0.00	0.00	9499263.00	3169211.00	0.00	3165122.00	3164930.00	0.00	0.00	0.00	0.00	0.00	0.00	0.00	0.00	8825.00	26289984.00	
129	43498016.00	26337680.00	97344.00	17013986.00	0.00	49001.00	43349376.00	17013294.00	0.00	17009420.00	9315280.00	0.00	129.00	0.00	33831232.00	13847619.00	0.00	13847666.00	6135820.00	129.00	0.00	0.00	9506887.00	3165675.00	0.00	3161753.00	3179459.00	0.00	0.00	0.00	0.00	0.00	0.00	0.00	0.00	8092.00	26337682.00	
130	43426876.00	26278242.00	93241.00	17007426.00	0.00	47972.00	43285680.00	17008182.00	0.00	17004440.00	9263413.00	0.00	116.00	0.00	33770868.00	13829159.00	0.00	13828865.00	6112731.00	116.00	0.00	0.00	9505281.00	3179024.00	0.00	3175575.00	3150682.00	0.00	0.00	0.00	0.00	0.00	0.00	0.00	0.00	7952.00	26278238.00	
131	43607024.00	26410672.00	102969.00	17040840.00	0.00	52542.00	43446360.00	17040300.00	0.00	17036098.00	9360409.00	0.00	107.00	0.00	33922752.00	13882894.00	0.00	13883281.00	6156469.00	107.00	0.00	0.00	9514163.00	3157406.00	0.00	3152817.00	3203940.00	0.00	0.00	0.00	0.00	0.00	0.00	0.00	0.00	8776.00	26410676.00	
132	43443224.00	26334368.00	92936.00	16970304.00	0.00	45617.00	43302448.00	16970384.00	0.00	16966524.00	9355910.00	0.00	98.00	0.00	33820200.00	13839706.00	0.00	13839393.00	6140999.00	98.00	0.00	0.00	9472721.00	3130679.00	0.00	3127131.00	3214911.00	0.00	0.00	0.00	0.00	0.00	0.00	0.00	0.00	8306.00	26334364.00	
133	43345712.00	26182648.00	100324.00	17011954.00	0.00	50788.00	43191264.00	17011990.00	0.00	17007788.00	9161769.00	0.00	106.00	0.00	33697180.00	13822937.00	0.00	13823150.00	6050987.00	106.00	0.00	0.00	9484475.00	3189054.00	0.00	3184639.00	3110782.00	0.00	0.00	0.00	0.00	0.00	0.00	0.00	0.00	8791.00	26182648.00	
134	43341212.00	26195168.00	97845.00	16999268.00	0.00	48928.00	43193272.00	16998954.00	0.00	16995136.00	9187617.00	0.00	136.00	0.00	33698828.00	13815474.00	0.00	13815213.00	6068008.00	136.00	0.00	0.00	9483010.00	3183479.00	0.00	3179921.00	3119609.00	0.00	0.00	0.00	0.00	0.00	0.00	0.00	0.00	8254.00	26195176.00	
135	43334288.00	26207788.00	97526.00	16980112.00	0.00	48860.00	43187424.00	16980660.00	0.00	16976988.00	9220086.00	0.00	111.00	0.00	33717956.00	13825055.00	0.00	13824801.00	6067990.00	111.00	0.00	0.00	9459888.00	3155604.00	0.00	3152189.00	3152096.00	0.00	0.00	0.00	0.00	0.00	0.00	0.00	0.00	7912.00	26207788.00	
136	43485088.00	26318390.00	96456.00	17022274.00	0.00	47968.00	43337644.00	17021924.00	0.00	17018080.00	9287914.00	0.00	112.00	0.00	33836696.00	13861224.00	0.00	13861223.00	6114136.00	112.00	0.00	0.00	9491336.00	3160700.00	0.00	3156858.00	3173778.00	0.00	0.00	0.00	0.00	0.00	0.00	0.00	0.00	8041.00	26318388.00	
137	43309912.00	26228436.00	86726.00	16951678.00	0.00	43067.00	43180960.00	16951914.00	0.00	16949056.00	9270144.00	0.00	121.00	0.00	33724096.00	13815399.00	0.00	13815408.00	6093168.00	121.00	0.00	0.00	9447141.00	3136515.00	0.00	3133649.00	3176977.00	0.00	0.00	0.00	0.00	0.00	0.00	0.00	0.00	6747.00	26228430.00	
138	43532216.00	26387588.00	91886.00	17007888.00	0.00	44857.00	43394440.00	17007788.00	0.00	17004554.00	9372167.00	0.00	102.00	0.00	33914172.00	13884882.00	0.00	13884873.00	6144314.00	102.00	0.00	0.00	9470440.00	3122906.00	0.00	3119682.00	3227852.00	0.00	0.00	0.00	0.00	0.00	0.00	0.00	0.00	7561.00	26387582.00	
139	43572808.00	26502216.00	81862.00	16949044.00	0.00	39691.00	43454800.00	16949300.00	0.00	16946566.00	9547231.00	0.00	130.00	0.00	34010000.00	13889288.00	0.00	13889221.00	6231362.00	130.00	0.00	0.00	9433226.00	3060013.00	0.00	3057344.00	3315869.00	0.00	0.00	0.00	0.00	0.00	0.00	0.00	0.00	6064.00	26502220.00	
140	0.00	0.00	0.00	0.00	0.00	0.00	0.00	0.00	0.00	0.00	0.00	0.00	0.00	0.00	0.00	0.00	0.00	0.00	0.00	0.00	0.00	0.00	0.00	0.00	0.00	0.00	0.00	0.00	0.00	0.00	0.00	0.00	0.00	0.00	0.00	0.00	0.00	
