second	tx	tx_get	tx_put	tx_del	rx	rx_getSucc	rx_putSucc	rx_delSucc
2	8191974.00	0.00	0.00	0.00	4717277.00	4717277.00	0.00	0.00	
3	8192000.00	0.00	0.00	0.00	4728567.00	4728554.00	0.00	0.00	
4	8192000.00	0.00	0.00	0.00	4731890.00	4731894.00	0.00	0.00	
5	8191982.00	0.00	0.00	0.00	4732552.00	4732561.00	0.00	0.00	
6	8192018.00	0.00	0.00	0.00	4730631.00	4730609.00	0.00	0.00	
7	8192000.00	0.00	0.00	0.00	4739230.00	4739252.00	0.00	0.00	
8	8192000.00	0.00	0.00	0.00	4735218.00	4735218.00	0.00	0.00	
9	8192000.00	0.00	0.00	0.00	4738884.00	4738855.00	0.00	0.00	
10	8192000.00	0.00	0.00	0.00	4737773.00	4737801.00	0.00	0.00	
11	8192000.00	0.00	0.00	0.00	4737791.00	4737792.00	0.00	0.00	
12	8192000.00	0.00	0.00	0.00	4739900.00	4739900.00	0.00	0.00	
13	8192000.00	0.00	0.00	0.00	4737597.00	4737597.00	0.00	0.00	
14	8192000.00	0.00	0.00	0.00	4737086.00	4737086.00	0.00	0.00	
15	8192000.00	0.00	0.00	0.00	4741040.00	4741024.00	0.00	0.00	
16	8192000.00	0.00	0.00	0.00	4738329.00	4738339.00	0.00	0.00	
17	8192000.00	0.00	0.00	0.00	4740388.00	4740386.00	0.00	0.00	
18	8192000.00	0.00	0.00	0.00	4742296.00	4742304.00	0.00	0.00	
19	8192000.00	0.00	0.00	0.00	4741871.00	4741871.00	0.00	0.00	
20	8192090.00	0.00	0.00	0.00	4741871.00	4741871.00	0.00	0.00	
21	8192356.00	0.00	0.00	0.00	2840834.00	2840834.00	0.00	0.00	
22	8191844.00	0.00	0.00	0.00	3651975.00	3651975.00	0.00	0.00	
23	8191883.00	0.00	0.00	0.00	3964917.00	3964917.00	0.00	0.00	
24	8191907.00	0.00	0.00	0.00	4160155.00	4160155.00	0.00	0.00	
25	8192051.00	0.00	0.00	0.00	4286210.00	4286210.00	0.00	0.00	
26	8191958.00	0.00	0.00	0.00	4373219.00	4373219.00	0.00	0.00	
27	8192065.00	0.00	0.00	0.00	4442614.00	4442614.00	0.00	0.00	
28	8191876.00	0.00	0.00	0.00	4506518.00	4506518.00	0.00	0.00	
29	8191970.00	0.00	0.00	0.00	4559139.00	4559112.00	0.00	0.00	
30	8192015.00	0.00	0.00	0.00	4604101.00	4604128.00	0.00	0.00	
31	8192011.00	0.00	0.00	0.00	4637027.00	4637027.00	0.00	0.00	
32	8191991.00	0.00	0.00	0.00	4654839.00	4654839.00	0.00	0.00	
33	8191983.00	0.00	0.00	0.00	4667568.00	4667549.00	0.00	0.00	
34	8192000.00	0.00	0.00	0.00	4682026.00	4682045.00	0.00	0.00	
35	8192000.00	0.00	0.00	0.00	4691247.00	4691247.00	0.00	0.00	
36	8189471.00	0.00	0.00	0.00	4694407.00	4694407.00	0.00	0.00	
37	8191969.00	0.00	0.00	0.00	4693826.00	4693826.00	0.00	0.00	
38	8192000.00	0.00	0.00	0.00	4701239.00	4701225.00	0.00	0.00	
39	8192000.00	0.00	0.00	0.00	4706830.00	4706814.00	0.00	0.00	
40	8192011.00	0.00	0.00	0.00	4713169.00	4713199.00	0.00	0.00	
41	8192047.00	0.00	0.00	0.00	4706885.00	4706885.00	0.00	0.00	
42	8191890.00	0.00	0.00	0.00	4709345.00	4709345.00	0.00	0.00	
43	8192052.00	0.00	0.00	0.00	4707822.00	4707794.00	0.00	0.00	
44	8191967.00	0.00	0.00	0.00	4711905.00	4711933.00	0.00	0.00	
45	8192003.00	0.00	0.00	0.00	4713745.00	4713745.00	0.00	0.00	
46	8192030.00	0.00	0.00	0.00	4713610.00	4713586.00	0.00	0.00	
47	8192000.00	0.00	0.00	0.00	4712047.00	4712040.00	0.00	0.00	
48	8190464.00	0.00	0.00	0.00	4708803.00	4708827.00	0.00	0.00	
49	8192000.00	0.00	0.00	0.00	4712573.00	4712576.00	0.00	0.00	
50	8192000.00	0.00	0.00	0.00	4714142.00	4714146.00	0.00	0.00	
51	8192000.00	0.00	0.00	0.00	4712186.00	4712186.00	0.00	0.00	
52	8192031.00	0.00	0.00	0.00	4712278.00	4712278.00	0.00	0.00	
53	8191969.00	0.00	0.00	0.00	4709415.00	4709385.00	0.00	0.00	
54	8192000.00	0.00	0.00	0.00	4710294.00	4710321.00	0.00	0.00	
55	8192000.00	0.00	0.00	0.00	4708562.00	4708557.00	0.00	0.00	
56	8192000.00	0.00	0.00	0.00	4707837.00	4707845.00	0.00	0.00	
57	8192015.00	0.00	0.00	0.00	4713175.00	4713175.00	0.00	0.00	
58	8191994.00	0.00	0.00	0.00	4706289.00	4706289.00	0.00	0.00	
59	8189431.00	0.00	0.00	0.00	4711006.00	4711006.00	0.00	0.00	
60	8192000.00	0.00	0.00	0.00	4708097.00	4708091.00	0.00	0.00	
61	8192018.00	0.00	0.00	0.00	4711603.00	4711609.00	0.00	0.00	
62	8191982.00	0.00	0.00	0.00	4713140.00	4713131.00	0.00	0.00	
63	8192039.00	0.00	0.00	0.00	4711986.00	4711995.00	0.00	0.00	
64	8191961.00	0.00	0.00	0.00	4711475.00	4711455.00	0.00	0.00	
65	8190487.00	0.00	0.00	0.00	4707970.00	4707990.00	0.00	0.00	
66	8192015.00	0.00	0.00	0.00	4712277.00	4712277.00	0.00	0.00	
67	8191962.00	0.00	0.00	0.00	4709097.00	4709085.00	0.00	0.00	
68	8192039.00	0.00	0.00	0.00	4710223.00	4710235.00	0.00	0.00	
69	8191988.00	0.00	0.00	0.00	4709891.00	4709891.00	0.00	0.00	
70	8191973.00	0.00	0.00	0.00	4706101.00	4706101.00	0.00	0.00	
71	8192512.00	0.00	0.00	0.00	2107089.00	2107089.00	0.00	0.00	
72	8191957.00	0.00	0.00	0.00	2940391.00	2940391.00	0.00	0.00	
73	8192025.00	0.00	0.00	0.00	3240962.00	3240962.00	0.00	0.00	
74	8191918.00	0.00	0.00	0.00	3422715.00	3422715.00	0.00	0.00	
75	8191969.00	0.00	0.00	0.00	3559084.00	3559084.00	0.00	0.00	
76	8191930.00	0.00	0.00	0.00	3669096.00	3669096.00	0.00	0.00	
77	8192009.00	0.00	0.00	0.00	3763005.00	3763005.00	0.00	0.00	
78	8191967.00	0.00	0.00	0.00	3858766.00	3858766.00	0.00	0.00	
79	8192032.00	0.00	0.00	0.00	3952901.00	3952901.00	0.00	0.00	
80	8191936.00	0.00	0.00	0.00	4030716.00	4030716.00	0.00	0.00	
81	8192061.00	0.00	0.00	0.00	4101004.00	4101004.00	0.00	0.00	
82	8191923.00	0.00	0.00	0.00	4178064.00	4178064.00	0.00	0.00	
83	8192051.00	0.00	0.00	0.00	4240561.00	4240561.00	0.00	0.00	
84	8191967.00	0.00	0.00	0.00	4304264.00	4304264.00	0.00	0.00	
85	0.00	0.00	0.00	0.00	0.00	0.00	0.00	0.00	
