second	tx	tx_get	tx_put	tx_del	rx	rx_getSucc	rx_putSucc	rx_delSucc
1	72771.00	50531.00	0.00	0.00	58606.00	58606.00	0.00	0.00	0.00	0.00	22240.00	0.00	0.00
2	104077.00	70947.00	0.00	0.00	83682.00	83682.00	0.00	0.00	0.00	0.00	33130.00	187.42	16.33
3	106062.00	73491.00	0.00	0.00	85677.00	85677.00	0.00	0.00	0.00	0.00	32571.00	167.44	10.97
4	105766.00	73188.00	0.00	0.00	85110.00	85110.00	0.00	0.00	0.00	0.00	32578.00	147.25	7.87
5	107846.00	75770.00	0.00	0.00	87514.00	87514.00	0.00	0.00	0.00	0.00	32076.00	127.28	7.13
6	107469.00	75296.00	0.00	0.00	87105.00	87105.00	0.00	0.00	0.00	0.00	32173.00	187.16	20.44
7	103642.00	70276.00	0.00	0.00	83079.00	83079.00	0.00	0.00	0.00	0.00	33366.00	187.57	20.49
8	105113.00	72103.00	0.00	0.00	84871.00	84871.00	0.00	0.00	0.00	0.00	33010.00	168.58	16.54
9	105949.00	73294.00	0.00	0.00	86018.00	86018.00	0.00	0.00	0.00	0.00	32655.00	150.05	12.58
10	108976.00	77142.00	0.00	0.00	88791.00	88791.00	0.00	0.00	0.00	0.00	31834.00	147.26	8.19
11	108981.00	77063.00	0.00	0.00	88925.00	88925.00	0.00	0.00	0.00	0.00	31918.00	127.90	7.38
12	109198.00	77414.00	0.00	0.00	89194.00	89194.00	0.00	0.00	0.00	0.00	31784.00	127.23	7.17
13	109681.00	78087.00	0.00	0.00	89850.00	89850.00	0.00	0.00	0.00	0.00	31594.00	167.93	20.37
14	105606.00	72892.00	0.00	0.00	85701.00	85701.00	0.00	0.00	0.00	0.00	32714.00	169.73	20.34
15	105599.00	72794.00	0.00	0.00	85462.00	85462.00	0.00	0.00	0.00	0.00	32805.00	167.29	16.27
16	105582.00	72760.00	0.00	0.00	85238.00	85238.00	0.00	0.00	0.00	0.00	32822.00	148.88	11.52
17	110428.00	79007.00	0.00	0.00	90647.00	90647.00	0.00	0.00	0.00	0.00	31421.00	128.50	7.66
18	109032.00	77370.00	0.00	0.00	89085.00	89085.00	0.00	0.00	0.00	0.00	31662.00	128.51	7.60
19	109094.00	77405.00	0.00	0.00	89144.00	89144.00	0.00	0.00	0.00	0.00	31689.00	167.37	20.32
20	108204.00	76133.00	0.00	0.00	87929.00	87929.00	0.00	0.00	0.00	0.00	32071.00	168.75	20.00
21	107130.00	74644.00	0.00	0.00	87305.00	87305.00	0.00	0.00	0.00	0.00	32486.00	167.33	20.03
22	106945.00	74469.00	0.00	0.00	87143.00	87143.00	0.00	0.00	0.00	0.00	32476.00	149.17	16.95
23	107270.00	74916.00	0.00	0.00	87313.00	87313.00	0.00	0.00	0.00	0.00	32354.00	147.90	13.31
24	109497.00	77718.00	0.00	0.00	89777.00	89777.00	0.00	0.00	0.00	0.00	31779.00	147.53	9.45
25	109896.00	78299.00	0.00	0.00	89987.00	89987.00	0.00	0.00	0.00	0.00	31597.00	128.08	7.46
26	109565.00	77991.00	0.00	0.00	89787.00	89787.00	0.00	0.00	0.00	0.00	31574.00	127.30	7.22
27	110048.00	78589.00	0.00	0.00	90297.00	90297.00	0.00	0.00	0.00	0.00	31459.00	148.12	19.10
28	107765.00	75640.00	0.00	0.00	87804.00	87804.00	0.00	0.00	0.00	0.00	32125.00	168.27	20.06
29	106941.00	74486.00	0.00	0.00	87132.00	87132.00	0.00	0.00	0.00	0.00	32455.00	168.19	19.21
30	108837.00	76868.00	0.00	0.00	89298.00	89298.00	0.00	0.00	0.00	0.00	31969.00	150.54	15.50
31	106594.00	74226.00	0.00	0.00	86664.00	86664.00	0.00	0.00	0.00	0.00	32368.00	149.13	12.95
32	66788.00	22778.00	0.00	0.00	31238.00	31237.00	0.00	0.00	0.00	0.00	44010.00	147.36	9.29
33	54627.00	7613.00	0.00	0.00	15667.00	15667.00	0.00	0.00	0.00	0.00	47014.00	3015.62	124.76
34	58122.00	12831.00	0.00	0.00	22323.00	22323.00	0.00	0.00	0.00	0.00	45291.00	2941.80	88.44
35	63951.00	21303.00	0.00	0.00	31652.00	31652.00	0.00	0.00	0.00	0.00	42648.00	390.16	57.93
36	69779.00	29329.00	0.00	0.00	41633.00	41633.00	0.00	0.00	0.00	0.00	40450.00	342.40	45.46
37	74374.00	35608.00	0.00	0.00	48223.00	48223.00	0.00	0.00	0.00	0.00	38766.00	227.41	24.05
38	77049.00	39465.00	0.00	0.00	51504.00	51504.00	0.00	0.00	0.00	0.00	37584.00	190.21	17.58
39	78032.00	40884.00	0.00	0.00	52511.00	52511.00	0.00	0.00	0.00	0.00	37148.00	190.13	21.23
40	77268.00	40184.00	0.00	0.00	51899.00	51899.00	0.00	0.00	0.00	0.00	37084.00	208.02	26.79
41	78258.00	41547.00	0.00	0.00	53350.00	53350.00	0.00	0.00	0.00	0.00	36711.00	207.94	26.09
42	76862.00	39189.00	0.00	0.00	52197.00	52197.00	0.00	0.00	0.00	0.00	37673.00	209.66	26.14
43	78570.00	41663.00	0.00	0.00	54268.00	54268.00	0.00	0.00	0.00	0.00	36907.00	207.37	21.28
44	79438.00	42679.00	0.00	0.00	54987.00	54987.00	0.00	0.00	0.00	0.00	36759.00	188.88	16.55
45	80236.00	43967.00	0.00	0.00	55655.00	55655.00	0.00	0.00	0.00	0.00	36269.00	187.86	13.82
46	79885.00	43371.00	0.00	0.00	55087.00	55087.00	0.00	0.00	0.00	0.00	36514.00	208.53	25.33
47	80916.00	44672.00	0.00	0.00	56385.00	56385.00	0.00	0.00	0.00	0.00	36244.00	208.16	25.95
48	79572.00	42915.00	0.00	0.00	55452.00	55452.00	0.00	0.00	0.00	0.00	36657.00	207.95	25.06
49	79579.00	42823.00	0.00	0.00	55576.00	55576.00	0.00	0.00	0.00	0.00	36756.00	208.51	23.35
50	79310.00	42631.00	0.00	0.00	55215.00	55215.00	0.00	0.00	0.00	0.00	36679.00	188.98	19.32
51	80222.00	43859.00	0.00	0.00	56050.00	56050.00	0.00	0.00	0.00	0.00	36363.00	187.58	15.54
52	80489.00	44236.00	0.00	0.00	56082.00	56082.00	0.00	0.00	0.00	0.00	36253.00	169.17	12.47
53	81087.00	44977.00	0.00	0.00	56759.00	56759.00	0.00	0.00	0.00	0.00	36110.00	208.12	25.43
54	81661.00	45766.00	0.00	0.00	57473.00	57473.00	0.00	0.00	0.00	0.00	35895.00	211.07	26.09
55	80448.00	44287.00	0.00	0.00	56372.00	56372.00	0.00	0.00	0.00	0.00	36161.00	208.13	25.46
56	78796.00	42047.00	0.00	0.00	54707.00	54707.00	0.00	0.00	0.00	0.00	36749.00	207.40	24.68
57	79726.00	43208.00	0.00	0.00	55708.00	55708.00	0.00	0.00	0.00	0.00	36518.00	208.08	21.86
58	79121.00	42337.00	0.00	0.00	54738.00	54738.00	0.00	0.00	0.00	0.00	36784.00	189.38	18.28
59	80353.00	44151.00	0.00	0.00	56197.00	56197.00	0.00	0.00	0.00	0.00	36202.00	188.50	15.07
60	80721.00	44720.00	0.00	0.00	56566.00	56566.00	0.00	0.00	0.00	0.00	36001.00	169.22	13.16
61	80333.00	44202.00	0.00	0.00	55860.00	55860.00	0.00	0.00	0.00	0.00	36131.00	208.30	26.16
62	81248.00	45315.00	0.00	0.00	56986.00	56986.00	0.00	0.00	0.00	0.00	35933.00	207.48	25.29
63	81496.00	45420.00	0.00	0.00	57108.00	57108.00	0.00	0.00	0.00	0.00	36076.00	207.92	26.00
64	81097.00	45003.00	0.00	0.00	56752.00	56752.00	0.00	0.00	0.00	0.00	36094.00	207.88	25.63
65	79473.00	43021.00	0.00	0.00	55415.00	55415.00	0.00	0.00	0.00	0.00	36452.00	190.55	24.86
66	79499.00	42853.00	0.00	0.00	55376.00	55376.00	0.00	0.00	0.00	0.00	36646.00	197.56	22.89
67	80264.00	43910.00	0.00	0.00	56375.00	56375.00	0.00	0.00	0.00	0.00	36354.00	189.25	19.36
68	80082.00	43536.00	0.00	0.00	55941.00	55941.00	0.00	0.00	0.00	0.00	36546.00	188.30	16.72
69	79883.00	43619.00	0.00	0.00	55587.00	55587.00	0.00	0.00	0.00	0.00	36264.00	187.91	14.66
70	81365.00	45312.00	0.00	0.00	57117.00	57117.00	0.00	0.00	0.00	0.00	36053.00	187.37	13.59
71	80289.00	44137.00	0.00	0.00	55875.00	55875.00	0.00	0.00	0.00	0.00	36152.00	189.87	25.01
72	63005.00	18967.00	0.00	0.00	26462.00	26461.00	0.00	0.00	0.00	0.00	44038.00	193.46	25.11
73	59805.00	13958.00	0.00	0.00	22044.00	22044.00	0.00	0.00	0.00	0.00	45847.00	2958.26	83.31
74	62341.00	17821.00	0.00	0.00	28308.00	28308.00	0.00	0.00	0.00	0.00	44520.00	449.64	59.02
75	66239.00	23889.00	0.00	0.00	35494.00	35494.00	0.00	0.00	0.00	0.00	42350.00	348.19	45.37
76	68722.00	28149.00	0.00	0.00	39762.00	39762.00	0.00	0.00	0.00	0.00	40573.00	287.51	37.58
77	71393.00	32584.00	0.00	0.00	44082.00	44082.00	0.00	0.00	0.00	0.00	38809.00	249.03	31.33
78	71662.00	33375.00	0.00	0.00	44955.00	44955.00	0.00	0.00	0.00	0.00	38287.00	247.85	30.84
79	71634.00	33629.00	0.00	0.00	45277.00	45277.00	0.00	0.00	0.00	0.00	38005.00	229.01	29.89
80	70427.00	31751.00	0.00	0.00	44446.00	44446.00	0.00	0.00	0.00	0.00	38676.00	287.76	43.35
81	71501.00	33220.00	0.00	0.00	45982.00	45982.00	0.00	0.00	0.00	0.00	38281.00	218.47	24.60
82	72119.00	34105.00	0.00	0.00	46260.00	46260.00	0.00	0.00	0.00	0.00	38015.00	248.33	33.08
83	71388.00	33473.00	0.00	0.00	45198.00	45198.00	0.00	0.00	0.00	0.00	37914.00	247.25	31.50
84	72188.00	34630.00	0.00	0.00	46422.00	46422.00	0.00	0.00	0.00	0.00	37558.00	227.74	29.19
85	72741.00	35159.00	0.00	0.00	46913.00	46913.00	0.00	0.00	0.00	0.00	37582.00	227.95	29.82
86	71938.00	34086.00	0.00	0.00	46511.00	46511.00	0.00	0.00	0.00	0.00	37852.00	228.07	29.07
87	70875.00	32630.00	0.00	0.00	45478.00	45478.00	0.00	0.00	0.00	0.00	38245.00	209.65	28.40
88	72509.00	34641.00	0.00	0.00	47342.00	47342.00	0.00	0.00	0.00	0.00	37868.00	207.86	23.03
89	72304.00	34731.00	0.00	0.00	46794.00	46794.00	0.00	0.00	0.00	0.00	37573.00	188.68	18.67
90	73895.00	36837.00	0.00	0.00	48554.00	48554.00	0.00	0.00	0.00	0.00	37058.00	213.59	28.88
91	72253.00	34761.00	0.00	0.00	46554.00	46554.00	0.00	0.00	0.00	0.00	37492.00	216.51	28.68
92	72041.00	34537.00	0.00	0.00	46268.00	46268.00	0.00	0.00	0.00	0.00	37504.00	218.20	30.15
93	71996.00	34301.00	0.00	0.00	46528.00	46528.00	0.00	0.00	0.00	0.00	37695.00	213.95	29.29
94	72128.00	34289.00	0.00	0.00	47076.00	47076.00	0.00	0.00	0.00	0.00	37839.00	207.93	27.51
95	71940.00	34135.00	0.00	0.00	46732.00	46732.00	0.00	0.00	0.00	0.00	37805.00	207.93	23.57
96	71512.00	33601.00	0.00	0.00	46155.00	46155.00	0.00	0.00	0.00	0.00	37911.00	207.45	20.73
97	73067.00	35857.00	0.00	0.00	47557.00	47557.00	0.00	0.00	0.00	0.00	37210.00	189.79	16.47
98	71771.00	34409.00	0.00	0.00	46245.00	46245.00	0.00	0.00	0.00	0.00	37362.00	227.40	29.93
99	72904.00	35615.00	0.00	0.00	47383.00	47383.00	0.00	0.00	0.00	0.00	37289.00	210.93	29.45
100	73084.00	35817.00	0.00	0.00	47736.00	47736.00	0.00	0.00	0.00	0.00	37267.00	208.95	28.88
101	73583.00	36389.00	0.00	0.00	48006.00	48006.00	0.00	0.00	0.00	0.00	37194.00	228.41	28.88
102	72922.00	35512.00	0.00	0.00	47617.00	47617.00	0.00	0.00	0.00	0.00	37410.00	209.32	28.78
103	71706.00	34000.00	0.00	0.00	46506.00	46506.00	0.00	0.00	0.00	0.00	37706.00	208.26	28.04
104	72042.00	34427.00	0.00	0.00	46983.00	46983.00	0.00	0.00	0.00	0.00	37615.00	207.65	24.88
105	72281.00	34720.00	0.00	0.00	47038.00	47038.00	0.00	0.00	0.00	0.00	37561.00	207.64	23.06
106	70227.00	32256.00	0.00	0.00	44894.00	44894.00	0.00	0.00	0.00	0.00	37971.00	230.53	34.00
107	72689.00	35544.00	0.00	0.00	47185.00	47185.00	0.00	0.00	0.00	0.00	37145.00	211.35	30.27
108	73174.00	36023.00	0.00	0.00	47815.00	47815.00	0.00	0.00	0.00	0.00	37151.00	227.68	29.47
109	72103.00	34741.00	0.00	0.00	46577.00	46577.00	0.00	0.00	0.00	0.00	37362.00	227.47	29.33
110	72810.00	35688.00	0.00	0.00	47477.00	47477.00	0.00	0.00	0.00	0.00	37122.00	210.55	28.56
111	73795.00	36822.00	0.00	0.00	48475.00	48475.00	0.00	0.00	0.00	0.00	36973.00	208.89	28.28
112	58712.00	13943.00	0.00	0.00	21084.00	21083.00	0.00	0.00	0.00	0.00	44769.00	211.53	29.52
113	55412.00	8771.00	0.00	0.00	17666.00	17666.00	0.00	0.00	0.00	0.00	46641.00	3010.01	115.41
114	57839.00	12573.00	0.00	0.00	23112.00	23112.00	0.00	0.00	0.00	0.00	45266.00	2877.20	79.87
115	61544.00	18391.00	0.00	0.00	29697.00	29697.00	0.00	0.00	0.00	0.00	43153.00	328.13	49.58
116	65913.00	25505.00	0.00	0.00	36718.00	36718.00	0.00	0.00	0.00	0.00	40408.00	287.28	38.66
117	68224.00	29386.00	0.00	0.00	40857.00	40857.00	0.00	0.00	0.00	0.00	38838.00	248.28	33.39
118	69199.00	30674.00	0.00	0.00	42289.00	42289.00	0.00	0.00	0.00	0.00	38525.00	247.49	32.14
119	68822.00	29972.00	0.00	0.00	42869.00	42869.00	0.00	0.00	0.00	0.00	38850.00	287.70	43.50
120	68044.00	29173.00	0.00	0.00	41945.00	41945.00	0.00	0.00	0.00	0.00	38871.00	251.10	38.24
121	68241.00	29646.00	0.00	0.00	41931.00	41931.00	0.00	0.00	0.00	0.00	38595.00	229.22	35.52
122	69741.00	31708.00	0.00	0.00	43627.00	43627.00	0.00	0.00	0.00	0.00	38033.00	241.37	31.93
123	69763.00	31740.00	0.00	0.00	43497.00	43497.00	0.00	0.00	0.00	0.00	38023.00	227.43	30.60
124	70093.00	32161.00	0.00	0.00	43935.00	43935.00	0.00	0.00	0.00	0.00	37932.00	229.91	31.28
125	69020.00	30804.00	0.00	0.00	43576.00	43576.00	0.00	0.00	0.00	0.00	38216.00	288.67	44.25
126	69353.00	30992.00	0.00	0.00	43958.00	43958.00	0.00	0.00	0.00	0.00	38361.00	248.66	40.68
127	68453.00	30218.00	0.00	0.00	42768.00	42768.00	0.00	0.00	0.00	0.00	38235.00	228.82	35.59
128	70541.00	32922.00	0.00	0.00	44944.00	44944.00	0.00	0.00	0.00	0.00	37619.00	228.37	31.45
129	70653.00	33134.00	0.00	0.00	44805.00	44805.00	0.00	0.00	0.00	0.00	37519.00	228.11	30.01
130	71961.00	34692.00	0.00	0.00	46376.00	46376.00	0.00	0.00	0.00	0.00	37269.00	210.44	30.76
131	71297.00	33871.00	0.00	0.00	45802.00	45802.00	0.00	0.00	0.00	0.00	37426.00	209.98	29.80
132	70355.00	32468.00	0.00	0.00	45233.00	45233.00	0.00	0.00	0.00	0.00	37887.00	207.79	28.76
133	70204.00	32258.00	0.00	0.00	44908.00	44908.00	0.00	0.00	0.00	0.00	37946.00	207.50	25.47
134	70456.00	32551.00	0.00	0.00	45292.00	45292.00	0.00	0.00	0.00	0.00	37905.00	228.67	34.45
135	70265.00	32822.00	0.00	0.00	44701.00	44701.00	0.00	0.00	0.00	0.00	37443.00	188.66	17.80
136	70231.00	32616.00	0.00	0.00	44617.00	44617.00	0.00	0.00	0.00	0.00	37615.00	228.14	30.80
137	70808.00	33530.00	0.00	0.00	45371.00	45371.00	0.00	0.00	0.00	0.00	37278.00	227.31	30.05
138	70781.00	33450.00	0.00	0.00	45271.00	45271.00	0.00	0.00	0.00	0.00	37331.00	221.66	29.45
139	70483.00	33004.00	0.00	0.00	44770.00	44770.00	0.00	0.00	0.00	0.00	37479.00	227.63	30.66
140	70176.00	32584.00	0.00	0.00	44714.00	44714.00	0.00	0.00	0.00	0.00	37592.00	211.09	29.42
141	70567.00	32938.00	0.00	0.00	45235.00	45235.00	0.00	0.00	0.00	0.00	37629.00	268.25	41.89
142	69115.00	31434.00	0.00	0.00	43620.00	43620.00	0.00	0.00	0.00	0.00	37681.00	207.81	26.30
143	70816.00	33286.00	0.00	0.00	45726.00	45726.00	0.00	0.00	0.00	0.00	37530.00	207.50	26.66
144	69896.00	32024.00	0.00	0.00	44642.00	44642.00	0.00	0.00	0.00	0.00	37872.00	227.58	35.01
145	71365.00	34037.00	0.00	0.00	45945.00	45945.00	0.00	0.00	0.00	0.00	37328.00	228.04	32.45
146	70142.00	32548.00	0.00	0.00	44375.00	44375.00	0.00	0.00	0.00	0.00	37594.00	209.00	30.88
147	70835.00	33492.00	0.00	0.00	45209.00	45209.00	0.00	0.00	0.00	0.00	37343.00	208.75	31.30
148	70965.00	33760.00	0.00	0.00	45679.00	45679.00	0.00	0.00	0.00	0.00	37205.00	207.49	30.41
149	70240.00	32824.00	0.00	0.00	44608.00	44608.00	0.00	0.00	0.00	0.00	37416.00	208.02	31.15
150	70962.00	33620.00	0.00	0.00	45386.00	45386.00	0.00	0.00	0.00	0.00	37342.00	209.54	29.86
151	70730.00	33189.00	0.00	0.00	45279.00	45279.00	0.00	0.00	0.00	0.00	37541.00	208.01	29.88
152	102650.00	84409.00	0.00	0.00	88878.00	88877.00	0.00	0.00	0.00	0.00	18241.00	207.44	28.51
153	140996.00	140900.00	0.00	0.00	140995.00	140995.00	0.00	0.00	0.00	0.00	96.00	11.38	8.22
154	140674.00	140575.00	0.00	0.00	140675.00	140675.00	0.00	0.00	0.00	0.00	99.00	11.18	7.26
155	142420.00	142314.00	0.00	0.00	142419.00	142419.00	0.00	0.00	0.00	0.00	106.00	10.58	6.28
156	142455.00	142384.00	0.00	0.00	142455.00	142455.00	0.00	0.00	0.00	0.00	71.00	8.02	6.05
157	142657.00	142570.00	0.00	0.00	142657.00	142657.00	0.00	0.00	0.00	0.00	87.00	8.10	6.10
158	142407.00	142300.00	0.00	0.00	142407.00	142407.00	0.00	0.00	0.00	0.00	107.00	11.60	6.35
159	143206.00	143122.00	0.00	0.00	143206.00	143206.00	0.00	0.00	0.00	0.00	84.00	11.78	7.63
160	0.00	0.00	0.00	0.00	0.00	0.00	0.00	0.00	0.00	0.00	0.00	11.38	8.18
