second	tx	tx_get	tx_put	tx_del	rx	rx_getSucc	rx_putSucc	rx_delSucc
1	69089.00	45664.00	0.00	0.00	52253.00	52252.00	0.00	0.00	0.00	0.00	23425.00	0.00	0.00
2	103826.00	70443.00	0.00	0.00	80324.00	80323.00	0.00	0.00	0.00	0.00	33383.00	168.59	8.77
3	106503.00	74174.00	0.00	0.00	82615.00	82614.00	0.00	0.00	0.00	0.00	32329.00	168.54	11.08
4	100105.00	65734.00	0.00	0.00	76073.00	76072.00	0.00	0.00	0.00	0.00	34371.00	223.67	21.58
5	106202.00	74046.00	0.00	0.00	82354.00	82354.00	0.00	0.00	0.00	0.00	32156.00	188.24	9.12
6	99999.00	65752.00	0.00	0.00	75881.00	75881.00	0.00	0.00	0.00	0.00	34247.00	228.10	20.54
7	104107.00	71031.00	0.00	0.00	80314.00	80314.00	0.00	0.00	0.00	0.00	33076.00	167.34	8.31
8	105387.00	72758.00	0.00	0.00	81677.00	81677.00	0.00	0.00	0.00	0.00	32629.00	188.52	14.44
9	102886.00	69228.00	0.00	0.00	79638.00	79638.00	0.00	0.00	0.00	0.00	33658.00	211.70	21.42
10	108492.00	76732.00	0.00	0.00	84804.00	84804.00	0.00	0.00	0.00	0.00	31760.00	188.60	10.14
11	99378.00	64993.00	0.00	0.00	75380.00	75380.00	0.00	0.00	0.00	0.00	34385.00	228.72	21.65
12	109350.00	77832.00	0.00	0.00	85764.00	85764.00	0.00	0.00	0.00	0.00	31518.00	187.28	9.07
13	101772.00	67969.00	0.00	0.00	78410.00	78410.00	0.00	0.00	0.00	0.00	33803.00	211.11	20.94
14	109347.00	77775.00	0.00	0.00	86049.00	86049.00	0.00	0.00	0.00	0.00	31572.00	148.76	8.05
15	104326.00	71320.00	0.00	0.00	81249.00	81249.00	0.00	0.00	0.00	0.00	33006.00	228.38	20.20
16	107015.00	74993.00	0.00	0.00	83866.00	83866.00	0.00	0.00	0.00	0.00	32022.00	167.42	8.42
17	106231.00	73834.00	0.00	0.00	83110.00	83110.00	0.00	0.00	0.00	0.00	32397.00	188.35	16.45
18	106176.00	73682.00	0.00	0.00	83157.00	83157.00	0.00	0.00	0.00	0.00	32494.00	147.78	7.97
19	108230.00	76306.00	0.00	0.00	84915.00	84915.00	0.00	0.00	0.00	0.00	31924.00	188.01	13.03
20	105050.00	72093.00	0.00	0.00	82078.00	82078.00	0.00	0.00	0.00	0.00	32957.00	207.33	20.78
21	109853.00	78474.00	0.00	0.00	86518.00	86518.00	0.00	0.00	0.00	0.00	31379.00	167.43	10.09
22	103415.00	70036.00	0.00	0.00	80342.00	80342.00	0.00	0.00	0.00	0.00	33379.00	187.27	20.47
23	111703.00	80819.00	0.00	0.00	88988.00	88988.00	0.00	0.00	0.00	0.00	30884.00	150.13	9.55
24	103904.00	70771.00	0.00	0.00	81189.00	81189.00	0.00	0.00	0.00	0.00	33133.00	208.39	20.57
25	113280.00	82924.00	0.00	0.00	90660.00	90660.00	0.00	0.00	0.00	0.00	30356.00	167.69	8.42
26	103353.00	69997.00	0.00	0.00	80567.00	80567.00	0.00	0.00	0.00	0.00	33356.00	208.08	20.97
27	111319.00	80512.00	0.00	0.00	88334.00	88334.00	0.00	0.00	0.00	0.00	30807.00	169.27	9.21
28	103709.00	70516.00	0.00	0.00	80888.00	80888.00	0.00	0.00	0.00	0.00	33193.00	188.94	20.33
29	110418.00	79099.00	0.00	0.00	87692.00	87692.00	0.00	0.00	0.00	0.00	31319.00	168.22	8.54
30	106389.00	73908.00	0.00	0.00	83524.00	83524.00	0.00	0.00	0.00	0.00	32481.00	187.24	17.04
31	108824.00	77113.00	0.00	0.00	86295.00	86295.00	0.00	0.00	0.00	0.00	31711.00	148.24	7.98
32	58006.00	12013.00	0.00	0.00	17738.00	17737.00	0.00	0.00	0.00	0.00	45993.00	853.40	50.62
33	56297.00	10547.00	0.00	0.00	17353.00	17353.00	0.00	0.00	0.00	0.00	45750.00	2544.58	100.55
34	60505.00	16944.00	0.00	0.00	23996.00	23996.00	0.00	0.00	0.00	0.00	43561.00	427.64	59.57
35	62069.00	19645.00	0.00	0.00	28294.00	28294.00	0.00	0.00	0.00	0.00	42424.00	428.44	58.46
36	68521.00	28517.00	0.00	0.00	36293.00	36293.00	0.00	0.00	0.00	0.00	40004.00	349.97	40.49
37	68823.00	28778.00	0.00	0.00	38594.00	38594.00	0.00	0.00	0.00	0.00	40045.00	309.59	33.10
38	75197.00	37808.00	0.00	0.00	45118.00	45118.00	0.00	0.00	0.00	0.00	37389.00	257.81	18.83
39	72069.00	33209.00	0.00	0.00	43333.00	43333.00	0.00	0.00	0.00	0.00	38860.00	307.86	31.30
40	76749.00	39826.00	0.00	0.00	47756.00	47756.00	0.00	0.00	0.00	0.00	36923.00	248.29	17.06
41	74949.00	36934.00	0.00	0.00	46752.00	46752.00	0.00	0.00	0.00	0.00	38015.00	269.05	27.26
42	76798.00	39763.00	0.00	0.00	48467.00	48467.00	0.00	0.00	0.00	0.00	37035.00	287.40	28.74
43	76337.00	39157.00	0.00	0.00	48499.00	48499.00	0.00	0.00	0.00	0.00	37180.00	257.85	24.16
44	76453.00	39301.00	0.00	0.00	48716.00	48716.00	0.00	0.00	0.00	0.00	37152.00	268.36	28.69
45	78599.00	42229.00	0.00	0.00	50749.00	50749.00	0.00	0.00	0.00	0.00	36370.00	248.04	20.62
46	76443.00	39068.00	0.00	0.00	49046.00	49046.00	0.00	0.00	0.00	0.00	37375.00	268.18	28.61
47	78859.00	42617.00	0.00	0.00	50604.00	50604.00	0.00	0.00	0.00	0.00	36242.00	251.76	17.53
48	75695.00	37988.00	0.00	0.00	48169.00	48169.00	0.00	0.00	0.00	0.00	37707.00	267.63	28.17
49	80126.00	44530.00	0.00	0.00	52173.00	52173.00	0.00	0.00	0.00	0.00	35596.00	228.32	15.57
50	76286.00	38852.00	0.00	0.00	48973.00	48973.00	0.00	0.00	0.00	0.00	37434.00	267.56	27.99
51	79389.00	43686.00	0.00	0.00	51337.00	51337.00	0.00	0.00	0.00	0.00	35703.00	235.57	16.30
52	73813.00	35991.00	0.00	0.00	46202.00	46202.00	0.00	0.00	0.00	0.00	37822.00	267.47	28.87
53	79158.00	43328.00	0.00	0.00	51251.00	51251.00	0.00	0.00	0.00	0.00	35830.00	227.37	15.97
54	76310.00	38983.00	0.00	0.00	49029.00	49029.00	0.00	0.00	0.00	0.00	37327.00	267.96	27.61
55	78921.00	42913.00	0.00	0.00	51368.00	51368.00	0.00	0.00	0.00	0.00	36008.00	269.85	28.31
56	76037.00	39124.00	0.00	0.00	48633.00	48633.00	0.00	0.00	0.00	0.00	36913.00	267.43	24.77
57	77442.00	40965.00	0.00	0.00	49772.00	49772.00	0.00	0.00	0.00	0.00	36477.00	267.89	28.88
58	77610.00	41218.00	0.00	0.00	50189.00	50189.00	0.00	0.00	0.00	0.00	36392.00	247.28	21.91
59	77328.00	40540.00	0.00	0.00	50240.00	50240.00	0.00	0.00	0.00	0.00	36788.00	267.74	28.10
60	79035.00	43039.00	0.00	0.00	51454.00	51454.00	0.00	0.00	0.00	0.00	35996.00	247.34	19.73
61	76638.00	39444.00	0.00	0.00	49286.00	49286.00	0.00	0.00	0.00	0.00	37194.00	251.39	26.74
62	79052.00	43103.00	0.00	0.00	51288.00	51288.00	0.00	0.00	0.00	0.00	35949.00	242.41	18.43
63	75168.00	37366.00	0.00	0.00	47647.00	47647.00	0.00	0.00	0.00	0.00	37802.00	267.45	27.33
64	81064.00	45872.00	0.00	0.00	53426.00	53426.00	0.00	0.00	0.00	0.00	35192.00	209.64	14.61
65	75629.00	37929.00	0.00	0.00	48147.00	48147.00	0.00	0.00	0.00	0.00	37700.00	249.27	28.06
66	80091.00	44532.00	0.00	0.00	52361.00	52361.00	0.00	0.00	0.00	0.00	35559.00	227.39	14.86
67	76181.00	38544.00	0.00	0.00	48772.00	48772.00	0.00	0.00	0.00	0.00	37637.00	267.50	27.67
68	79955.00	44368.00	0.00	0.00	52208.00	52208.00	0.00	0.00	0.00	0.00	35587.00	224.64	14.77
69	75452.00	37755.00	0.00	0.00	48044.00	48044.00	0.00	0.00	0.00	0.00	37697.00	268.81	28.58
70	78796.00	42879.00	0.00	0.00	51194.00	51194.00	0.00	0.00	0.00	0.00	35917.00	228.01	15.64
71	77563.00	40805.00	0.00	0.00	50503.00	50503.00	0.00	0.00	0.00	0.00	36758.00	255.42	26.09
72	61586.00	17073.00	0.00	0.00	21748.00	21747.00	0.00	0.00	0.00	0.00	44513.00	528.31	35.92
73	62626.00	18298.00	0.00	0.00	25166.00	25166.00	0.00	0.00	0.00	0.00	44328.00	487.82	59.83
74	65068.00	22506.00	0.00	0.00	30252.00	30252.00	0.00	0.00	0.00	0.00	42562.00	400.12	42.53
75	66587.00	25707.00	0.00	0.00	33464.00	33464.00	0.00	0.00	0.00	0.00	40880.00	369.61	45.98
76	67390.00	26962.00	0.00	0.00	35935.00	35935.00	0.00	0.00	0.00	0.00	40428.00	327.51	35.29
77	68766.00	29638.00	0.00	0.00	37492.00	37492.00	0.00	0.00	0.00	0.00	39128.00	330.61	38.82
78	67168.00	27593.00	0.00	0.00	37179.00	37179.00	0.00	0.00	0.00	0.00	39575.00	307.59	33.32
79	70235.00	32346.00	0.00	0.00	40020.00	40020.00	0.00	0.00	0.00	0.00	37889.00	269.36	23.49
80	68725.00	29437.00	0.00	0.00	39501.00	39501.00	0.00	0.00	0.00	0.00	39288.00	288.02	31.98
81	70446.00	33095.00	0.00	0.00	40687.00	40687.00	0.00	0.00	0.00	0.00	37351.00	268.30	20.58
82	69585.00	30847.00	0.00	0.00	41078.00	41078.00	0.00	0.00	0.00	0.00	38738.00	292.36	31.70
83	72139.00	35012.00	0.00	0.00	42709.00	42709.00	0.00	0.00	0.00	0.00	37127.00	249.45	19.36
84	69044.00	30409.00	0.00	0.00	40512.00	40512.00	0.00	0.00	0.00	0.00	38635.00	289.27	31.86
85	73250.00	36428.00	0.00	0.00	44159.00	44159.00	0.00	0.00	0.00	0.00	36822.00	287.84	31.66
86	70581.00	32128.00	0.00	0.00	42345.00	42345.00	0.00	0.00	0.00	0.00	38453.00	288.13	31.63
87	73857.00	37151.00	0.00	0.00	45120.00	45120.00	0.00	0.00	0.00	0.00	36706.00	287.66	31.22
88	71148.00	33099.00	0.00	0.00	42897.00	42897.00	0.00	0.00	0.00	0.00	38049.00	267.98	28.51
89	72415.00	35381.00	0.00	0.00	43873.00	43873.00	0.00	0.00	0.00	0.00	37034.00	268.18	31.08
90	70734.00	32930.00	0.00	0.00	42373.00	42373.00	0.00	0.00	0.00	0.00	37804.00	268.12	27.62
91	70943.00	33879.00	0.00	0.00	42749.00	42749.00	0.00	0.00	0.00	0.00	37064.00	269.49	31.50
92	71149.00	33759.00	0.00	0.00	42812.00	42812.00	0.00	0.00	0.00	0.00	37390.00	249.17	25.84
93	71138.00	33440.00	0.00	0.00	42734.00	42734.00	0.00	0.00	0.00	0.00	37698.00	288.63	31.61
94	72425.00	35348.00	0.00	0.00	44096.00	44096.00	0.00	0.00	0.00	0.00	37077.00	267.84	23.65
95	71639.00	34080.00	0.00	0.00	43570.00	43570.00	0.00	0.00	0.00	0.00	37559.00	268.66	30.30
96	72498.00	35635.00	0.00	0.00	44108.00	44108.00	0.00	0.00	0.00	0.00	36863.00	247.52	22.45
97	70355.00	32454.00	0.00	0.00	42102.00	42102.00	0.00	0.00	0.00	0.00	37901.00	269.13	31.26
98	71475.00	34720.00	0.00	0.00	43134.00	43134.00	0.00	0.00	0.00	0.00	36755.00	267.31	22.76
99	70439.00	32263.00	0.00	0.00	42434.00	42434.00	0.00	0.00	0.00	0.00	38176.00	281.96	30.69
100	72921.00	36719.00	0.00	0.00	44566.00	44566.00	0.00	0.00	0.00	0.00	36202.00	268.12	19.76
101	70873.00	32726.00	0.00	0.00	43003.00	43003.00	0.00	0.00	0.00	0.00	38147.00	270.83	29.80
102	73530.00	37203.00	0.00	0.00	44795.00	44795.00	0.00	0.00	0.00	0.00	36327.00	248.67	19.09
103	69123.00	30849.00	0.00	0.00	41133.00	41133.00	0.00	0.00	0.00	0.00	38274.00	287.30	30.65
104	73112.00	36687.00	0.00	0.00	44477.00	44477.00	0.00	0.00	0.00	0.00	36425.00	248.53	19.38
105	70785.00	32661.00	0.00	0.00	42760.00	42760.00	0.00	0.00	0.00	0.00	38124.00	287.98	30.64
106	73504.00	37133.00	0.00	0.00	44893.00	44893.00	0.00	0.00	0.00	0.00	36371.00	287.68	31.60
107	69446.00	31162.00	0.00	0.00	41370.00	41370.00	0.00	0.00	0.00	0.00	38284.00	288.21	30.76
108	72159.00	35562.00	0.00	0.00	43307.00	43307.00	0.00	0.00	0.00	0.00	36597.00	287.72	32.13
109	70416.00	32230.00	0.00	0.00	42380.00	42380.00	0.00	0.00	0.00	0.00	38186.00	269.45	31.16
110	73254.00	36711.00	0.00	0.00	44810.00	44810.00	0.00	0.00	0.00	0.00	36543.00	287.62	31.14
111	71363.00	33515.00	0.00	0.00	43542.00	43542.00	0.00	0.00	0.00	0.00	37848.00	267.64	28.80
112	57321.00	12102.00	0.00	0.00	16655.00	16654.00	0.00	0.00	0.00	0.00	45219.00	658.21	66.49
113	56083.00	10479.00	0.00	0.00	17625.00	17625.00	0.00	0.00	0.00	0.00	45604.00	609.38	97.28
114	59642.00	16124.00	0.00	0.00	23574.00	23574.00	0.00	0.00	0.00	0.00	43518.00	457.66	66.33
115	62534.00	20622.00	0.00	0.00	28641.00	28641.00	0.00	0.00	0.00	0.00	41912.00	388.92	53.44
116	63195.00	22092.00	0.00	0.00	30880.00	30880.00	0.00	0.00	0.00	0.00	41103.00	350.65	43.03
117	65291.00	25552.00	0.00	0.00	33838.00	33838.00	0.00	0.00	0.00	0.00	39739.00	349.08	43.62
118	66927.00	27259.00	0.00	0.00	36523.00	36523.00	0.00	0.00	0.00	0.00	39668.00	310.48	35.64
119	69096.00	30640.00	0.00	0.00	38800.00	38800.00	0.00	0.00	0.00	0.00	38456.00	269.03	25.09
120	66541.00	27135.00	0.00	0.00	37253.00	37253.00	0.00	0.00	0.00	0.00	39406.00	299.30	32.54
121	70162.00	32768.00	0.00	0.00	40333.00	40333.00	0.00	0.00	0.00	0.00	37394.00	267.53	20.21
122	66749.00	27250.00	0.00	0.00	37400.00	37400.00	0.00	0.00	0.00	0.00	39499.00	307.97	34.57
123	69641.00	32093.00	0.00	0.00	39790.00	39790.00	0.00	0.00	0.00	0.00	37548.00	295.09	34.93
124	66925.00	27636.00	0.00	0.00	37631.00	37631.00	0.00	0.00	0.00	0.00	39289.00	291.61	33.17
125	69856.00	32837.00	0.00	0.00	40443.00	40443.00	0.00	0.00	0.00	0.00	37019.00	289.50	33.88
126	66270.00	27364.00	0.00	0.00	37384.00	37384.00	0.00	0.00	0.00	0.00	38906.00	287.48	34.17
127	69967.00	32895.00	0.00	0.00	40706.00	40706.00	0.00	0.00	0.00	0.00	37072.00	287.21	33.78
128	68418.00	29653.00	0.00	0.00	39811.00	39811.00	0.00	0.00	0.00	0.00	38765.00	287.87	32.00
129	71658.00	34715.00	0.00	0.00	42568.00	42568.00	0.00	0.00	0.00	0.00	36943.00	287.71	32.14
130	67587.00	28843.00	0.00	0.00	38670.00	38670.00	0.00	0.00	0.00	0.00	38744.00	287.59	31.59
131	70486.00	33367.00	0.00	0.00	41626.00	41626.00	0.00	0.00	0.00	0.00	37119.00	271.38	32.84
132	70238.00	32470.00	0.00	0.00	42028.00	42028.00	0.00	0.00	0.00	0.00	37768.00	269.99	29.95
133	71844.00	34852.00	0.00	0.00	43299.00	43299.00	0.00	0.00	0.00	0.00	36992.00	287.68	31.15
134	68635.00	30601.00	0.00	0.00	40174.00	40174.00	0.00	0.00	0.00	0.00	38034.00	268.77	29.40
135	69416.00	32104.00	0.00	0.00	40753.00	40753.00	0.00	0.00	0.00	0.00	37312.00	287.26	32.38
136	70627.00	33112.00	0.00	0.00	42379.00	42379.00	0.00	0.00	0.00	0.00	37515.00	253.58	26.88
137	71111.00	33956.00	0.00	0.00	42900.00	42900.00	0.00	0.00	0.00	0.00	37155.00	274.22	30.91
138	70941.00	33662.00	0.00	0.00	42823.00	42823.00	0.00	0.00	0.00	0.00	37279.00	267.65	26.64
139	70607.00	33331.00	0.00	0.00	42392.00	42392.00	0.00	0.00	0.00	0.00	37276.00	268.05	30.96
140	69408.00	32082.00	0.00	0.00	40945.00	40945.00	0.00	0.00	0.00	0.00	37326.00	267.62	26.74
141	68596.00	30556.00	0.00	0.00	39824.00	39824.00	0.00	0.00	0.00	0.00	38040.00	287.61	33.16
142	70531.00	33542.00	0.00	0.00	42046.00	42046.00	0.00	0.00	0.00	0.00	36989.00	268.52	24.94
143	70690.00	33105.00	0.00	0.00	42765.00	42765.00	0.00	0.00	0.00	0.00	37585.00	269.52	30.68
144	72827.00	36661.00	0.00	0.00	44932.00	44932.00	0.00	0.00	0.00	0.00	36166.00	247.93	21.65
145	69658.00	31882.00	0.00	0.00	41732.00	41732.00	0.00	0.00	0.00	0.00	37776.00	267.60	30.69
146	71202.00	34540.00	0.00	0.00	42654.00	42654.00	0.00	0.00	0.00	0.00	36662.00	249.58	21.09
147	69624.00	31620.00	0.00	0.00	41858.00	41858.00	0.00	0.00	0.00	0.00	38004.00	259.33	30.58
148	73422.00	37431.00	0.00	0.00	45199.00	45199.00	0.00	0.00	0.00	0.00	35991.00	247.61	18.79
149	68883.00	30634.00	0.00	0.00	40904.00	40904.00	0.00	0.00	0.00	0.00	38249.00	267.74	31.47
150	71748.00	35576.00	0.00	0.00	43463.00	43463.00	0.00	0.00	0.00	0.00	36172.00	228.88	18.52
151	68785.00	30844.00	0.00	0.00	41234.00	41234.00	0.00	0.00	0.00	0.00	37941.00	267.66	31.05
152	116922.00	105379.00	0.00	0.00	106597.00	106596.00	0.00	0.00	0.00	0.00	11543.00	637.91	36.19
153	142544.00	142445.00	0.00	0.00	142544.00	142544.00	0.00	0.00	0.00	0.00	99.00	12.75	7.32
154	148702.00	148611.00	0.00	0.00	148702.00	148702.00	0.00	0.00	0.00	0.00	91.00	8.02	5.88
155	143369.00	143273.00	0.00	0.00	143369.00	143369.00	0.00	0.00	0.00	0.00	96.00	12.80	7.67
156	148553.00	148477.00	0.00	0.00	148553.00	148553.00	0.00	0.00	0.00	0.00	76.00	8.06	5.93
157	143479.00	143378.00	0.00	0.00	143479.00	143479.00	0.00	0.00	0.00	0.00	101.00	12.75	7.40
158	148655.00	148585.00	0.00	0.00	148655.00	148655.00	0.00	0.00	0.00	0.00	70.00	8.02	5.95
159	143925.00	143826.00	0.00	0.00	143925.00	143925.00	0.00	0.00	0.00	0.00	99.00	12.63	7.21
160	0.00	0.00	0.00	0.00	0.00	0.00	0.00	0.00	0.00	0.00	0.00	8.08	5.87
