second	tx	tx_get	tx_put	tx_del	rx	rx_getSucc	rx_putSucc	rx_delSucc
1	47268.00	18199.00	0.00	0.00	23140.00	23140.00	0.00	0.00	0.00	0.00	29069.00	0.00	0.00
2	72503.00	31594.00	0.00	0.00	37966.00	37966.00	0.00	0.00	0.00	0.00	40909.00	388.65	33.30
3	75406.00	35603.00	0.00	0.00	41455.00	41455.00	0.00	0.00	0.00	0.00	39803.00	367.60	29.70
4	79197.00	40711.00	0.00	0.00	46418.00	46418.00	0.00	0.00	0.00	0.00	38486.00	348.67	25.71
5	81634.00	43791.00	0.00	0.00	49376.00	49376.00	0.00	0.00	0.00	0.00	37843.00	332.55	25.11
6	83401.00	46172.00	0.00	0.00	51566.00	51566.00	0.00	0.00	0.00	0.00	37229.00	335.41	23.17
7	84921.00	48282.00	0.00	0.00	53429.00	53429.00	0.00	0.00	0.00	0.00	36639.00	294.17	20.52
8	86555.00	50616.00	0.00	0.00	55390.00	55390.00	0.00	0.00	0.00	0.00	35939.00	307.86	20.55
9	86157.00	50007.00	0.00	0.00	54646.00	54646.00	0.00	0.00	0.00	0.00	36150.00	308.60	19.71
10	88344.00	52740.00	0.00	0.00	57404.00	57404.00	0.00	0.00	0.00	0.00	35604.00	288.58	17.92
11	88693.00	53268.00	0.00	0.00	57869.00	57869.00	0.00	0.00	0.00	0.00	35425.00	299.69	20.23
12	90265.00	55213.00	0.00	0.00	59922.00	59922.00	0.00	0.00	0.00	0.00	35052.00	288.95	17.17
13	89569.00	54345.00	0.00	0.00	58996.00	58996.00	0.00	0.00	0.00	0.00	35224.00	292.34	19.02
14	89723.00	54658.00	0.00	0.00	59141.00	59141.00	0.00	0.00	0.00	0.00	35065.00	288.95	18.08
15	91285.00	56730.00	0.00	0.00	61228.00	61228.00	0.00	0.00	0.00	0.00	34555.00	278.35	18.00
16	91875.00	57417.00	0.00	0.00	61887.00	61887.00	0.00	0.00	0.00	0.00	34458.00	273.67	16.99
17	92275.00	57882.00	0.00	0.00	62261.00	62261.00	0.00	0.00	0.00	0.00	34393.00	269.79	17.16
18	92259.00	57933.00	0.00	0.00	62151.00	62151.00	0.00	0.00	0.00	0.00	34326.00	270.76	16.95
19	92086.00	57914.00	0.00	0.00	62134.00	62134.00	0.00	0.00	0.00	0.00	34172.00	269.03	16.83
20	92383.00	58110.00	0.00	0.00	62130.00	62130.00	0.00	0.00	0.00	0.00	34273.00	256.56	15.24
21	92781.00	58737.00	0.00	0.00	62999.00	62999.00	0.00	0.00	0.00	0.00	34044.00	267.57	17.24
22	92673.00	58675.00	0.00	0.00	62701.00	62701.00	0.00	0.00	0.00	0.00	33998.00	273.69	17.70
23	94239.00	60645.00	0.00	0.00	64915.00	64915.00	0.00	0.00	0.00	0.00	33594.00	287.41	17.34
24	94240.00	60531.00	0.00	0.00	64671.00	64671.00	0.00	0.00	0.00	0.00	33709.00	264.65	16.49
25	93843.00	60270.00	0.00	0.00	64410.00	64410.00	0.00	0.00	0.00	0.00	33573.00	254.16	16.21
26	94355.00	60928.00	0.00	0.00	65211.00	65211.00	0.00	0.00	0.00	0.00	33427.00	269.50	17.20
27	93607.00	59920.00	0.00	0.00	64095.00	64095.00	0.00	0.00	0.00	0.00	33687.00	271.22	16.46
28	93833.00	60202.00	0.00	0.00	64379.00	64379.00	0.00	0.00	0.00	0.00	33631.00	269.11	16.66
29	95642.00	62365.00	0.00	0.00	66538.00	66538.00	0.00	0.00	0.00	0.00	33277.00	267.96	15.87
30	94885.00	61403.00	0.00	0.00	65558.00	65558.00	0.00	0.00	0.00	0.00	33482.00	267.30	15.79
31	94222.00	60669.00	0.00	0.00	64802.00	64802.00	0.00	0.00	0.00	0.00	33553.00	258.49	15.22
32	95132.00	61741.00	0.00	0.00	65880.00	65880.00	0.00	0.00	0.00	0.00	33391.00	253.87	15.79
33	95878.00	62726.00	0.00	0.00	66764.00	66764.00	0.00	0.00	0.00	0.00	33152.00	269.13	16.02
34	95528.00	62224.00	0.00	0.00	66376.00	66376.00	0.00	0.00	0.00	0.00	33304.00	253.43	15.89
35	94374.00	60836.00	0.00	0.00	65040.00	65040.00	0.00	0.00	0.00	0.00	33538.00	250.77	15.31
36	95647.00	62462.00	0.00	0.00	66438.00	66438.00	0.00	0.00	0.00	0.00	33185.00	268.57	16.38
37	95075.00	61834.00	0.00	0.00	66038.00	66038.00	0.00	0.00	0.00	0.00	33241.00	269.13	16.02
38	60548.00	15591.00	0.00	0.00	20936.00	20935.00	0.00	0.00	0.00	0.00	44957.00	267.61	15.79
39	53780.00	7353.00	0.00	0.00	14270.00	14270.00	0.00	0.00	0.00	0.00	46427.00	549.98	124.80
40	55846.00	10766.00	0.00	0.00	17781.00	17781.00	0.00	0.00	0.00	0.00	45080.00	470.44	96.22
41	57930.00	14153.00	0.00	0.00	20895.00	20895.00	0.00	0.00	0.00	0.00	43777.00	427.69	72.66
42	59702.00	16956.00	0.00	0.00	22710.00	22710.00	0.00	0.00	0.00	0.00	42746.00	411.04	62.90
43	61172.00	19327.00	0.00	0.00	24930.00	24930.00	0.00	0.00	0.00	0.00	41845.00	372.02	52.83
44	63213.00	22315.00	0.00	0.00	27653.00	27653.00	0.00	0.00	0.00	0.00	40898.00	357.52	47.26
45	65283.00	25320.00	0.00	0.00	30638.00	30638.00	0.00	0.00	0.00	0.00	39963.00	342.12	41.34
46	67069.00	27767.00	0.00	0.00	33059.00	33059.00	0.00	0.00	0.00	0.00	39302.00	337.08	36.22
47	68161.00	29315.00	0.00	0.00	34405.00	34405.00	0.00	0.00	0.00	0.00	38846.00	334.65	36.11
48	68648.00	29919.00	0.00	0.00	34935.00	34935.00	0.00	0.00	0.00	0.00	38729.00	311.62	32.18
49	68694.00	29941.00	0.00	0.00	34878.00	34878.00	0.00	0.00	0.00	0.00	38753.00	333.89	33.43
50	69549.00	31068.00	0.00	0.00	35900.00	35900.00	0.00	0.00	0.00	0.00	38481.00	318.93	31.80
51	69535.00	31065.00	0.00	0.00	35735.00	35735.00	0.00	0.00	0.00	0.00	38470.00	320.31	31.53
52	70014.00	31852.00	0.00	0.00	36664.00	36664.00	0.00	0.00	0.00	0.00	38162.00	328.53	30.66
53	70616.00	32662.00	0.00	0.00	37209.00	37209.00	0.00	0.00	0.00	0.00	37954.00	315.77	30.96
54	70803.00	32754.00	0.00	0.00	37466.00	37466.00	0.00	0.00	0.00	0.00	38049.00	310.14	29.97
55	71086.00	33296.00	0.00	0.00	38178.00	38178.00	0.00	0.00	0.00	0.00	37790.00	312.07	31.06
56	71034.00	33044.00	0.00	0.00	37654.00	37654.00	0.00	0.00	0.00	0.00	37990.00	317.63	31.75
57	71556.00	33891.00	0.00	0.00	38677.00	38677.00	0.00	0.00	0.00	0.00	37665.00	311.45	29.58
58	71619.00	34082.00	0.00	0.00	38784.00	38784.00	0.00	0.00	0.00	0.00	37537.00	307.34	28.75
59	71086.00	33182.00	0.00	0.00	37817.00	37817.00	0.00	0.00	0.00	0.00	37904.00	310.23	29.71
60	70959.00	33132.00	0.00	0.00	37568.00	37568.00	0.00	0.00	0.00	0.00	37827.00	309.43	28.60
61	72369.00	35004.00	0.00	0.00	39807.00	39807.00	0.00	0.00	0.00	0.00	37365.00	312.86	29.45
62	72083.00	34646.00	0.00	0.00	39370.00	39370.00	0.00	0.00	0.00	0.00	37437.00	309.98	28.14
63	72264.00	34968.00	0.00	0.00	39583.00	39583.00	0.00	0.00	0.00	0.00	37296.00	311.15	29.02
64	72423.00	35175.00	0.00	0.00	39806.00	39806.00	0.00	0.00	0.00	0.00	37248.00	307.83	28.21
65	72599.00	35325.00	0.00	0.00	39970.00	39970.00	0.00	0.00	0.00	0.00	37274.00	309.68	28.85
66	72334.00	35021.00	0.00	0.00	39642.00	39642.00	0.00	0.00	0.00	0.00	37313.00	316.56	29.52
67	72636.00	35485.00	0.00	0.00	39981.00	39981.00	0.00	0.00	0.00	0.00	37151.00	315.80	28.89
68	72270.00	35204.00	0.00	0.00	39404.00	39404.00	0.00	0.00	0.00	0.00	37066.00	308.47	29.91
69	73434.00	36658.00	0.00	0.00	41100.00	41100.00	0.00	0.00	0.00	0.00	36776.00	307.58	26.43
70	73185.00	36556.00	0.00	0.00	40879.00	40879.00	0.00	0.00	0.00	0.00	36629.00	307.56	27.35
71	72768.00	35827.00	0.00	0.00	39937.00	39937.00	0.00	0.00	0.00	0.00	36941.00	307.86	27.14
72	72859.00	35767.00	0.00	0.00	39831.00	39831.00	0.00	0.00	0.00	0.00	37092.00	298.39	28.12
73	73204.00	36519.00	0.00	0.00	40867.00	40867.00	0.00	0.00	0.00	0.00	36685.00	307.78	26.37
74	72973.00	36300.00	0.00	0.00	40494.00	40494.00	0.00	0.00	0.00	0.00	36673.00	300.94	27.94
75	73739.00	37139.00	0.00	0.00	41250.00	41250.00	0.00	0.00	0.00	0.00	36600.00	298.78	27.24
76	73834.00	37351.00	0.00	0.00	41421.00	41421.00	0.00	0.00	0.00	0.00	36483.00	291.48	28.07
77	74506.00	38421.00	0.00	0.00	42552.00	42552.00	0.00	0.00	0.00	0.00	36085.00	301.30	26.62
78	59279.00	14560.00	0.00	0.00	20230.00	20229.00	0.00	0.00	0.00	0.00	44719.00	614.22	47.36
79	58756.00	13538.00	0.00	0.00	20508.00	20508.00	0.00	0.00	0.00	0.00	45218.00	510.49	77.37
80	61868.00	18119.00	0.00	0.00	25141.00	25141.00	0.00	0.00	0.00	0.00	43749.00	450.15	57.87
81	63824.00	21354.00	0.00	0.00	27363.00	27363.00	0.00	0.00	0.00	0.00	42470.00	408.00	47.60
82	64978.00	23439.00	0.00	0.00	28990.00	28990.00	0.00	0.00	0.00	0.00	41539.00	372.49	42.30
83	66315.00	25875.00	0.00	0.00	31301.00	31301.00	0.00	0.00	0.00	0.00	40440.00	356.14	38.80
84	66438.00	26596.00	0.00	0.00	31599.00	31599.00	0.00	0.00	0.00	0.00	39842.00	349.24	39.38
85	67724.00	28635.00	0.00	0.00	33331.00	33331.00	0.00	0.00	0.00	0.00	39089.00	333.20	36.77
86	67986.00	29180.00	0.00	0.00	33799.00	33799.00	0.00	0.00	0.00	0.00	38806.00	331.12	34.22
87	68173.00	29680.00	0.00	0.00	34053.00	34053.00	0.00	0.00	0.00	0.00	38493.00	328.07	33.61
88	68722.00	30523.00	0.00	0.00	34992.00	34992.00	0.00	0.00	0.00	0.00	38199.00	328.10	33.24
89	68501.00	30402.00	0.00	0.00	34858.00	34858.00	0.00	0.00	0.00	0.00	38099.00	320.20	32.85
90	69016.00	31188.00	0.00	0.00	35957.00	35957.00	0.00	0.00	0.00	0.00	37828.00	311.93	32.20
91	69434.00	31858.00	0.00	0.00	36508.00	36508.00	0.00	0.00	0.00	0.00	37576.00	305.99	31.27
92	68982.00	31163.00	0.00	0.00	35614.00	35614.00	0.00	0.00	0.00	0.00	37819.00	311.75	31.15
93	68771.00	30948.00	0.00	0.00	35351.00	35351.00	0.00	0.00	0.00	0.00	37823.00	314.60	33.30
94	68653.00	30809.00	0.00	0.00	35272.00	35272.00	0.00	0.00	0.00	0.00	37844.00	312.18	32.30
95	69412.00	31874.00	0.00	0.00	36091.00	36091.00	0.00	0.00	0.00	0.00	37538.00	311.99	31.28
96	69438.00	31907.00	0.00	0.00	36362.00	36362.00	0.00	0.00	0.00	0.00	37531.00	310.48	30.93
97	69403.00	31894.00	0.00	0.00	36266.00	36266.00	0.00	0.00	0.00	0.00	37509.00	308.41	31.58
98	69200.00	31785.00	0.00	0.00	36210.00	36210.00	0.00	0.00	0.00	0.00	37415.00	307.46	31.76
99	69105.00	31577.00	0.00	0.00	36041.00	36041.00	0.00	0.00	0.00	0.00	37528.00	308.78	32.15
100	69391.00	32192.00	0.00	0.00	36680.00	36680.00	0.00	0.00	0.00	0.00	37199.00	308.29	30.99
101	69046.00	31571.00	0.00	0.00	35986.00	35986.00	0.00	0.00	0.00	0.00	37475.00	311.71	31.80
102	69969.00	32977.00	0.00	0.00	37357.00	37357.00	0.00	0.00	0.00	0.00	36992.00	307.54	30.30
103	69892.00	32799.00	0.00	0.00	36893.00	36893.00	0.00	0.00	0.00	0.00	37093.00	301.63	29.80
104	69334.00	32128.00	0.00	0.00	36579.00	36579.00	0.00	0.00	0.00	0.00	37206.00	308.28	31.78
105	69683.00	32616.00	0.00	0.00	36867.00	36867.00	0.00	0.00	0.00	0.00	37067.00	298.85	30.58
106	69685.00	32619.00	0.00	0.00	36960.00	36960.00	0.00	0.00	0.00	0.00	37066.00	309.90	30.27
107	69221.00	31825.00	0.00	0.00	35962.00	35962.00	0.00	0.00	0.00	0.00	37396.00	308.93	31.17
108	69168.00	31912.00	0.00	0.00	36249.00	36249.00	0.00	0.00	0.00	0.00	37256.00	307.93	31.53
109	69886.00	32872.00	0.00	0.00	37058.00	37058.00	0.00	0.00	0.00	0.00	37014.00	300.12	31.40
110	69506.00	32413.00	0.00	0.00	36903.00	36903.00	0.00	0.00	0.00	0.00	37093.00	298.37	31.93
111	69228.00	31856.00	0.00	0.00	36136.00	36136.00	0.00	0.00	0.00	0.00	37372.00	310.75	30.93
112	68980.00	31688.00	0.00	0.00	36047.00	36047.00	0.00	0.00	0.00	0.00	37292.00	308.57	32.03
113	69181.00	31940.00	0.00	0.00	36192.00	36192.00	0.00	0.00	0.00	0.00	37241.00	307.61	30.47
114	69636.00	32416.00	0.00	0.00	36856.00	36856.00	0.00	0.00	0.00	0.00	37220.00	295.53	30.02
115	69073.00	31678.00	0.00	0.00	36012.00	36012.00	0.00	0.00	0.00	0.00	37395.00	298.16	31.58
116	69801.00	32722.00	0.00	0.00	37087.00	37087.00	0.00	0.00	0.00	0.00	37079.00	295.87	30.26
117	70008.00	32957.00	0.00	0.00	37370.00	37370.00	0.00	0.00	0.00	0.00	37051.00	298.07	29.34
118	55498.00	9800.00	0.00	0.00	14974.00	14973.00	0.00	0.00	0.00	0.00	45698.00	704.81	82.82
119	54205.00	7855.00	0.00	0.00	14504.00	14504.00	0.00	0.00	0.00	0.00	46350.00	551.88	124.77
120	56059.00	11026.00	0.00	0.00	18055.00	18055.00	0.00	0.00	0.00	0.00	45033.00	470.59	92.77
121	57642.00	13815.00	0.00	0.00	20402.00	20402.00	0.00	0.00	0.00	0.00	43827.00	427.83	74.28
122	59603.00	17005.00	0.00	0.00	22782.00	22782.00	0.00	0.00	0.00	0.00	42598.00	393.98	60.07
123	61136.00	19499.00	0.00	0.00	25003.00	25002.00	0.00	0.00	0.00	0.00	41637.00	370.27	53.65
124	62678.00	22287.00	0.00	0.00	27522.00	27522.00	0.00	0.00	0.00	0.00	40391.00	356.78	44.03
125	63564.00	23551.00	0.00	0.00	28272.00	28273.00	0.00	0.00	0.00	0.00	40013.00	339.69	43.10
126	63990.00	24486.00	0.00	0.00	29113.00	29113.00	0.00	0.00	0.00	0.00	39504.00	331.10	41.66
127	64569.00	25453.00	0.00	0.00	29925.00	29925.00	0.00	0.00	0.00	0.00	39116.00	330.75	40.11
128	64901.00	25924.00	0.00	0.00	30598.00	30598.00	0.00	0.00	0.00	0.00	38977.00	325.34	39.42
129	65323.00	26601.00	0.00	0.00	31238.00	31238.00	0.00	0.00	0.00	0.00	38722.00	327.99	37.43
130	65470.00	26887.00	0.00	0.00	31493.00	31493.00	0.00	0.00	0.00	0.00	38583.00	324.52	35.91
131	65673.00	27190.00	0.00	0.00	31842.00	31842.00	0.00	0.00	0.00	0.00	38483.00	316.34	37.08
132	66008.00	27678.00	0.00	0.00	32229.00	32229.00	0.00	0.00	0.00	0.00	38330.00	316.06	34.81
133	66122.00	27851.00	0.00	0.00	32315.00	32315.00	0.00	0.00	0.00	0.00	38271.00	315.16	36.03
134	66637.00	28533.00	0.00	0.00	33119.00	33119.00	0.00	0.00	0.00	0.00	38104.00	327.32	36.54
135	66358.00	28200.00	0.00	0.00	32719.00	32719.00	0.00	0.00	0.00	0.00	38158.00	311.50	34.64
136	66650.00	28678.00	0.00	0.00	33157.00	33157.00	0.00	0.00	0.00	0.00	37972.00	312.60	34.94
137	66618.00	28697.00	0.00	0.00	33451.00	33451.00	0.00	0.00	0.00	0.00	37921.00	311.62	35.18
138	67747.00	30634.00	0.00	0.00	35900.00	35900.00	0.00	0.00	0.00	0.00	37113.00	272.39	30.28
139	70022.00	34412.00	0.00	0.00	39813.00	39813.00	0.00	0.00	0.00	0.00	35610.00	269.83	31.04
140	71709.00	37233.00	0.00	0.00	42723.00	42723.00	0.00	0.00	0.00	0.00	34476.00	248.54	28.01
141	75928.00	44012.00	0.00	0.00	48917.00	48917.00	0.00	0.00	0.00	0.00	31916.00	227.29	24.96
142	77385.00	46055.00	0.00	0.00	51076.00	51076.00	0.00	0.00	0.00	0.00	31330.00	209.64	22.53
143	79548.00	49569.00	0.00	0.00	54456.00	54456.00	0.00	0.00	0.00	0.00	29979.00	207.86	21.10
144	82375.00	53792.00	0.00	0.00	58512.00	58512.00	0.00	0.00	0.00	0.00	28583.00	193.83	19.48
145	83204.00	55121.00	0.00	0.00	59664.00	59664.00	0.00	0.00	0.00	0.00	28083.00	188.61	19.08
146	82517.00	54345.00	0.00	0.00	58922.00	58922.00	0.00	0.00	0.00	0.00	28172.00	187.23	18.16
147	83320.00	55286.00	0.00	0.00	59848.00	59848.00	0.00	0.00	0.00	0.00	28034.00	170.15	17.53
148	83817.00	55998.00	0.00	0.00	60543.00	60543.00	0.00	0.00	0.00	0.00	27819.00	174.26	17.47
149	83741.00	55974.00	0.00	0.00	60434.00	60434.00	0.00	0.00	0.00	0.00	27767.00	175.59	16.67
150	84194.00	56413.00	0.00	0.00	60949.00	60949.00	0.00	0.00	0.00	0.00	27781.00	173.78	16.97
151	83241.00	55511.00	0.00	0.00	60108.00	60108.00	0.00	0.00	0.00	0.00	27730.00	176.65	17.84
152	83469.00	55507.00	0.00	0.00	60069.00	60069.00	0.00	0.00	0.00	0.00	27962.00	187.61	18.07
153	83750.00	55910.00	0.00	0.00	60382.00	60382.00	0.00	0.00	0.00	0.00	27840.00	172.05	18.13
154	84237.00	56597.00	0.00	0.00	61033.00	61033.00	0.00	0.00	0.00	0.00	27640.00	174.83	17.49
155	83519.00	55611.00	0.00	0.00	59908.00	59908.00	0.00	0.00	0.00	0.00	27908.00	187.38	18.22
156	83171.00	55399.00	0.00	0.00	59813.00	59813.00	0.00	0.00	0.00	0.00	27772.00	176.41	17.81
157	83369.00	55501.00	0.00	0.00	60049.00	60049.00	0.00	0.00	0.00	0.00	27868.00	173.26	17.60
158	108738.00	95472.00	0.00	0.00	97392.00	97391.00	0.00	0.00	0.00	0.00	13266.00	187.80	18.04
159	131318.00	131240.00	0.00	0.00	131318.00	131318.00	0.00	0.00	0.00	0.00	78.00	9.34	7.50
160	0.00	0.00	0.00	0.00	0.00	0.00	0.00	0.00	0.00	0.00	0.00	9.37	7.72
