second	tx	tx_get	tx_put	tx_del	rx	rx_getSucc	rx_putSucc	rx_delSucc
1	92483.00	78624.00	0.00	0.00	80425.00	80425.00	0.00	0.00	0.00	0.00	13859.00	0.00	0.00
2	135007.00	114460.00	0.00	0.00	117119.00	117119.00	0.00	0.00	0.00	0.00	20547.00	117.27	8.55
3	134418.00	113941.00	0.00	0.00	116530.00	116530.00	0.00	0.00	0.00	0.00	20477.00	139.20	9.25
4	133728.00	113192.00	0.00	0.00	115958.00	115958.00	0.00	0.00	0.00	0.00	20536.00	158.35	9.29
5	135393.00	114928.00	0.00	0.00	117686.00	117686.00	0.00	0.00	0.00	0.00	20465.00	147.89	8.56
6	135906.00	115623.00	0.00	0.00	118414.00	118414.00	0.00	0.00	0.00	0.00	20283.00	128.15	7.73
7	136059.00	115843.00	0.00	0.00	118518.00	118518.00	0.00	0.00	0.00	0.00	20216.00	127.10	8.21
8	135846.00	115572.00	0.00	0.00	118267.00	118267.00	0.00	0.00	0.00	0.00	20274.00	134.94	8.92
9	134120.00	113594.00	0.00	0.00	116425.00	116425.00	0.00	0.00	0.00	0.00	20526.00	151.67	9.67
10	134311.00	113767.00	0.00	0.00	116512.00	116512.00	0.00	0.00	0.00	0.00	20544.00	130.17	8.41
11	136234.00	115997.00	0.00	0.00	118562.00	118562.00	0.00	0.00	0.00	0.00	20237.00	127.52	7.89
12	133279.00	112397.00	0.00	0.00	115160.00	115160.00	0.00	0.00	0.00	0.00	20882.00	130.24	8.53
13	134201.00	113621.00	0.00	0.00	116429.00	116429.00	0.00	0.00	0.00	0.00	20580.00	148.40	9.20
14	136034.00	115878.00	0.00	0.00	118813.00	118813.00	0.00	0.00	0.00	0.00	20156.00	136.56	9.21
15	75490.00	35486.00	0.00	0.00	40664.00	40663.00	0.00	0.00	0.00	0.00	40004.00	147.43	8.30
16	54566.00	8342.00	0.00	0.00	15197.00	15197.00	0.00	0.00	0.00	0.00	46224.00	549.98	120.41
17	57408.00	13244.00	0.00	0.00	19740.00	19740.00	0.00	0.00	0.00	0.00	44164.00	440.26	82.09
18	60507.00	18482.00	0.00	0.00	24509.00	24509.00	0.00	0.00	0.00	0.00	42025.00	379.17	59.00
19	64520.00	24893.00	0.00	0.00	30177.00	30177.00	0.00	0.00	0.00	0.00	39627.00	334.90	43.43
20	68766.00	31455.00	0.00	0.00	36057.00	36057.00	0.00	0.00	0.00	0.00	37311.00	294.25	32.80
21	75451.00	41284.00	0.00	0.00	45486.00	45486.00	0.00	0.00	0.00	0.00	34167.00	267.49	27.55
22	83105.00	52447.00	0.00	0.00	56354.00	56354.00	0.00	0.00	0.00	0.00	30658.00	228.78	20.43
23	89270.00	60772.00	0.00	0.00	64461.00	64461.00	0.00	0.00	0.00	0.00	28498.00	217.88	17.90
24	94222.00	67138.00	0.00	0.00	70499.00	70499.00	0.00	0.00	0.00	0.00	27084.00	198.96	14.96
25	96129.00	69628.00	0.00	0.00	73018.00	73018.00	0.00	0.00	0.00	0.00	26501.00	187.51	13.57
26	96880.00	70769.00	0.00	0.00	74106.00	74106.00	0.00	0.00	0.00	0.00	26111.00	174.64	13.81
27	96527.00	70401.00	0.00	0.00	73643.00	73643.00	0.00	0.00	0.00	0.00	26126.00	187.34	14.19
28	98457.00	73075.00	0.00	0.00	76558.00	76558.00	0.00	0.00	0.00	0.00	25382.00	175.96	13.83
29	97824.00	71993.00	0.00	0.00	75324.00	75324.00	0.00	0.00	0.00	0.00	25831.00	177.75	13.03
30	98909.00	73523.00	0.00	0.00	76770.00	76770.00	0.00	0.00	0.00	0.00	25386.00	170.15	13.11
31	98609.00	72942.00	0.00	0.00	76228.00	76228.00	0.00	0.00	0.00	0.00	25667.00	187.36	13.85
32	98438.00	72742.00	0.00	0.00	75943.00	75943.00	0.00	0.00	0.00	0.00	25696.00	169.93	13.08
33	98251.00	72792.00	0.00	0.00	76219.00	76219.00	0.00	0.00	0.00	0.00	25459.00	187.38	13.83
34	98006.00	72293.00	0.00	0.00	75641.00	75641.00	0.00	0.00	0.00	0.00	25713.00	183.58	13.94
35	98719.00	73138.00	0.00	0.00	76448.00	76448.00	0.00	0.00	0.00	0.00	25581.00	187.60	13.66
36	99063.00	73490.00	0.00	0.00	76810.00	76810.00	0.00	0.00	0.00	0.00	25573.00	170.21	12.75
37	99626.00	74492.00	0.00	0.00	77723.00	77723.00	0.00	0.00	0.00	0.00	25134.00	168.02	12.12
38	99243.00	73996.00	0.00	0.00	77293.00	77293.00	0.00	0.00	0.00	0.00	25247.00	173.86	13.18
39	98073.00	72613.00	0.00	0.00	75920.00	75920.00	0.00	0.00	0.00	0.00	25460.00	176.68	13.88
40	97684.00	72109.00	0.00	0.00	75532.00	75532.00	0.00	0.00	0.00	0.00	25575.00	177.27	13.93
41	98564.00	73105.00	0.00	0.00	76420.00	76420.00	0.00	0.00	0.00	0.00	25459.00	172.63	13.22
42	98611.00	72997.00	0.00	0.00	76215.00	76215.00	0.00	0.00	0.00	0.00	25614.00	178.71	13.88
43	98755.00	73347.00	0.00	0.00	76687.00	76687.00	0.00	0.00	0.00	0.00	25408.00	168.00	12.54
44	98604.00	73287.00	0.00	0.00	76455.00	76455.00	0.00	0.00	0.00	0.00	25317.00	169.21	13.09
45	98335.00	72849.00	0.00	0.00	76155.00	76155.00	0.00	0.00	0.00	0.00	25486.00	171.18	14.30
46	97808.00	72062.00	0.00	0.00	75298.00	75298.00	0.00	0.00	0.00	0.00	25746.00	187.44	14.54
47	99130.00	73826.00	0.00	0.00	77131.00	77131.00	0.00	0.00	0.00	0.00	25304.00	167.41	12.91
48	99039.00	73736.00	0.00	0.00	77033.00	77033.00	0.00	0.00	0.00	0.00	25303.00	170.11	12.98
49	99639.00	74401.00	0.00	0.00	77725.00	77725.00	0.00	0.00	0.00	0.00	25238.00	170.03	12.70
50	98794.00	73374.00	0.00	0.00	76542.00	76542.00	0.00	0.00	0.00	0.00	25420.00	173.37	13.58
51	98976.00	73873.00	0.00	0.00	77165.00	77165.00	0.00	0.00	0.00	0.00	25103.00	182.60	14.20
52	98434.00	72939.00	0.00	0.00	76263.00	76263.00	0.00	0.00	0.00	0.00	25495.00	188.38	14.09
53	99233.00	74183.00	0.00	0.00	77392.00	77392.00	0.00	0.00	0.00	0.00	25050.00	169.30	13.05
54	98780.00	73516.00	0.00	0.00	76791.00	76791.00	0.00	0.00	0.00	0.00	25264.00	168.46	12.85
55	69657.00	29394.00	0.00	0.00	34506.00	34505.00	0.00	0.00	0.00	0.00	40263.00	178.90	13.30
56	62167.00	17758.00	0.00	0.00	24547.00	24547.00	0.00	0.00	0.00	0.00	44409.00	493.23	61.84
57	65799.00	23473.00	0.00	0.00	30044.00	30044.00	0.00	0.00	0.00	0.00	42326.00	410.23	47.20
58	70233.00	30217.00	0.00	0.00	35550.00	35550.00	0.00	0.00	0.00	0.00	40016.00	348.77	35.80
59	74064.00	36392.00	0.00	0.00	40955.00	40955.00	0.00	0.00	0.00	0.00	37672.00	314.34	29.30
60	77341.00	41885.00	0.00	0.00	45921.00	45921.00	0.00	0.00	0.00	0.00	35456.00	273.58	25.75
61	81580.00	48932.00	0.00	0.00	52864.00	52864.00	0.00	0.00	0.00	0.00	32648.00	249.58	21.25
62	85439.00	55232.00	0.00	0.00	58897.00	58897.00	0.00	0.00	0.00	0.00	30207.00	225.18	17.94
63	88407.00	60176.00	0.00	0.00	63674.00	63674.00	0.00	0.00	0.00	0.00	28231.00	203.27	16.81
64	89241.00	61865.00	0.00	0.00	65176.00	65176.00	0.00	0.00	0.00	0.00	27376.00	189.82	16.53
65	88051.00	60906.00	0.00	0.00	64400.00	64400.00	0.00	0.00	0.00	0.00	27145.00	189.12	16.61
66	88403.00	61567.00	0.00	0.00	64983.00	64983.00	0.00	0.00	0.00	0.00	26836.00	188.97	16.29
67	89023.00	62177.00	0.00	0.00	65569.00	65569.00	0.00	0.00	0.00	0.00	26846.00	188.19	15.74
68	89528.00	63084.00	0.00	0.00	66545.00	66545.00	0.00	0.00	0.00	0.00	26444.00	180.36	15.75
69	88514.00	61535.00	0.00	0.00	64864.00	64864.00	0.00	0.00	0.00	0.00	26979.00	187.47	16.80
70	89041.00	62579.00	0.00	0.00	65913.00	65913.00	0.00	0.00	0.00	0.00	26462.00	191.06	16.10
71	88576.00	61911.00	0.00	0.00	65350.00	65350.00	0.00	0.00	0.00	0.00	26665.00	187.82	16.45
72	88532.00	61848.00	0.00	0.00	65140.00	65140.00	0.00	0.00	0.00	0.00	26684.00	188.68	16.11
73	88878.00	62330.00	0.00	0.00	65804.00	65804.00	0.00	0.00	0.00	0.00	26548.00	181.89	15.99
74	88818.00	62334.00	0.00	0.00	65720.00	65720.00	0.00	0.00	0.00	0.00	26484.00	179.51	15.79
75	87977.00	60915.00	0.00	0.00	64335.00	64335.00	0.00	0.00	0.00	0.00	27062.00	188.36	16.32
76	88704.00	62268.00	0.00	0.00	65711.00	65711.00	0.00	0.00	0.00	0.00	26436.00	170.63	15.45
77	88574.00	62265.00	0.00	0.00	65832.00	65832.00	0.00	0.00	0.00	0.00	26309.00	174.79	16.03
78	88271.00	61856.00	0.00	0.00	65450.00	65450.00	0.00	0.00	0.00	0.00	26415.00	187.30	16.23
79	89293.00	63033.00	0.00	0.00	66524.00	66524.00	0.00	0.00	0.00	0.00	26260.00	187.18	16.21
80	89356.00	63078.00	0.00	0.00	66439.00	66439.00	0.00	0.00	0.00	0.00	26278.00	175.90	15.44
81	88750.00	62318.00	0.00	0.00	65736.00	65736.00	0.00	0.00	0.00	0.00	26432.00	174.94	16.05
82	88337.00	61980.00	0.00	0.00	65454.00	65454.00	0.00	0.00	0.00	0.00	26357.00	176.34	15.78
83	87955.00	61330.00	0.00	0.00	64675.00	64675.00	0.00	0.00	0.00	0.00	26625.00	188.58	16.43
84	88777.00	62426.00	0.00	0.00	65928.00	65928.00	0.00	0.00	0.00	0.00	26351.00	179.28	15.87
85	89316.00	63099.00	0.00	0.00	66570.00	66570.00	0.00	0.00	0.00	0.00	26217.00	187.32	15.93
86	89225.00	63056.00	0.00	0.00	66594.00	66594.00	0.00	0.00	0.00	0.00	26169.00	176.61	15.76
87	88767.00	62218.00	0.00	0.00	65565.00	65565.00	0.00	0.00	0.00	0.00	26549.00	190.37	16.48
88	88181.00	61756.00	0.00	0.00	65188.00	65188.00	0.00	0.00	0.00	0.00	26425.00	180.90	15.86
89	87328.00	60446.00	0.00	0.00	64098.00	64098.00	0.00	0.00	0.00	0.00	26882.00	188.13	16.84
90	87680.00	61009.00	0.00	0.00	64410.00	64410.00	0.00	0.00	0.00	0.00	26671.00	188.73	16.53
91	88715.00	62420.00	0.00	0.00	65765.00	65765.00	0.00	0.00	0.00	0.00	26295.00	188.36	16.40
92	88992.00	62739.00	0.00	0.00	66151.00	66151.00	0.00	0.00	0.00	0.00	26253.00	186.94	15.74
93	88835.00	62542.00	0.00	0.00	66013.00	66013.00	0.00	0.00	0.00	0.00	26293.00	187.40	16.06
94	88524.00	62202.00	0.00	0.00	65715.00	65715.00	0.00	0.00	0.00	0.00	26322.00	187.51	15.84
95	62995.00	21519.00	0.00	0.00	26448.00	26447.00	0.00	0.00	0.00	0.00	41476.00	174.69	16.18
96	55435.00	9466.00	0.00	0.00	16177.00	16177.00	0.00	0.00	0.00	0.00	45969.00	548.89	108.82
97	58380.00	14269.00	0.00	0.00	21095.00	21095.00	0.00	0.00	0.00	0.00	44111.00	440.35	76.51
98	61629.00	19795.00	0.00	0.00	25621.00	25621.00	0.00	0.00	0.00	0.00	41834.00	371.05	56.19
99	65151.00	25713.00	0.00	0.00	30950.00	30950.00	0.00	0.00	0.00	0.00	39438.00	329.23	42.16
100	69228.00	32044.00	0.00	0.00	36344.00	36344.00	0.00	0.00	0.00	0.00	37184.00	297.11	33.40
101	73384.00	39200.00	0.00	0.00	43087.00	43087.00	0.00	0.00	0.00	0.00	34184.00	248.87	25.69
102	77070.00	45419.00	0.00	0.00	49092.00	49092.00	0.00	0.00	0.00	0.00	31651.00	228.54	23.19
103	79194.00	49291.00	0.00	0.00	52824.00	52824.00	0.00	0.00	0.00	0.00	29903.00	210.09	21.42
104	81187.00	52435.00	0.00	0.00	56220.00	56220.00	0.00	0.00	0.00	0.00	28752.00	194.01	18.43
105	82550.00	54354.00	0.00	0.00	57806.00	57806.00	0.00	0.00	0.00	0.00	28196.00	201.02	18.62
106	82881.00	54819.00	0.00	0.00	58301.00	58301.00	0.00	0.00	0.00	0.00	28062.00	191.97	19.31
107	83525.00	55747.00	0.00	0.00	59367.00	59367.00	0.00	0.00	0.00	0.00	27778.00	190.57	18.16
108	82792.00	54906.00	0.00	0.00	58456.00	58456.00	0.00	0.00	0.00	0.00	27886.00	192.11	18.37
109	83526.00	55912.00	0.00	0.00	59619.00	59619.00	0.00	0.00	0.00	0.00	27614.00	188.60	17.67
110	83530.00	55918.00	0.00	0.00	59426.00	59426.00	0.00	0.00	0.00	0.00	27612.00	188.90	17.65
111	83519.00	55899.00	0.00	0.00	59310.00	59310.00	0.00	0.00	0.00	0.00	27620.00	187.64	17.51
112	83590.00	56120.00	0.00	0.00	59514.00	59514.00	0.00	0.00	0.00	0.00	27470.00	191.96	18.34
113	83531.00	55919.00	0.00	0.00	59288.00	59288.00	0.00	0.00	0.00	0.00	27612.00	188.74	17.60
114	83830.00	56428.00	0.00	0.00	59941.00	59941.00	0.00	0.00	0.00	0.00	27402.00	190.19	18.06
115	83380.00	55823.00	0.00	0.00	59338.00	59338.00	0.00	0.00	0.00	0.00	27557.00	193.42	18.25
116	84178.00	56697.00	0.00	0.00	60067.00	60067.00	0.00	0.00	0.00	0.00	27481.00	191.03	17.53
117	83700.00	55990.00	0.00	0.00	59494.00	59494.00	0.00	0.00	0.00	0.00	27710.00	190.14	18.27
118	84112.00	56630.00	0.00	0.00	60068.00	60068.00	0.00	0.00	0.00	0.00	27482.00	188.82	17.08
119	84764.00	57485.00	0.00	0.00	60983.00	60983.00	0.00	0.00	0.00	0.00	27279.00	194.56	17.49
120	83552.00	56009.00	0.00	0.00	59503.00	59503.00	0.00	0.00	0.00	0.00	27543.00	192.98	17.73
121	83516.00	55858.00	0.00	0.00	59471.00	59471.00	0.00	0.00	0.00	0.00	27658.00	196.20	17.86
122	83892.00	56237.00	0.00	0.00	59675.00	59675.00	0.00	0.00	0.00	0.00	27655.00	188.89	17.96
123	83692.00	55976.00	0.00	0.00	59618.00	59618.00	0.00	0.00	0.00	0.00	27716.00	189.08	18.39
124	84007.00	56468.00	0.00	0.00	59964.00	59964.00	0.00	0.00	0.00	0.00	27539.00	189.06	17.53
125	84517.00	57056.00	0.00	0.00	60640.00	60640.00	0.00	0.00	0.00	0.00	27461.00	189.81	16.86
126	83583.00	55964.00	0.00	0.00	59560.00	59560.00	0.00	0.00	0.00	0.00	27619.00	192.24	18.12
127	83812.00	56453.00	0.00	0.00	60013.00	60013.00	0.00	0.00	0.00	0.00	27359.00	189.74	17.55
128	83777.00	56449.00	0.00	0.00	59923.00	59923.00	0.00	0.00	0.00	0.00	27328.00	190.51	18.20
129	83577.00	55941.00	0.00	0.00	59579.00	59579.00	0.00	0.00	0.00	0.00	27636.00	188.31	17.41
130	83559.00	56104.00	0.00	0.00	59633.00	59633.00	0.00	0.00	0.00	0.00	27455.00	190.93	18.19
131	83899.00	56428.00	0.00	0.00	59927.00	59927.00	0.00	0.00	0.00	0.00	27471.00	190.21	17.86
132	83463.00	56010.00	0.00	0.00	59703.00	59703.00	0.00	0.00	0.00	0.00	27453.00	188.38	17.54
133	82638.00	54844.00	0.00	0.00	58495.00	58495.00	0.00	0.00	0.00	0.00	27794.00	191.33	17.92
134	83283.00	55706.00	0.00	0.00	59339.00	59339.00	0.00	0.00	0.00	0.00	27577.00	188.36	17.90
135	109432.00	93439.00	0.00	0.00	95769.00	95768.00	0.00	0.00	0.00	0.00	15993.00	176.37	17.09
136	146215.00	146138.00	0.00	0.00	146215.00	146215.00	0.00	0.00	0.00	0.00	77.00	9.31	6.92
137	145418.00	145283.00	0.00	0.00	145418.00	145418.00	0.00	0.00	0.00	0.00	135.00	9.39	6.97
138	145682.00	145614.00	0.00	0.00	145682.00	145682.00	0.00	0.00	0.00	0.00	68.00	9.39	6.53
139	145843.00	145701.00	0.00	0.00	145843.00	145843.00	0.00	0.00	0.00	0.00	142.00	8.91	6.31
140	145968.00	145888.00	0.00	0.00	145968.00	145968.00	0.00	0.00	0.00	0.00	80.00	9.23	6.77
141	146001.00	145905.00	0.00	0.00	146001.00	146001.00	0.00	0.00	0.00	0.00	96.00	9.39	6.88
142	145903.00	145828.00	0.00	0.00	145903.00	145903.00	0.00	0.00	0.00	0.00	75.00	9.61	6.88
143	146164.00	146085.00	0.00	0.00	146164.00	146164.00	0.00	0.00	0.00	0.00	79.00	9.28	6.44
144	146547.00	146377.00	0.00	0.00	146547.00	146547.00	0.00	0.00	0.00	0.00	170.00	8.76	6.24
145	146927.00	146838.00	0.00	0.00	146927.00	146927.00	0.00	0.00	0.00	0.00	89.00	9.14	6.60
146	146514.00	146418.00	0.00	0.00	146514.00	146514.00	0.00	0.00	0.00	0.00	96.00	9.29	6.87
147	146298.00	146211.00	0.00	0.00	146298.00	146298.00	0.00	0.00	0.00	0.00	87.00	9.50	6.87
148	146570.00	146475.00	0.00	0.00	146570.00	146570.00	0.00	0.00	0.00	0.00	95.00	9.38	6.43
149	148300.00	148178.00	0.00	0.00	148300.00	148300.00	0.00	0.00	0.00	0.00	122.00	8.70	6.15
150	146129.00	146012.00	0.00	0.00	146129.00	146129.00	0.00	0.00	0.00	0.00	117.00	9.13	6.47
151	146551.00	146427.00	0.00	0.00	146551.00	146551.00	0.00	0.00	0.00	0.00	124.00	8.94	6.57
152	146568.00	146417.00	0.00	0.00	146568.00	146568.00	0.00	0.00	0.00	0.00	151.00	8.97	6.64
153	146090.00	145938.00	0.00	0.00	146090.00	146090.00	0.00	0.00	0.00	0.00	152.00	8.87	6.64
154	146434.00	146305.00	0.00	0.00	146434.00	146434.00	0.00	0.00	0.00	0.00	129.00	8.94	6.72
155	146155.00	146050.00	0.00	0.00	146155.00	146155.00	0.00	0.00	0.00	0.00	105.00	8.86	6.63
156	147155.00	147039.00	0.00	0.00	147155.00	147155.00	0.00	0.00	0.00	0.00	116.00	8.90	6.59
157	146822.00	146738.00	0.00	0.00	146823.00	146823.00	0.00	0.00	0.00	0.00	84.00	8.88	6.53
158	147110.00	147000.00	0.00	0.00	147109.00	147109.00	0.00	0.00	0.00	0.00	110.00	8.87	6.70
159	146891.00	146736.00	0.00	0.00	146891.00	146891.00	0.00	0.00	0.00	0.00	155.00	8.90	6.60
160	0.00	0.00	0.00	0.00	0.00	0.00	0.00	0.00	0.00	0.00	0.00	8.93	6.69
