second	tx	tx_get	tx_put	tx_del	rx	rx_getSucc	rx_putSucc	rx_delSucc
2	62399808.00	0.00	0.00	0.00	17922004.00	17921986.00	0.00	0.00	
3	54780344.00	0.00	0.00	0.00	36855736.00	36854384.00	0.00	0.00	
4	52127580.00	0.00	0.00	0.00	41450584.00	41450448.00	0.00	0.00	
5	52086584.00	0.00	0.00	0.00	42933940.00	42933936.00	0.00	0.00	
6	49777336.00	0.00	0.00	0.00	42153960.00	42153892.00	0.00	0.00	
7	50562648.00	0.00	0.00	0.00	42949072.00	42949040.00	0.00	0.00	
8	48206204.00	0.00	0.00	0.00	41666864.00	41666816.00	0.00	0.00	
9	48008260.00	0.00	0.00	0.00	41647964.00	41647952.00	0.00	0.00	
10	48942296.00	0.00	0.00	0.00	42298128.00	42298112.00	0.00	0.00	
11	50584508.00	0.00	0.00	0.00	43537112.00	43537096.00	0.00	0.00	
12	52587396.00	0.00	0.00	0.00	44175504.00	44175464.00	0.00	0.00	
13	52523448.00	0.00	0.00	0.00	44193452.00	44193424.00	0.00	0.00	
14	52464776.00	0.00	0.00	0.00	44245492.00	44245500.00	0.00	0.00	
15	52413492.00	0.00	0.00	0.00	44252584.00	44252560.00	0.00	0.00	
16	52226576.00	0.00	0.00	0.00	44210452.00	44210456.00	0.00	0.00	
17	52469912.00	0.00	0.00	0.00	44232652.00	44232620.00	0.00	0.00	
18	52354636.00	0.00	0.00	0.00	44245232.00	44245240.00	0.00	0.00	
19	52377792.00	0.00	0.00	0.00	44239320.00	44239312.00	0.00	0.00	
20	52369884.00	0.00	0.00	0.00	44243264.00	44243236.00	0.00	0.00	
21	52691600.00	0.00	0.00	0.00	44240176.00	44240140.00	0.00	0.00	
22	52187608.00	0.00	0.00	0.00	44245732.00	44245736.00	0.00	0.00	
23	52660520.00	0.00	0.00	0.00	44259856.00	44259832.00	0.00	0.00	
24	52281440.00	0.00	0.00	0.00	44238144.00	44238144.00	0.00	0.00	
25	52627240.00	0.00	0.00	0.00	44204428.00	44204408.00	0.00	0.00	
26	52428860.00	0.00	0.00	0.00	44216888.00	44216844.00	0.00	0.00	
27	52198912.00	0.00	0.00	0.00	44221220.00	44221212.00	0.00	0.00	
28	51656744.00	0.00	0.00	0.00	43862452.00	43862428.00	0.00	0.00	
29	52209736.00	0.00	0.00	0.00	44228912.00	44228928.00	0.00	0.00	
30	52355440.00	0.00	0.00	0.00	44247880.00	44247864.00	0.00	0.00	
31	52327416.00	0.00	0.00	0.00	44233324.00	44233284.00	0.00	0.00	
32	52608088.00	0.00	0.00	0.00	44219792.00	44219792.00	0.00	0.00	
33	52211672.00	0.00	0.00	0.00	44138176.00	44138164.00	0.00	0.00	
34	51836192.00	0.00	0.00	0.00	43953680.00	43953684.00	0.00	0.00	
35	51894656.00	0.00	0.00	0.00	44034240.00	44034208.00	0.00	0.00	
36	51857420.00	0.00	0.00	0.00	44026460.00	44026416.00	0.00	0.00	
37	52326056.00	0.00	0.00	0.00	44197884.00	44197888.00	0.00	0.00	
38	52440056.00	0.00	0.00	0.00	44212852.00	44212856.00	0.00	0.00	
39	52219988.00	0.00	0.00	0.00	44245684.00	44245668.00	0.00	0.00	
40	52560660.00	0.00	0.00	0.00	44243308.00	44243232.00	0.00	0.00	
41	52257884.00	0.00	0.00	0.00	44251704.00	44251696.00	0.00	0.00	
42	52294408.00	0.00	0.00	0.00	44158504.00	44158512.00	0.00	0.00	
43	52502072.00	0.00	0.00	0.00	44250060.00	44250052.00	0.00	0.00	
44	52363264.00	0.00	0.00	0.00	44232392.00	44232312.00	0.00	0.00	
45	52257724.00	0.00	0.00	0.00	44236424.00	44236448.00	0.00	0.00	
46	52240944.00	0.00	0.00	0.00	44209396.00	44209380.00	0.00	0.00	
47	52550184.00	0.00	0.00	0.00	44229388.00	44229388.00	0.00	0.00	
48	52297216.00	0.00	0.00	0.00	44231916.00	44231896.00	0.00	0.00	
49	52187920.00	0.00	0.00	0.00	44230400.00	44230384.00	0.00	0.00	
50	52382720.00	0.00	0.00	0.00	44237344.00	44237340.00	0.00	0.00	
51	52072332.00	0.00	0.00	0.00	38944432.00	38943292.00	0.00	0.00	
52	50602920.00	0.00	0.00	0.00	42350972.00	42350800.00	0.00	0.00	
53	50279096.00	0.00	0.00	0.00	43701544.00	43701440.00	0.00	0.00	
54	49980952.00	0.00	0.00	0.00	43874288.00	43874224.00	0.00	0.00	
55	50193724.00	0.00	0.00	0.00	43962100.00	43962048.00	0.00	0.00	
56	49968244.00	0.00	0.00	0.00	44042556.00	44042552.00	0.00	0.00	
57	50273584.00	0.00	0.00	0.00	44121480.00	44121404.00	0.00	0.00	
58	50090676.00	0.00	0.00	0.00	44174972.00	44174936.00	0.00	0.00	
59	49828684.00	0.00	0.00	0.00	44159160.00	44159120.00	0.00	0.00	
60	49924576.00	0.00	0.00	0.00	44207840.00	44207864.00	0.00	0.00	
61	49999252.00	0.00	0.00	0.00	44196812.00	44196744.00	0.00	0.00	
62	49859160.00	0.00	0.00	0.00	44229240.00	44229260.00	0.00	0.00	
63	49852232.00	0.00	0.00	0.00	44205584.00	44205564.00	0.00	0.00	
64	49872816.00	0.00	0.00	0.00	44193824.00	44193820.00	0.00	0.00	
65	49970888.00	0.00	0.00	0.00	44181844.00	44181808.00	0.00	0.00	
66	50080736.00	0.00	0.00	0.00	44277580.00	44277552.00	0.00	0.00	
67	49964960.00	0.00	0.00	0.00	44218356.00	44218284.00	0.00	0.00	
68	49838520.00	0.00	0.00	0.00	44197488.00	44197520.00	0.00	0.00	
69	49879748.00	0.00	0.00	0.00	44209876.00	44209824.00	0.00	0.00	
70	50094944.00	0.00	0.00	0.00	44233428.00	44233484.00	0.00	0.00	
71	54829852.00	0.00	0.00	0.00	33106236.00	33105118.00	0.00	0.00	
72	50591740.00	0.00	0.00	0.00	42743112.00	42742964.00	0.00	0.00	
73	49572780.00	0.00	0.00	0.00	43262264.00	43262200.00	0.00	0.00	
74	48147644.00	0.00	0.00	0.00	42810936.00	42810904.00	0.00	0.00	
75	50037220.00	0.00	0.00	0.00	43754840.00	43754800.00	0.00	0.00	
76	50362988.00	0.00	0.00	0.00	44073568.00	44073448.00	0.00	0.00	
77	50259800.00	0.00	0.00	0.00	44152232.00	44152232.00	0.00	0.00	
78	50366836.00	0.00	0.00	0.00	44169008.00	44169004.00	0.00	0.00	
79	50549688.00	0.00	0.00	0.00	44211312.00	44211264.00	0.00	0.00	
80	50169112.00	0.00	0.00	0.00	44211000.00	44211000.00	0.00	0.00	
81	50138576.00	0.00	0.00	0.00	44220224.00	44220200.00	0.00	0.00	
82	50343712.00	0.00	0.00	0.00	44263824.00	44263824.00	0.00	0.00	
83	50394048.00	0.00	0.00	0.00	44277156.00	44277128.00	0.00	0.00	
84	50245776.00	0.00	0.00	0.00	44263896.00	44263876.00	0.00	0.00	
85	50484412.00	0.00	0.00	0.00	44241244.00	44241232.00	0.00	0.00	
86	50117036.00	0.00	0.00	0.00	44189604.00	44189616.00	0.00	0.00	
87	50468456.00	0.00	0.00	0.00	44224580.00	44224560.00	0.00	0.00	
88	50261560.00	0.00	0.00	0.00	44256280.00	44256252.00	0.00	0.00	
89	50374768.00	0.00	0.00	0.00	44260440.00	44260392.00	0.00	0.00	
90	50243324.00	0.00	0.00	0.00	44237672.00	44237708.00	0.00	0.00	
91	52864472.00	0.00	0.00	0.00	37634736.00	37633652.00	0.00	0.00	
92	50918224.00	0.00	0.00	0.00	43117480.00	43117368.00	0.00	0.00	
93	50693168.00	0.00	0.00	0.00	43803312.00	43803224.00	0.00	0.00	
94	50643792.00	0.00	0.00	0.00	43914736.00	43914660.00	0.00	0.00	
95	50621900.00	0.00	0.00	0.00	44046048.00	44046028.00	0.00	0.00	
96	50734528.00	0.00	0.00	0.00	44088744.00	44088712.00	0.00	0.00	
97	50472196.00	0.00	0.00	0.00	44158956.00	44158900.00	0.00	0.00	
98	50498944.00	0.00	0.00	0.00	44188624.00	44188616.00	0.00	0.00	
99	50474344.00	0.00	0.00	0.00	44217332.00	44217276.00	0.00	0.00	
100	50445836.00	0.00	0.00	0.00	44242848.00	44242848.00	0.00	0.00	
101	50762268.00	0.00	0.00	0.00	44239044.00	44239020.00	0.00	0.00	
102	50413104.00	0.00	0.00	0.00	44226984.00	44226920.00	0.00	0.00	
103	50456432.00	0.00	0.00	0.00	44232224.00	44232236.00	0.00	0.00	
104	50562776.00	0.00	0.00	0.00	44210104.00	44210072.00	0.00	0.00	
105	50427492.00	0.00	0.00	0.00	44281348.00	44281340.00	0.00	0.00	
106	50415924.00	0.00	0.00	0.00	44256364.00	44256288.00	0.00	0.00	
107	50357132.00	0.00	0.00	0.00	44240528.00	44240496.00	0.00	0.00	
108	50612176.00	0.00	0.00	0.00	44258424.00	44258468.00	0.00	0.00	
109	50395216.00	0.00	0.00	0.00	44239504.00	44239456.00	0.00	0.00	
110	50619664.00	0.00	0.00	0.00	44245688.00	44245684.00	0.00	0.00	
111	53273088.00	0.00	0.00	0.00	37086272.00	37085188.00	0.00	0.00	
112	50965168.00	0.00	0.00	0.00	43070996.00	43070836.00	0.00	0.00	
113	50864940.00	0.00	0.00	0.00	43789248.00	43789176.00	0.00	0.00	
114	50832912.00	0.00	0.00	0.00	43922648.00	43922572.00	0.00	0.00	
115	50820992.00	0.00	0.00	0.00	44033952.00	44033952.00	0.00	0.00	
116	50607400.00	0.00	0.00	0.00	44109824.00	44109812.00	0.00	0.00	
117	50502080.00	0.00	0.00	0.00	44151108.00	44151056.00	0.00	0.00	
118	50537016.00	0.00	0.00	0.00	44181316.00	44181264.00	0.00	0.00	
119	50463032.00	0.00	0.00	0.00	44237504.00	44237492.00	0.00	0.00	
120	50644636.00	0.00	0.00	0.00	44251816.00	44251804.00	0.00	0.00	
121	50488376.00	0.00	0.00	0.00	44231120.00	44231072.00	0.00	0.00	
122	50750952.00	0.00	0.00	0.00	44247904.00	44247856.00	0.00	0.00	
123	50377508.00	0.00	0.00	0.00	44236224.00	44236232.00	0.00	0.00	
124	50732024.00	0.00	0.00	0.00	44268824.00	44268832.00	0.00	0.00	
125	50607440.00	0.00	0.00	0.00	44237240.00	44237228.00	0.00	0.00	
126	50667304.00	0.00	0.00	0.00	44263564.00	44263540.00	0.00	0.00	
127	50498360.00	0.00	0.00	0.00	44257792.00	44257768.00	0.00	0.00	
128	50760680.00	0.00	0.00	0.00	44259964.00	44259952.00	0.00	0.00	
129	50671744.00	0.00	0.00	0.00	44271932.00	44271912.00	0.00	0.00	
130	50597200.00	0.00	0.00	0.00	44242816.00	44242796.00	0.00	0.00	
131	60435248.00	0.00	0.00	0.00	21072944.00	21072956.00	0.00	0.00	
132	52770244.00	0.00	0.00	0.00	39207920.00	39206800.00	0.00	0.00	
133	51140332.00	0.00	0.00	0.00	43202948.00	43202844.00	0.00	0.00	
134	50974648.00	0.00	0.00	0.00	43804524.00	43804412.00	0.00	0.00	
135	50829016.00	0.00	0.00	0.00	43939344.00	43939312.00	0.00	0.00	
136	50724804.00	0.00	0.00	0.00	44032580.00	44032532.00	0.00	0.00	
137	50753840.00	0.00	0.00	0.00	44067888.00	44067812.00	0.00	0.00	
138	50804212.00	0.00	0.00	0.00	44161624.00	44161580.00	0.00	0.00	
139	50796084.00	0.00	0.00	0.00	44192512.00	44192512.00	0.00	0.00	
140	50911760.00	0.00	0.00	0.00	44200908.00	44200860.00	0.00	0.00	
141	50698892.00	0.00	0.00	0.00	44196000.00	44195984.00	0.00	0.00	
142	50819232.00	0.00	0.00	0.00	44261268.00	44261224.00	0.00	0.00	
143	50731380.00	0.00	0.00	0.00	44258232.00	44258256.00	0.00	0.00	
144	50718384.00	0.00	0.00	0.00	44246008.00	44245988.00	0.00	0.00	
145	50631628.00	0.00	0.00	0.00	44231004.00	44230984.00	0.00	0.00	
146	50698296.00	0.00	0.00	0.00	44247936.00	44247904.00	0.00	0.00	
147	50620952.00	0.00	0.00	0.00	44250256.00	44250212.00	0.00	0.00	
148	50793440.00	0.00	0.00	0.00	44266728.00	44266732.00	0.00	0.00	
149	50733208.00	0.00	0.00	0.00	44250140.00	44250128.00	0.00	0.00	
150	50685800.00	0.00	0.00	0.00	44247220.00	44247220.00	0.00	0.00	
151	60327796.00	0.00	0.00	0.00	22057768.00	22056936.00	0.00	0.00	
152	52069004.00	0.00	0.00	0.00	40482572.00	40482136.00	0.00	0.00	
153	51240600.00	0.00	0.00	0.00	43404860.00	43404748.00	0.00	0.00	
154	51008680.00	0.00	0.00	0.00	43831424.00	43831352.00	0.00	0.00	
155	50780968.00	0.00	0.00	0.00	43959356.00	43959324.00	0.00	0.00	
156	51063576.00	0.00	0.00	0.00	44041472.00	44041428.00	0.00	0.00	
157	50733960.00	0.00	0.00	0.00	44113804.00	44113728.00	0.00	0.00	
158	50617772.00	0.00	0.00	0.00	44171776.00	44171812.00	0.00	0.00	
159	50588104.00	0.00	0.00	0.00	44190080.00	44190000.00	0.00	0.00	
160	50971768.00	0.00	0.00	0.00	44221552.00	44221544.00	0.00	0.00	
161	50672172.00	0.00	0.00	0.00	44237712.00	44237668.00	0.00	0.00	
162	50727200.00	0.00	0.00	0.00	44252700.00	44252680.00	0.00	0.00	
163	50945852.00	0.00	0.00	0.00	44239020.00	44239024.00	0.00	0.00	
164	50762128.00	0.00	0.00	0.00	44246608.00	44246588.00	0.00	0.00	
165	50707240.00	0.00	0.00	0.00	44271064.00	44271020.00	0.00	0.00	
166	51009568.00	0.00	0.00	0.00	44269656.00	44269684.00	0.00	0.00	
167	50566228.00	0.00	0.00	0.00	44243440.00	44243384.00	0.00	0.00	
168	50724252.00	0.00	0.00	0.00	44226012.00	44226004.00	0.00	0.00	
169	50676760.00	0.00	0.00	0.00	44261600.00	44261568.00	0.00	0.00	
170	50795648.00	0.00	0.00	0.00	44254920.00	44254948.00	0.00	0.00	
171	57710040.00	0.00	0.00	0.00	26887900.00	26886848.00	0.00	0.00	
172	51788900.00	0.00	0.00	0.00	41822120.00	41821924.00	0.00	0.00	
173	51245364.00	0.00	0.00	0.00	43639716.00	43639624.00	0.00	0.00	
174	51084404.00	0.00	0.00	0.00	43849720.00	43849624.00	0.00	0.00	
175	50927536.00	0.00	0.00	0.00	43961452.00	43961424.00	0.00	0.00	
176	50918452.00	0.00	0.00	0.00	44055832.00	44055784.00	0.00	0.00	
177	50921800.00	0.00	0.00	0.00	44092392.00	44092400.00	0.00	0.00	
178	50727304.00	0.00	0.00	0.00	44178948.00	44178872.00	0.00	0.00	
179	50881532.00	0.00	0.00	0.00	44218824.00	44218784.00	0.00	0.00	
180	50759092.00	0.00	0.00	0.00	44234904.00	44234892.00	0.00	0.00	
181	50638976.00	0.00	0.00	0.00	44247144.00	44247140.00	0.00	0.00	
182	50822144.00	0.00	0.00	0.00	44217260.00	44217280.00	0.00	0.00	
183	50970696.00	0.00	0.00	0.00	44260644.00	44260608.00	0.00	0.00	
184	50841632.00	0.00	0.00	0.00	44239740.00	44239720.00	0.00	0.00	
185	50915440.00	0.00	0.00	0.00	44211216.00	44211200.00	0.00	0.00	
186	50816932.00	0.00	0.00	0.00	44253432.00	44253368.00	0.00	0.00	
187	50644016.00	0.00	0.00	0.00	44242944.00	44242960.00	0.00	0.00	
188	50843972.00	0.00	0.00	0.00	44240944.00	44240956.00	0.00	0.00	
189	50973740.00	0.00	0.00	0.00	44257172.00	44257128.00	0.00	0.00	
190	50833660.00	0.00	0.00	0.00	44224420.00	44224384.00	0.00	0.00	
191	55362368.00	0.00	0.00	0.00	32438864.00	32437906.00	0.00	0.00	
192	51393760.00	0.00	0.00	0.00	42658648.00	42658472.00	0.00	0.00	
193	51184672.00	0.00	0.00	0.00	43740024.00	43739908.00	0.00	0.00	
194	50925216.00	0.00	0.00	0.00	43920716.00	43920716.00	0.00	0.00	
195	51037408.00	0.00	0.00	0.00	44021472.00	44021420.00	0.00	0.00	
196	50947140.00	0.00	0.00	0.00	44074392.00	44074288.00	0.00	0.00	
197	51190144.00	0.00	0.00	0.00	44153712.00	44153648.00	0.00	0.00	
198	50824804.00	0.00	0.00	0.00	44180176.00	44180192.00	0.00	0.00	
199	50993996.00	0.00	0.00	0.00	44206884.00	44206824.00	0.00	0.00	
200	0.00	0.00	0.00	0.00	0.00	0.00	0.00	0.00	
