second	tx	tx_get	tx_put	tx_del	rx	rx_getSucc	rx_putSucc	rx_delSucc
2	62355160.00	0.00	0.00	0.00	17966580.00	17966568.00	0.00	0.00	
3	62985648.00	0.00	0.00	0.00	17982498.00	17982508.00	0.00	0.00	
4	62690848.00	0.00	0.00	0.00	17961966.00	17961940.00	0.00	0.00	
5	63199264.00	0.00	0.00	0.00	17982060.00	17982084.00	0.00	0.00	
6	63004192.00	0.00	0.00	0.00	17971632.00	17971632.00	0.00	0.00	
7	63003264.00	0.00	0.00	0.00	17979344.00	17979344.00	0.00	0.00	
8	62816332.00	0.00	0.00	0.00	17991650.00	17991650.00	0.00	0.00	
9	62768352.00	0.00	0.00	0.00	17977812.00	17977808.00	0.00	0.00	
10	62513816.00	0.00	0.00	0.00	17984896.00	17984900.00	0.00	0.00	
11	56373396.00	0.00	0.00	0.00	24517412.00	24516212.00	0.00	0.00	
12	52912516.00	0.00	0.00	0.00	42930100.00	42929908.00	0.00	0.00	
13	52665540.00	0.00	0.00	0.00	43999484.00	43999404.00	0.00	0.00	
14	52405192.00	0.00	0.00	0.00	44209880.00	44209712.00	0.00	0.00	
15	52326160.00	0.00	0.00	0.00	44265252.00	44265008.00	0.00	0.00	
16	52264772.00	0.00	0.00	0.00	44268608.00	44268480.00	0.00	0.00	
17	52479684.00	0.00	0.00	0.00	44318296.00	44318188.00	0.00	0.00	
18	52631868.00	0.00	0.00	0.00	44298776.00	44298732.00	0.00	0.00	
19	52394624.00	0.00	0.00	0.00	44305456.00	44305392.00	0.00	0.00	
20	52385676.00	0.00	0.00	0.00	44299328.00	44299216.00	0.00	0.00	
21	52501676.00	0.00	0.00	0.00	44262940.00	44262948.00	0.00	0.00	
22	52433632.00	0.00	0.00	0.00	44287552.00	44287484.00	0.00	0.00	
23	52436920.00	0.00	0.00	0.00	44288632.00	44288616.00	0.00	0.00	
24	52630524.00	0.00	0.00	0.00	44293520.00	44293380.00	0.00	0.00	
25	52235428.00	0.00	0.00	0.00	44316772.00	44316680.00	0.00	0.00	
26	52317096.00	0.00	0.00	0.00	44296660.00	44296640.00	0.00	0.00	
27	52549964.00	0.00	0.00	0.00	44295216.00	44295100.00	0.00	0.00	
28	52513992.00	0.00	0.00	0.00	44297296.00	44297232.00	0.00	0.00	
29	52125020.00	0.00	0.00	0.00	44290384.00	44290320.00	0.00	0.00	
30	52344152.00	0.00	0.00	0.00	44286972.00	44286936.00	0.00	0.00	
31	52645648.00	0.00	0.00	0.00	44288916.00	44288884.00	0.00	0.00	
32	52639720.00	0.00	0.00	0.00	44293952.00	44293864.00	0.00	0.00	
33	52230992.00	0.00	0.00	0.00	44287592.00	44287536.00	0.00	0.00	
34	52527488.00	0.00	0.00	0.00	44283764.00	44283708.00	0.00	0.00	
35	52406224.00	0.00	0.00	0.00	44299616.00	44299592.00	0.00	0.00	
36	52520652.00	0.00	0.00	0.00	44299104.00	44299024.00	0.00	0.00	
37	52606644.00	0.00	0.00	0.00	44288992.00	44288920.00	0.00	0.00	
38	52360392.00	0.00	0.00	0.00	44294736.00	44294676.00	0.00	0.00	
39	52581392.00	0.00	0.00	0.00	44270840.00	44270792.00	0.00	0.00	
40	52374908.00	0.00	0.00	0.00	44274128.00	44274088.00	0.00	0.00	
41	52492016.00	0.00	0.00	0.00	44295532.00	44295452.00	0.00	0.00	
42	52414568.00	0.00	0.00	0.00	44289752.00	44289704.00	0.00	0.00	
43	52363360.00	0.00	0.00	0.00	44293292.00	44293184.00	0.00	0.00	
44	52527664.00	0.00	0.00	0.00	44297440.00	44297440.00	0.00	0.00	
45	52499976.00	0.00	0.00	0.00	44285948.00	44285908.00	0.00	0.00	
46	52208516.00	0.00	0.00	0.00	44291576.00	44291520.00	0.00	0.00	
47	52604484.00	0.00	0.00	0.00	44291640.00	44291604.00	0.00	0.00	
48	52513936.00	0.00	0.00	0.00	44291732.00	44291648.00	0.00	0.00	
49	52448216.00	0.00	0.00	0.00	44302680.00	44302668.00	0.00	0.00	
50	52605480.00	0.00	0.00	0.00	44311496.00	44311440.00	0.00	0.00	
51	52225640.00	0.00	0.00	0.00	38078060.00	38076780.00	0.00	0.00	
52	50292736.00	0.00	0.00	0.00	43965604.00	43965080.00	0.00	0.00	
53	50093236.00	0.00	0.00	0.00	44156600.00	44156232.00	0.00	0.00	
54	50061644.00	0.00	0.00	0.00	44196748.00	44196512.00	0.00	0.00	
55	49727652.00	0.00	0.00	0.00	44184556.00	44184420.00	0.00	0.00	
56	50043720.00	0.00	0.00	0.00	44252636.00	44252520.00	0.00	0.00	
57	49730216.00	0.00	0.00	0.00	44222580.00	44222496.00	0.00	0.00	
58	49777768.00	0.00	0.00	0.00	44244476.00	44244384.00	0.00	0.00	
59	49942824.00	0.00	0.00	0.00	44251928.00	44251904.00	0.00	0.00	
60	50068680.00	0.00	0.00	0.00	44263412.00	44263308.00	0.00	0.00	
61	49927892.00	0.00	0.00	0.00	44253060.00	44253020.00	0.00	0.00	
62	49783604.00	0.00	0.00	0.00	44213152.00	44213076.00	0.00	0.00	
63	50021424.00	0.00	0.00	0.00	44257176.00	44257052.00	0.00	0.00	
64	49892096.00	0.00	0.00	0.00	44254872.00	44254840.00	0.00	0.00	
65	49954560.00	0.00	0.00	0.00	44242052.00	44241940.00	0.00	0.00	
66	50006496.00	0.00	0.00	0.00	44239992.00	44239880.00	0.00	0.00	
67	49823140.00	0.00	0.00	0.00	44191180.00	44191076.00	0.00	0.00	
68	49881208.00	0.00	0.00	0.00	44237272.00	44237188.00	0.00	0.00	
69	49977456.00	0.00	0.00	0.00	44225960.00	44225884.00	0.00	0.00	
70	49913768.00	0.00	0.00	0.00	44232728.00	44232680.00	0.00	0.00	
71	53073160.00	0.00	0.00	0.00	37750984.00	37749712.00	0.00	0.00	
72	50641364.00	0.00	0.00	0.00	44000716.00	44000288.00	0.00	0.00	
73	50585356.00	0.00	0.00	0.00	44185276.00	44185000.00	0.00	0.00	
74	50255552.00	0.00	0.00	0.00	44232836.00	44232696.00	0.00	0.00	
75	50234380.00	0.00	0.00	0.00	44229520.00	44229388.00	0.00	0.00	
76	50471488.00	0.00	0.00	0.00	44294036.00	44293948.00	0.00	0.00	
77	50321704.00	0.00	0.00	0.00	44268648.00	44268600.00	0.00	0.00	
78	50413284.00	0.00	0.00	0.00	44280228.00	44280168.00	0.00	0.00	
79	50284296.00	0.00	0.00	0.00	44240948.00	44240900.00	0.00	0.00	
80	50213488.00	0.00	0.00	0.00	44260024.00	44260016.00	0.00	0.00	
81	50315432.00	0.00	0.00	0.00	44277144.00	44277072.00	0.00	0.00	
82	50334984.00	0.00	0.00	0.00	44244424.00	44244376.00	0.00	0.00	
83	50201724.00	0.00	0.00	0.00	44207856.00	44207828.00	0.00	0.00	
84	50216472.00	0.00	0.00	0.00	44246660.00	44246568.00	0.00	0.00	
85	50486140.00	0.00	0.00	0.00	44284280.00	44284216.00	0.00	0.00	
86	50328004.00	0.00	0.00	0.00	44290900.00	44290864.00	0.00	0.00	
87	50217352.00	0.00	0.00	0.00	44265556.00	44265512.00	0.00	0.00	
88	50341032.00	0.00	0.00	0.00	44291192.00	44291164.00	0.00	0.00	
89	50287188.00	0.00	0.00	0.00	44273992.00	44273936.00	0.00	0.00	
90	50232628.00	0.00	0.00	0.00	44261532.00	44261464.00	0.00	0.00	
91	52619148.00	0.00	0.00	0.00	38984284.00	38982868.00	0.00	0.00	
92	50654812.00	0.00	0.00	0.00	44026272.00	44025888.00	0.00	0.00	
93	50703836.00	0.00	0.00	0.00	44180756.00	44180456.00	0.00	0.00	
94	50472324.00	0.00	0.00	0.00	44249600.00	44249448.00	0.00	0.00	
95	50580640.00	0.00	0.00	0.00	44266196.00	44266084.00	0.00	0.00	
96	50555844.00	0.00	0.00	0.00	44277632.00	44277556.00	0.00	0.00	
97	50845812.00	0.00	0.00	0.00	44304296.00	44304216.00	0.00	0.00	
98	50615224.00	0.00	0.00	0.00	44302300.00	44302272.00	0.00	0.00	
99	50540664.00	0.00	0.00	0.00	44286992.00	44286872.00	0.00	0.00	
100	50414220.00	0.00	0.00	0.00	44267552.00	44267488.00	0.00	0.00	
101	50408388.00	0.00	0.00	0.00	44251188.00	44251152.00	0.00	0.00	
102	50524900.00	0.00	0.00	0.00	44272708.00	44272628.00	0.00	0.00	
103	50422780.00	0.00	0.00	0.00	44262356.00	44262324.00	0.00	0.00	
104	50777320.00	0.00	0.00	0.00	44267880.00	44267796.00	0.00	0.00	
105	50573512.00	0.00	0.00	0.00	44246764.00	44246688.00	0.00	0.00	
106	50498872.00	0.00	0.00	0.00	44294508.00	44294396.00	0.00	0.00	
107	50563888.00	0.00	0.00	0.00	44270164.00	44270132.00	0.00	0.00	
108	50484380.00	0.00	0.00	0.00	44265540.00	44265532.00	0.00	0.00	
109	50521928.00	0.00	0.00	0.00	44291728.00	44291636.00	0.00	0.00	
110	50529148.00	0.00	0.00	0.00	44243544.00	44243520.00	0.00	0.00	
111	51691828.00	0.00	0.00	0.00	41330544.00	41329140.00	0.00	0.00	
112	50684912.00	0.00	0.00	0.00	43981400.00	43981000.00	0.00	0.00	
113	50649896.00	0.00	0.00	0.00	44186188.00	44185880.00	0.00	0.00	
114	50442568.00	0.00	0.00	0.00	44232372.00	44232148.00	0.00	0.00	
115	50616924.00	0.00	0.00	0.00	44266616.00	44266564.00	0.00	0.00	
116	50609736.00	0.00	0.00	0.00	44290764.00	44290700.00	0.00	0.00	
117	50584264.00	0.00	0.00	0.00	44306972.00	44306868.00	0.00	0.00	
118	50602752.00	0.00	0.00	0.00	44279400.00	44279380.00	0.00	0.00	
119	50626208.00	0.00	0.00	0.00	44300952.00	44300928.00	0.00	0.00	
120	50727276.00	0.00	0.00	0.00	44298600.00	44298548.00	0.00	0.00	
121	50763492.00	0.00	0.00	0.00	44256092.00	44256024.00	0.00	0.00	
122	50731256.00	0.00	0.00	0.00	44290952.00	44290844.00	0.00	0.00	
123	50544624.00	0.00	0.00	0.00	44289360.00	44289328.00	0.00	0.00	
124	50512180.00	0.00	0.00	0.00	44276628.00	44276600.00	0.00	0.00	
125	50804836.00	0.00	0.00	0.00	44283764.00	44283748.00	0.00	0.00	
126	50592528.00	0.00	0.00	0.00	44293256.00	44293200.00	0.00	0.00	
127	50636376.00	0.00	0.00	0.00	44300248.00	44300152.00	0.00	0.00	
128	50876764.00	0.00	0.00	0.00	44282752.00	44282752.00	0.00	0.00	
129	50546340.00	0.00	0.00	0.00	44270720.00	44270656.00	0.00	0.00	
130	50657808.00	0.00	0.00	0.00	44291192.00	44291088.00	0.00	0.00	
131	53287656.00	0.00	0.00	0.00	37852144.00	37850884.00	0.00	0.00	
132	50916704.00	0.00	0.00	0.00	43995160.00	43994760.00	0.00	0.00	
133	50863792.00	0.00	0.00	0.00	44176536.00	44176180.00	0.00	0.00	
134	50549328.00	0.00	0.00	0.00	44221024.00	44220844.00	0.00	0.00	
135	50965100.00	0.00	0.00	0.00	44268700.00	44268604.00	0.00	0.00	
136	50767528.00	0.00	0.00	0.00	44281228.00	44281132.00	0.00	0.00	
137	50722368.00	0.00	0.00	0.00	44307136.00	44307072.00	0.00	0.00	
138	50701168.00	0.00	0.00	0.00	44293868.00	44293840.00	0.00	0.00	
139	50861616.00	0.00	0.00	0.00	44278992.00	44278924.00	0.00	0.00	
140	50657380.00	0.00	0.00	0.00	44301032.00	44301016.00	0.00	0.00	
141	50851348.00	0.00	0.00	0.00	44287416.00	44287360.00	0.00	0.00	
142	50673112.00	0.00	0.00	0.00	44268552.00	44268464.00	0.00	0.00	
143	50839264.00	0.00	0.00	0.00	44280152.00	44280104.00	0.00	0.00	
144	50668064.00	0.00	0.00	0.00	44267128.00	44267092.00	0.00	0.00	
145	50809048.00	0.00	0.00	0.00	44282644.00	44282560.00	0.00	0.00	
146	50924496.00	0.00	0.00	0.00	44255008.00	44254948.00	0.00	0.00	
147	50689272.00	0.00	0.00	0.00	44306020.00	44305996.00	0.00	0.00	
148	50728744.00	0.00	0.00	0.00	44308984.00	44308872.00	0.00	0.00	
149	50771968.00	0.00	0.00	0.00	44303420.00	44303384.00	0.00	0.00	
150	50655648.00	0.00	0.00	0.00	44300756.00	44300672.00	0.00	0.00	
151	53572388.00	0.00	0.00	0.00	37724168.00	37722896.00	0.00	0.00	
152	50966036.00	0.00	0.00	0.00	44010532.00	44010072.00	0.00	0.00	
153	50927172.00	0.00	0.00	0.00	44175504.00	44175252.00	0.00	0.00	
154	50774396.00	0.00	0.00	0.00	44258124.00	44257872.00	0.00	0.00	
155	50908048.00	0.00	0.00	0.00	44264528.00	44264452.00	0.00	0.00	
156	50793204.00	0.00	0.00	0.00	44260680.00	44260608.00	0.00	0.00	
157	50947448.00	0.00	0.00	0.00	44277388.00	44277328.00	0.00	0.00	
158	50760596.00	0.00	0.00	0.00	44302280.00	44302216.00	0.00	0.00	
159	50694968.00	0.00	0.00	0.00	44315832.00	44315800.00	0.00	0.00	
160	50665316.00	0.00	0.00	0.00	44272488.00	44272456.00	0.00	0.00	
161	51043520.00	0.00	0.00	0.00	44297244.00	44297216.00	0.00	0.00	
162	50769944.00	0.00	0.00	0.00	44269952.00	44269880.00	0.00	0.00	
163	50923688.00	0.00	0.00	0.00	44294740.00	44294632.00	0.00	0.00	
164	50924224.00	0.00	0.00	0.00	44309608.00	44309608.00	0.00	0.00	
165	50962184.00	0.00	0.00	0.00	44310148.00	44310120.00	0.00	0.00	
166	50826000.00	0.00	0.00	0.00	44304636.00	44304568.00	0.00	0.00	
167	50720864.00	0.00	0.00	0.00	44311620.00	44311488.00	0.00	0.00	
168	50823812.00	0.00	0.00	0.00	44292764.00	44292760.00	0.00	0.00	
169	50854920.00	0.00	0.00	0.00	44306992.00	44306876.00	0.00	0.00	
170	50996144.00	0.00	0.00	0.00	44321864.00	44321852.00	0.00	0.00	
171	52525796.00	0.00	0.00	0.00	40356316.00	40354936.00	0.00	0.00	
172	51018368.00	0.00	0.00	0.00	44020704.00	44020312.00	0.00	0.00	
173	50873028.00	0.00	0.00	0.00	44185464.00	44185184.00	0.00	0.00	
174	50821384.00	0.00	0.00	0.00	44256112.00	44255952.00	0.00	0.00	
175	50945164.00	0.00	0.00	0.00	44277008.00	44276888.00	0.00	0.00	
176	50908460.00	0.00	0.00	0.00	44261100.00	44260968.00	0.00	0.00	
177	51127960.00	0.00	0.00	0.00	44263288.00	44263256.00	0.00	0.00	
178	50816996.00	0.00	0.00	0.00	44275300.00	44275264.00	0.00	0.00	
179	50766912.00	0.00	0.00	0.00	44301176.00	44301160.00	0.00	0.00	
180	50939036.00	0.00	0.00	0.00	44295180.00	44295080.00	0.00	0.00	
181	51020440.00	0.00	0.00	0.00	44278656.00	44278604.00	0.00	0.00	
182	50697640.00	0.00	0.00	0.00	44287800.00	44287756.00	0.00	0.00	
183	50858864.00	0.00	0.00	0.00	44311048.00	44310984.00	0.00	0.00	
184	50845824.00	0.00	0.00	0.00	44311240.00	44311212.00	0.00	0.00	
185	50990464.00	0.00	0.00	0.00	44287356.00	44287276.00	0.00	0.00	
186	50810080.00	0.00	0.00	0.00	44274804.00	44274684.00	0.00	0.00	
187	50916164.00	0.00	0.00	0.00	44292436.00	44292376.00	0.00	0.00	
188	50791732.00	0.00	0.00	0.00	44283824.00	44283792.00	0.00	0.00	
189	51029396.00	0.00	0.00	0.00	44311312.00	44311256.00	0.00	0.00	
190	50824616.00	0.00	0.00	0.00	44295400.00	44295344.00	0.00	0.00	
191	51775568.00	0.00	0.00	0.00	41588956.00	41587628.00	0.00	0.00	
192	51097020.00	0.00	0.00	0.00	44027576.00	44027216.00	0.00	0.00	
193	50759152.00	0.00	0.00	0.00	44199060.00	44198756.00	0.00	0.00	
194	51057712.00	0.00	0.00	0.00	44260648.00	44260464.00	0.00	0.00	
195	50820144.00	0.00	0.00	0.00	44259812.00	44259740.00	0.00	0.00	
196	51078604.00	0.00	0.00	0.00	44295640.00	44295536.00	0.00	0.00	
197	50704880.00	0.00	0.00	0.00	44275648.00	44275600.00	0.00	0.00	
198	51165160.00	0.00	0.00	0.00	44310712.00	44310600.00	0.00	0.00	
199	50800324.00	0.00	0.00	0.00	44293200.00	44293196.00	0.00	0.00	
200	0.00	0.00	0.00	0.00	0.00	0.00	0.00	0.00	
